Type,Age,Breed1,Breed2,Gender,Color1,Color2,Color3,MaturitySize,FurLength,Vaccinated,Dewormed,Sterilized,Health,Quantity,Fee,State,VideoAmt,PhotoAmt,desc_length,desc_words,average_word_length
0,3,3,0,0,0,3,1,0,0,0,0,0,0,1,0,0,0,1.0,298,52,5.730769230769231
1,2,2,3,0,1,2,0,1,1,2,2,0,0,1,0,0,0,4.0,12,2,6.0
0,4,26,6,1,0,6,1,1,1,0,0,0,0,1,0,0,0,2.0,213,37,5.756756756756757
1,4,2,0,0,6,4,0,1,0,0,0,0,1,1,30,0,4,6.0,840,162,5.185185185185185
1,24,114,3,1,1,2,0,1,0,2,2,2,0,1,0,0,0,3.0,302,57,5.298245614035087
0,2,3,0,0,1,3,1,1,1,0,0,0,0,2,0,1,0,5.0,600,115,5.217391304347826
1,2,2,4,1,0,0,0,1,0,2,2,2,0,1,0,0,0,8.0,264,46,5.739130434782608
0,3,4,0,0,0,6,0,0,2,0,0,0,0,1,150,0,0,3.0,164,36,4.555555555555555
1,1,25,38,2,0,1,0,0,0,0,2,0,0,2,0,1,0,5.0,36,5,7.2
1,1,2,0,1,1,2,0,1,1,0,0,0,0,1,0,3,0,1.0,105,15,7.0
1,24,5,7,0,5,2,0,1,2,2,2,2,0,1,0,0,1,4.0,292,53,5.509433962264151
0,24,3,0,0,0,2,0,1,0,0,0,2,0,1,0,1,0,4.0,550,108,5.092592592592593
0,6,36,23,1,1,3,1,0,0,0,2,0,0,2,0,0,0,1.0,554,116,4.775862068965517
0,1,24,0,1,0,1,1,0,1,0,0,0,0,1,0,0,1,3.0,171,31,5.516129032258065
0,6,1,0,1,1,4,3,1,2,1,1,0,0,1,0,5,0,3.0,400,72,5.555555555555555
1,2,2,0,1,2,2,0,1,0,0,0,0,0,1,0,0,0,8.0,894,154,5.805194805194805
1,2,2,0,1,0,1,0,1,0,1,1,0,0,1,0,0,0,2.0,138,25,5.52
1,54,34,2,0,5,2,0,1,1,2,2,2,0,1,0,0,0,2.0,82,15,5.466666666666667
1,3,2,3,1,1,0,0,1,0,1,2,1,0,1,200,1,0,2.0,78,18,4.333333333333333
0,12,3,101,1,6,3,1,0,0,2,2,2,0,1,0,3,0,1.0,992,199,4.984924623115578
0,3,1,0,1,0,5,1,0,1,0,0,0,0,1,0,0,0,1.0,449,87,5.160919540229885
1,3,2,0,1,1,6,0,1,1,0,2,0,0,1,0,0,1,1.0,26,5,5.2
0,2,3,20,0,3,0,0,0,0,0,0,0,0,1,0,5,0,2.0,269,50,5.38
1,2,2,0,1,0,1,0,1,0,2,2,0,0,2,0,1,0,11.0,252,47,5.361702127659575
1,1,13,3,0,0,0,0,1,1,0,0,0,0,1,0,1,0,13.0,893,165,5.412121212121212
1,3,2,0,1,0,1,5,2,0,1,1,1,0,2,0,3,0,1.0,97,18,5.388888888888889
1,2,2,0,1,1,0,0,1,0,0,0,0,0,1,0,0,0,1.0,181,37,4.891891891891892
1,24,2,3,1,1,0,0,2,0,0,0,1,0,1,0,1,0,3.0,383,79,4.848101265822785
0,16,4,9,2,0,3,1,1,0,0,0,0,0,3,0,0,0,5.0,411,78,5.269230769230769
1,6,2,0,1,0,0,0,1,0,2,2,2,0,1,0,1,0,2.0,519,111,4.675675675675675
1,6,2,0,0,1,0,0,1,0,2,2,0,0,1,0,1,0,3.0,39,8,4.875
1,5,28,3,0,1,2,0,1,0,0,2,0,0,1,0,0,0,1.0,171,33,5.181818181818182
1,11,2,0,0,2,2,0,2,0,2,2,0,0,1,0,2,0,4.0,445,86,5.174418604651163
1,2,13,3,1,4,4,0,1,1,0,0,0,0,1,0,0,0,7.0,50,9,5.555555555555555
0,0,3,0,2,0,2,0,0,0,0,0,0,0,5,0,1,0,2.0,321,62,5.17741935483871
1,2,2,0,1,1,2,0,1,1,2,2,0,0,1,0,2,0,1.0,225,41,5.487804878048781
1,10,2,0,1,1,0,0,1,0,2,2,2,0,1,50,0,0,2.0,138,23,6.0
1,84,9,0,0,1,3,1,0,2,2,2,2,0,1,200,0,0,3.0,317,56,5.660714285714286
1,6,48,33,1,0,0,0,0,0,0,2,0,0,1,0,1,0,5.0,363,62,5.854838709677419
0,2,3,0,0,0,0,0,0,0,0,0,0,0,1,0,0,0,4.0,5798,1153,5.0286209887250655
0,1,30,0,1,1,6,1,1,0,2,2,0,0,1,0,0,0,8.0,344,60,5.733333333333333
0,3,0,6,1,0,1,2,1,1,0,2,0,0,1,0,0,0,5.0,345,63,5.476190476190476
0,4,1,0,1,0,3,1,1,1,2,2,2,0,2,0,1,0,19.0,401,77,5.207792207792208
0,18,3,0,1,3,2,0,0,0,2,1,2,0,1,30,6,0,2.0,336,69,4.869565217391305
1,10,2,3,0,1,2,0,1,0,2,2,0,0,1,0,1,0,13.0,344,63,5.4603174603174605
1,24,18,0,1,3,0,0,2,1,1,1,2,1,1,300,0,0,3.0,1847,333,5.546546546546547
0,0,10,26,2,1,4,0,1,0,0,0,0,1,3,0,0,0,1.0,112,27,4.148148148148148
1,24,34,0,0,2,2,0,0,0,2,2,1,0,1,600,0,0,3.0,295,60,4.916666666666667
1,48,2,3,1,0,2,0,1,0,0,0,0,0,1,0,1,0,4.0,859,136,6.3161764705882355
0,1,3,0,2,0,5,1,1,0,0,2,0,0,4,0,7,0,4.0,215,36,5.972222222222222
0,1,3,0,1,6,0,0,1,0,0,0,0,0,2,0,0,0,3.0,163,31,5.258064516129032
1,87,9,0,1,1,0,0,0,2,1,1,1,1,1,0,8,0,1.0,269,51,5.2745098039215685
0,3,3,0,1,0,3,0,1,0,2,2,0,0,1,0,1,0,3.0,275,45,6.111111111111111
0,2,3,0,0,0,1,1,1,1,0,0,0,0,1,0,0,0,7.0,711,124,5.733870967741935
0,2,1,0,1,3,2,0,1,1,0,0,0,0,1,0,0,0,6.0,79,13,6.076923076923077
1,12,2,0,0,0,2,0,1,0,1,1,1,0,2,0,1,0,3.0,16,3,5.333333333333333
0,4,0,0,0,0,1,0,0,0,2,2,0,0,1,200,5,0,6.0,918,174,5.275862068965517
0,3,0,8,0,2,3,0,1,0,0,2,0,0,1,0,1,0,12.0,1691,308,5.490259740259741
1,1,2,0,2,0,4,1,0,0,0,0,0,0,6,0,1,0,2.0,245,48,5.104166666666667
1,24,2,0,1,1,2,0,1,0,2,2,2,0,1,0,0,0,4.0,260,46,5.6521739130434785
0,2,1,9,1,4,3,0,0,1,0,0,0,0,2,0,3,0,3.0,93,16,5.8125
1,3,2,0,1,0,1,0,1,1,0,0,0,0,1,0,0,0,0.0,216,35,6.171428571428572
0,2,3,8,0,6,3,1,0,0,0,2,0,0,2,200,0,1,6.0,348,53,6.566037735849057
1,7,2,0,1,0,1,2,1,0,2,2,2,0,1,0,0,0,5.0,356,48,7.416666666666667
1,2,8,3,0,0,1,0,1,1,0,2,0,0,1,150,1,0,11.0,306,55,5.5636363636363635
1,17,2,0,0,0,1,0,1,0,0,0,0,0,1,0,5,0,6.0,168,25,6.72
0,8,64,5,1,3,2,0,1,0,1,2,0,0,1,0,12,0,4.0,430,67,6.417910447761194
0,4,36,8,0,3,2,0,1,1,0,0,0,0,1,100,0,0,1.0,28,5,5.6
1,12,2,0,1,0,1,0,2,0,2,2,2,0,1,0,0,0,2.0,247,50,4.94
0,1,3,0,2,0,2,0,0,0,0,2,2,0,5,0,0,0,0.0,71,10,7.1
1,15,13,0,1,5,2,0,0,1,2,0,1,0,1,1,0,0,2.0,68,11,6.181818181818182
1,60,53,0,0,5,2,0,0,2,2,2,2,0,1,0,0,0,2.0,579,115,5.034782608695652
1,14,2,0,1,0,1,0,1,0,2,2,0,0,1,0,1,0,1.0,26,5,5.2
0,2,10,6,1,1,4,1,0,1,0,0,0,0,1,100,0,0,2.0,122,22,5.545454545454546
0,2,1,6,1,3,2,0,1,1,0,2,0,0,1,0,1,0,3.0,155,26,5.961538461538462
1,5,2,0,1,0,2,0,1,0,2,2,0,0,1,0,1,0,2.0,147,25,5.88
1,4,43,3,0,0,1,5,2,1,0,2,0,0,1,0,0,0,12.0,1160,215,5.395348837209302
1,36,34,0,0,1,2,0,0,1,1,1,0,0,1,0,0,0,3.0,192,39,4.923076923076923
0,2,3,0,0,0,5,1,0,0,0,0,0,0,1,0,0,1,6.0,21,4,5.25
1,2,57,0,0,0,0,0,2,0,2,2,0,0,1,300,5,0,4.0,234,49,4.775510204081633
0,2,1,0,1,0,2,0,1,1,0,0,0,0,1,0,0,0,1.0,151,23,6.565217391304348
1,2,2,11,1,1,4,0,1,0,2,2,2,0,1,0,2,0,1.0,963,190,5.068421052631579
1,20,2,0,0,1,2,0,1,0,2,2,2,0,1,0,3,0,2.0,220,43,5.116279069767442
0,34,7,0,1,2,3,1,0,1,1,1,1,0,1,0,5,0,5.0,218,38,5.7368421052631575
1,2,2,0,1,0,0,0,1,0,0,2,0,0,1,100,0,0,2.0,651,125,5.208
0,1,3,0,1,6,0,0,1,0,0,2,0,0,1,0,1,0,3.0,49,8,6.125
1,3,2,0,2,0,4,1,1,0,2,2,0,0,2,0,0,0,4.0,589,114,5.166666666666667
0,2,1,0,1,0,5,2,1,1,0,2,0,0,1,0,0,0,3.0,421,69,6.101449275362318
1,60,2,0,0,1,2,0,1,1,1,2,2,0,1,0,1,0,6.0,718,123,5.837398373983739
1,12,98,0,1,4,2,0,0,1,1,1,1,0,1,0,1,0,0.0,293,54,5.425925925925926
0,2,3,0,0,0,0,0,1,1,0,2,0,0,1,0,0,0,4.0,638,120,5.316666666666666
1,2,2,0,1,2,2,0,1,0,0,2,0,0,1,0,7,0,7.0,798,158,5.050632911392405
1,3,2,0,0,1,2,0,1,1,0,1,1,0,1,100,9,0,1.0,62,10,6.2
0,3,0,0,1,3,2,0,1,1,0,2,0,0,1,0,0,0,1.0,174,35,4.9714285714285715
0,2,3,0,1,0,2,0,0,0,2,2,0,0,1,0,1,0,5.0,156,30,5.2
0,10,3,0,2,4,3,1,0,1,0,0,2,0,7,0,13,0,3.0,104,21,4.9523809523809526
0,7,3,0,0,0,3,0,1,0,2,2,2,0,1,0,0,0,1.0,95,21,4.523809523809524
0,1,3,0,0,0,1,5,1,0,0,0,0,0,1,0,1,0,1.0,84,15,5.6
1,42,9,0,0,2,2,0,0,1,2,2,2,0,1,0,0,0,6.0,1132,231,4.9004329004329
1,5,2,0,0,4,2,0,1,0,2,2,0,0,1,0,0,0,2.0,311,65,4.7846153846153845
1,3,2,0,0,0,1,0,0,0,2,2,0,0,1,0,0,0,3.0,477,90,5.3
0,84,4,0,1,2,3,1,1,2,1,1,1,1,1,0,1,0,2.0,322,60,5.366666666666666
1,1,2,0,1,2,2,0,1,0,2,2,0,0,1,0,0,0,4.0,239,39,6.128205128205129
1,48,57,0,0,0,0,0,1,0,2,2,2,1,1,0,0,0,4.0,439,75,5.8533333333333335
1,2,2,0,0,5,2,0,1,0,1,2,0,0,1,0,1,0,7.0,111,18,6.166666666666667
1,60,2,0,0,0,4,1,1,0,2,2,2,0,1,0,1,0,3.0,404,81,4.987654320987654
0,2,3,0,1,0,0,0,1,0,2,2,0,0,1,0,1,0,12.0,316,62,5.096774193548387
1,12,2,0,2,0,1,0,0,0,1,1,1,0,3,0,0,0,3.0,128,23,5.565217391304348
0,5,1,0,0,0,2,0,1,1,1,1,1,0,1,0,0,0,1.0,25,5,5.0
1,15,2,0,1,0,1,4,1,0,2,2,2,0,1,0,1,0,4.0,364,69,5.27536231884058
1,2,2,0,1,1,4,1,1,1,2,2,0,0,1,100,0,0,2.0,40,6,6.666666666666667
1,7,51,3,1,0,1,0,1,0,2,2,0,0,1,0,0,0,5.0,173,29,5.9655172413793105
1,2,2,3,1,6,2,0,1,0,0,2,0,0,2,0,5,0,4.0,569,90,6.322222222222222
1,4,2,0,1,0,1,2,1,1,2,2,0,0,1,0,0,0,6.0,662,138,4.797101449275362
1,1,2,3,0,0,2,0,1,1,0,2,0,0,1,0,0,0,3.0,12,2,6.0
0,3,3,0,0,6,0,0,0,0,2,2,2,0,1,0,1,0,7.0,112,19,5.894736842105263
1,2,8,3,1,0,2,0,1,0,0,0,0,0,1,0,1,0,1.0,58,9,6.444444444444445
0,1,3,0,2,0,0,0,1,0,0,0,0,0,4,0,0,0,3.0,346,64,5.40625
0,6,1,0,1,4,0,0,1,1,2,2,2,0,1,0,0,0,13.0,509,96,5.302083333333333
0,6,3,0,1,0,5,0,1,0,0,0,0,0,1,0,0,0,2.0,130,27,4.814814814814815
1,60,2,0,1,0,2,0,1,1,2,2,2,0,1,0,0,0,11.0,471,95,4.957894736842105
1,1,2,0,2,0,1,1,0,0,0,0,0,0,6,0,3,0,2.0,47,11,4.2727272727272725
0,0,0,9,0,4,5,0,1,0,0,2,0,0,1,0,0,0,13.0,537,94,5.712765957446808
0,12,3,0,0,1,0,0,1,1,0,0,0,0,1,0,1,0,0.0,52,8,6.5
0,1,3,0,0,0,0,0,1,0,0,2,0,0,1,0,1,0,4.0,813,158,5.1455696202531644
0,41,1,0,1,0,0,0,1,1,2,2,2,0,1,0,1,0,6.0,455,92,4.945652173913044
0,5,3,26,1,1,6,0,0,0,0,2,0,0,1,0,0,0,12.0,175,34,5.147058823529412
0,4,26,6,1,1,5,1,1,1,2,2,0,0,1,150,0,0,1.0,483,92,5.25
0,6,172,0,0,4,0,0,1,1,0,2,0,0,1,0,1,0,9.0,1967,380,5.176315789473684
1,7,2,0,1,2,0,0,1,0,2,2,2,0,1,0,0,0,4.0,310,56,5.535714285714286
1,9,34,0,0,1,2,0,0,1,2,2,0,0,1,0,0,0,3.0,271,46,5.891304347826087
1,1,2,0,2,0,1,0,0,1,0,0,2,0,2,0,9,0,3.0,329,64,5.140625
0,2,3,26,2,1,6,3,0,0,0,0,0,0,2,0,3,1,8.0,2765,478,5.7845188284518825
1,3,2,3,0,0,2,0,1,0,0,0,0,0,1,0,0,0,5.0,211,41,5.146341463414634
0,7,3,0,1,0,0,0,1,0,2,2,2,0,1,0,0,0,5.0,269,52,5.173076923076923
1,3,2,0,1,1,2,0,0,0,0,2,0,0,1,0,0,0,5.0,248,47,5.276595744680851
1,1,5,3,1,0,2,0,1,2,0,2,0,0,1,0,1,0,6.0,70,15,4.666666666666667
1,1,2,0,1,0,0,0,1,0,2,2,1,0,2,0,2,0,5.0,137,27,5.074074074074074
0,5,10,10,1,0,0,0,1,0,2,2,0,0,1,100,0,0,1.0,82,16,5.125
0,1,59,0,2,0,1,5,1,2,0,2,1,0,2,250,0,0,0.0,154,26,5.923076923076923
1,120,9,0,0,1,0,0,1,0,2,2,1,1,1,0,0,0,2.0,141,31,4.548387096774194
1,3,2,0,2,0,1,1,1,0,2,2,2,0,4,0,2,0,3.0,327,60,5.45
0,0,3,0,2,1,4,1,1,1,0,0,1,0,3,0,1,0,2.0,419,82,5.109756097560975
1,26,2,0,1,0,2,0,1,0,2,2,2,0,1,0,0,0,2.0,187,34,5.5
0,3,85,44,0,1,5,1,0,1,0,1,0,0,2,0,5,0,2.0,524,95,5.515789473684211
1,2,13,3,0,1,2,0,1,0,2,2,2,0,5,0,0,0,3.0,524,106,4.943396226415095
1,3,39,3,0,0,1,1,1,0,2,2,1,0,1,0,0,0,2.0,251,46,5.456521739130435
1,3,2,89,1,1,2,0,1,1,0,2,2,0,1,50,0,0,6.0,340,59,5.762711864406779
0,12,3,0,0,0,1,5,1,0,0,0,0,0,1,0,0,0,3.0,466,86,5.4186046511627906
0,1,12,0,0,3,2,0,1,0,0,0,0,0,1,0,1,0,5.0,470,89,5.280898876404494
0,3,3,0,0,0,3,1,1,0,0,0,0,0,1,0,0,0,5.0,141,24,5.875
1,2,2,63,1,1,2,0,1,1,2,2,0,0,1,0,1,0,2.0,109,22,4.954545454545454
0,3,56,0,1,0,0,0,0,0,1,1,1,0,1,0,0,0,7.0,313,53,5.90566037735849
0,2,3,0,2,0,4,3,0,0,2,2,0,0,2,80,1,0,15.0,1723,283,6.088339222614841
0,0,3,0,2,0,6,1,0,0,0,0,0,0,4,0,1,0,3.0,114,19,6.0
1,3,2,0,0,1,0,0,1,1,2,2,0,0,1,0,0,0,2.0,63,10,6.3
0,2,3,0,1,0,5,0,1,0,0,0,0,0,1,0,1,0,2.0,1567,285,5.4982456140350875
1,12,2,0,0,0,1,0,1,0,1,1,1,0,1,0,2,0,5.0,518,104,4.980769230769231
1,36,18,0,2,0,3,1,2,1,2,2,0,0,2,0,1,0,1.0,1297,237,5.472573839662447
1,60,23,3,1,0,2,0,1,2,2,2,2,0,1,0,5,0,3.0,289,52,5.5576923076923075
0,3,3,0,1,0,2,0,0,0,0,0,0,0,1,0,0,0,2.0,179,32,5.59375
0,4,7,6,0,5,2,0,2,2,0,2,0,0,1,150,0,0,4.0,630,116,5.431034482758621
0,24,99,0,0,6,4,0,2,1,2,2,2,0,1,0,0,0,5.0,198,35,5.6571428571428575
0,17,7,6,0,6,0,0,1,1,0,2,1,0,1,0,5,0,1.0,45,8,5.625
1,0,2,0,2,0,1,1,1,1,1,1,1,0,7,0,0,0,5.0,84,16,5.25
1,52,9,0,0,1,6,1,1,0,2,2,0,0,1,0,0,0,2.0,636,126,5.0476190476190474
1,84,9,0,1,1,6,1,0,0,2,2,0,0,1,0,0,0,1.0,145,27,5.37037037037037
0,7,17,22,0,0,1,0,1,0,2,2,0,0,4,0,3,0,2.0,530,96,5.520833333333333
1,2,2,0,1,0,1,0,1,0,0,0,0,0,3,0,5,0,3.0,305,62,4.919354838709677
0,3,49,0,2,0,1,1,1,0,0,0,0,0,4,0,0,0,4.0,51,11,4.636363636363637
1,2,83,3,2,1,4,0,0,1,1,1,1,0,2,100,3,0,2.0,163,32,5.09375
0,4,10,0,1,1,3,1,2,1,0,0,0,0,1,100,0,0,3.0,280,42,6.666666666666667
0,12,26,23,1,0,1,4,1,1,0,2,2,0,2,0,0,0,6.0,408,73,5.589041095890411
1,2,2,0,2,0,4,1,1,0,2,2,0,0,7,0,0,1,8.0,205,36,5.694444444444445
0,2,36,0,2,0,6,1,0,1,0,2,0,0,2,0,0,0,3.0,66,13,5.076923076923077
1,12,2,3,0,1,6,0,1,0,2,2,1,0,1,0,1,0,5.0,188,39,4.82051282051282
1,0,2,0,2,0,1,0,0,0,0,0,0,0,9,0,0,0,4.0,955,185,5.162162162162162
1,0,2,0,0,2,2,0,0,0,0,0,0,0,2,0,9,0,5.0,50,8,6.25
0,2,31,8,2,0,0,0,0,1,0,0,0,0,2,0,0,0,5.0,113,19,5.947368421052632
1,60,19,0,1,3,2,0,1,1,2,2,2,0,1,0,0,0,1.0,662,135,4.9037037037037035
1,17,2,0,1,0,2,0,0,0,2,2,2,0,1,80,0,0,6.0,488,101,4.8316831683168315
1,5,2,3,2,0,0,0,1,0,1,1,0,1,2,0,0,0,5.0,1017,189,5.380952380952381
1,2,2,0,1,0,1,0,1,0,1,2,0,0,1,0,0,0,4.0,51,8,6.375
1,11,2,11,0,1,2,0,2,0,0,2,0,0,1,0,8,0,1.0,222,41,5.414634146341464
1,18,51,0,0,1,2,0,0,0,2,2,2,0,1,0,1,0,1.0,439,81,5.419753086419753
0,3,4,0,1,0,1,2,2,2,2,2,0,0,1,50,0,0,2.0,658,126,5.222222222222222
1,2,2,0,1,1,2,0,1,0,0,2,0,0,1,0,3,0,3.0,106,21,5.0476190476190474
1,2,2,0,1,0,2,0,1,0,2,2,0,0,1,0,0,0,5.0,90,17,5.294117647058823
0,15,1,0,2,0,6,1,1,1,0,1,1,0,2,0,0,0,9.0,173,32,5.40625
0,2,4,10,1,0,1,1,1,2,0,0,0,0,3,0,0,0,12.0,192,38,5.052631578947368
1,2,2,3,1,4,2,0,1,0,2,2,0,0,2,150,1,0,5.0,344,64,5.375
1,48,28,0,0,0,1,0,0,1,2,2,1,0,1,0,0,0,4.0,497,93,5.344086021505376
0,2,3,0,1,3,0,0,1,0,2,2,2,0,1,0,0,0,4.0,220,43,5.116279069767442
0,8,77,0,1,0,3,1,1,0,1,0,2,0,2,0,2,0,3.0,329,63,5.222222222222222
1,12,2,0,1,2,0,0,1,0,0,0,2,0,1,0,0,0,8.0,453,81,5.592592592592593
1,3,2,0,1,2,2,0,1,1,0,0,0,0,1,0,0,0,6.0,379,71,5.338028169014085
1,13,9,0,1,0,0,0,1,1,2,2,0,0,1,0,1,0,1.0,170,32,5.3125
1,1,2,0,0,0,1,0,1,0,1,2,0,0,1,0,0,0,2.0,89,17,5.235294117647059
1,3,8,3,1,1,4,0,1,0,0,2,0,0,1,0,3,0,11.0,47,9,5.222222222222222
1,4,2,3,2,1,0,0,1,1,2,2,0,0,2,0,0,0,12.0,334,50,6.68
0,6,10,6,1,1,4,1,0,1,2,2,0,0,1,0,0,0,2.0,765,140,5.464285714285714
0,2,3,0,0,0,3,0,0,0,0,0,0,0,1,0,1,0,3.0,82,17,4.823529411764706
0,6,3,0,0,1,4,3,1,0,0,0,1,0,1,0,0,0,1.0,61,13,4.6923076923076925
0,1,1,0,2,0,2,0,1,1,0,2,0,0,3,0,3,0,4.0,47,11,4.2727272727272725
0,4,1,0,1,0,3,1,1,1,0,0,0,0,1,0,1,0,1.0,519,100,5.19
0,24,3,0,1,3,2,0,0,1,2,2,0,0,1,0,0,0,5.0,53,8,6.625
1,2,18,0,2,1,2,0,2,1,2,2,0,0,3,250,5,0,4.0,17,3,5.666666666666667
1,36,2,0,0,1,4,1,1,1,2,2,2,0,1,0,2,0,4.0,901,176,5.119318181818182
1,1,2,0,1,0,2,0,1,1,0,0,0,0,1,0,3,0,1.0,133,22,6.045454545454546
1,6,20,3,0,1,2,0,1,1,1,1,1,0,1,0,0,0,4.0,205,35,5.857142857142857
0,28,92,0,2,5,2,0,1,0,0,0,0,0,4,0,0,1,4.0,456,83,5.493975903614458
1,27,2,3,1,1,0,0,1,1,0,0,0,0,1,0,0,0,3.0,182,31,5.870967741935484
0,84,3,0,1,3,0,0,1,0,2,2,2,0,1,0,0,0,1.0,246,48,5.125
0,8,10,0,2,0,5,1,1,0,2,2,1,0,2,0,12,0,5.0,538,72,7.472222222222222
1,3,2,0,1,1,2,0,1,0,0,2,0,0,1,0,5,0,3.0,91,16,5.6875
0,120,3,0,1,0,2,0,0,0,1,1,2,0,1,0,1,0,1.0,326,68,4.794117647058823
1,2,2,0,0,1,0,0,0,0,2,2,0,0,1,0,0,0,6.0,285,56,5.089285714285714
1,3,72,0,0,1,4,0,0,1,2,2,0,0,1,0,10,0,2.0,98,19,5.157894736842105
1,3,2,0,1,1,2,0,1,0,2,2,2,0,1,0,0,0,20.0,369,64,5.765625
0,3,3,0,0,0,0,0,1,0,2,2,2,0,1,0,0,0,21.0,538,110,4.890909090909091
0,2,4,0,1,3,0,0,0,2,1,1,1,0,1,0,1,2,4.0,726,103,7.048543689320389
0,3,3,0,0,4,2,0,0,0,0,2,0,1,1,0,5,0,2.0,144,28,5.142857142857143
1,2,2,7,0,1,0,0,1,0,0,2,0,0,1,0,0,0,4.0,217,41,5.2926829268292686
0,4,3,0,1,4,5,1,1,0,0,0,0,0,1,0,1,0,3.0,581,108,5.37962962962963
0,11,3,0,1,3,0,0,1,0,2,2,2,0,1,0,1,0,5.0,136,25,5.44
1,4,2,0,1,0,2,0,1,0,2,2,1,0,1,0,3,0,2.0,171,35,4.885714285714286
0,1,3,10,1,0,0,0,0,1,0,2,0,0,1,0,1,0,2.0,397,79,5.025316455696203
1,2,2,0,1,0,2,0,1,0,2,2,0,0,1,0,0,0,3.0,757,131,5.778625954198473
1,9,2,0,0,0,1,0,1,0,0,0,2,0,1,0,0,0,3.0,126,21,6.0
1,2,55,0,1,5,2,0,1,1,2,0,2,0,1,0,1,0,6.0,94,20,4.7
0,12,1,26,0,0,1,3,1,1,1,1,1,1,1,0,1,0,3.0,823,157,5.24203821656051
1,11,2,0,0,1,0,0,1,0,2,2,2,0,1,150,0,0,3.0,138,29,4.758620689655173
1,12,34,3,1,0,2,0,0,1,1,1,0,0,1,1,3,0,1.0,72,11,6.545454545454546
1,5,2,0,0,1,4,1,1,0,1,1,1,0,1,10,0,0,3.0,152,27,5.62962962962963
1,2,2,50,1,0,1,1,1,0,0,2,0,0,1,0,0,0,1.0,285,48,5.9375
1,3,2,0,0,0,1,1,1,0,2,2,2,0,1,0,0,0,6.0,563,102,5.519607843137255
1,2,2,0,0,2,2,0,1,1,2,2,0,0,1,0,0,0,1.0,246,48,5.125
0,8,120,29,1,0,1,1,1,0,0,0,2,0,1,0,0,0,6.0,397,82,4.841463414634147
1,24,5,3,0,4,2,0,1,1,0,0,0,0,1,20,3,0,2.0,139,25,5.56
1,48,2,0,1,5,2,0,1,1,2,2,2,0,1,0,5,0,0.0,17,3,5.666666666666667
1,1,8,0,0,0,2,0,2,0,2,2,0,0,1,350,5,0,3.0,65,12,5.416666666666667
1,6,2,0,0,1,4,1,1,0,2,2,2,0,1,0,0,0,6.0,247,47,5.25531914893617
0,4,3,0,1,6,0,0,1,0,0,0,0,0,1,15,1,0,3.0,305,66,4.621212121212121
0,3,1,0,1,4,2,0,1,1,0,0,0,0,1,0,0,0,3.0,726,149,4.87248322147651
0,3,3,0,2,0,1,2,1,0,2,2,0,0,3,0,0,0,16.0,1379,258,5.344961240310077
1,0,101,3,1,1,2,0,1,0,0,0,0,0,1,0,1,0,2.0,91,18,5.055555555555555
1,1,2,0,1,0,1,0,1,0,0,0,0,0,1,0,0,0,2.0,187,31,6.032258064516129
0,5,36,0,0,0,1,0,0,0,2,2,2,0,1,0,1,0,5.0,27,4,6.75
1,7,51,76,1,0,2,0,1,1,2,2,2,0,1,0,0,0,3.0,167,27,6.185185185185185
0,2,3,0,2,0,4,1,0,0,0,2,0,0,3,50,1,0,12.0,2365,425,5.564705882352941
1,1,2,0,1,0,1,0,1,1,2,2,0,0,1,0,0,0,7.0,421,75,5.613333333333333
1,1,2,0,0,0,0,0,1,0,0,0,0,0,1,20,3,0,1.0,141,25,5.64
1,7,2,0,1,0,0,0,1,0,2,2,0,0,1,110,0,0,4.0,255,44,5.795454545454546
0,2,7,9,2,0,1,1,0,1,0,0,0,0,3,0,0,0,3.0,675,115,5.869565217391305
1,12,2,0,1,0,2,0,0,1,1,1,0,0,1,0,1,0,0.0,461,92,5.010869565217392
1,2,2,0,2,0,1,0,1,1,0,0,0,0,4,0,0,0,1.0,75,15,5.0
1,1,2,0,0,0,1,0,1,1,1,1,0,0,1,0,0,0,1.0,79,13,6.076923076923077
1,3,2,0,0,1,0,0,2,1,1,1,0,0,1,0,0,0,3.0,80,13,6.153846153846154
0,2,3,0,2,6,4,1,1,0,0,0,0,0,2,0,1,0,2.0,286,49,5.836734693877551
1,2,2,11,1,1,4,1,1,0,1,1,1,0,3,0,3,0,1.0,369,64,5.765625
1,12,5,53,0,1,4,0,1,1,1,1,1,0,1,0,0,0,4.0,522,94,5.553191489361702
0,12,29,0,1,4,4,0,1,1,1,2,2,0,1,0,0,0,2.0,330,70,4.714285714285714
0,1,1,0,2,0,1,2,1,1,0,0,0,0,5,0,0,0,3.0,301,60,5.016666666666667
0,3,1,9,0,0,3,1,0,1,0,2,0,0,2,0,3,0,2.0,28,5,5.6
1,5,5,2,1,0,1,3,1,1,2,2,0,0,1,0,0,0,2.0,375,71,5.28169014084507
1,12,2,0,1,1,0,0,0,0,2,2,2,0,2,0,3,0,4.0,213,40,5.325
1,30,100,11,1,0,0,0,1,0,2,2,2,0,1,0,0,0,3.0,1574,290,5.427586206896552
0,2,1,0,2,0,3,1,0,1,0,0,0,0,2,0,0,0,7.0,180,30,6.0
0,1,3,0,0,6,4,0,0,0,0,2,0,0,1,0,0,0,2.0,729,140,5.207142857142857
1,8,2,0,1,1,2,0,1,1,2,2,2,0,1,0,5,0,1.0,143,27,5.296296296296297
1,2,39,3,0,1,2,0,1,0,1,1,0,0,1,0,0,0,3.0,88,16,5.5
0,3,3,0,0,6,0,0,0,0,0,2,0,0,1,0,1,0,1.0,48,8,6.0
1,96,51,28,0,3,2,0,0,2,0,0,0,0,1,20,3,0,1.0,69,12,5.75
1,2,2,11,1,1,2,0,1,1,2,2,0,0,1,0,0,0,0.0,160,28,5.714285714285714
0,3,3,0,0,3,2,0,0,0,0,0,0,0,2,0,5,0,4.0,345,64,5.390625
0,1,0,0,0,3,2,0,0,0,0,0,0,0,1,0,0,0,7.0,279,49,5.6938775510204085
0,2,1,0,0,0,3,0,1,1,0,0,0,0,1,0,0,0,1.0,13,3,4.333333333333333
0,3,3,0,1,0,1,0,1,0,0,2,0,0,1,0,0,0,4.0,450,83,5.421686746987952
0,12,3,0,1,3,0,0,1,0,1,1,2,0,1,0,0,0,5.0,656,119,5.512605042016807
1,24,34,0,0,1,2,0,0,1,1,1,0,0,1,0,1,0,1.0,251,48,5.229166666666667
0,1,7,0,2,0,6,0,0,0,0,0,0,0,2,0,0,0,5.0,330,62,5.32258064516129
0,12,0,0,0,4,5,0,1,0,1,1,0,0,1,0,0,0,1.0,95,21,4.523809523809524
0,12,3,0,1,1,0,0,1,0,0,0,0,0,1,0,0,0,2.0,291,56,5.196428571428571
1,2,2,0,1,1,2,0,1,0,0,0,0,0,1,20,3,0,1.0,117,20,5.85
1,24,20,0,0,4,2,0,2,2,2,2,2,0,1,0,0,0,2.0,364,68,5.352941176470588
1,3,2,0,1,1,2,0,1,0,2,2,0,0,1,0,0,0,5.0,1329,251,5.294820717131474
0,18,3,0,1,0,2,0,1,1,2,2,2,0,1,0,1,0,0.0,197,40,4.925
1,3,5,0,0,0,2,0,2,2,2,2,0,0,1,0,1,0,1.0,39,7,5.571428571428571
1,2,5,3,1,0,1,1,1,0,0,2,0,0,1,0,0,0,1.0,260,47,5.531914893617022
0,6,3,9,2,0,1,1,1,0,2,2,2,0,4,0,0,0,15.0,40,6,6.666666666666667
0,3,3,0,0,6,0,0,1,0,2,2,0,0,1,0,1,0,27.0,71,14,5.071428571428571
0,2,3,0,1,4,0,0,1,0,0,0,0,0,1,0,0,0,2.0,145,23,6.304347826086956
0,5,10,6,0,1,4,0,1,1,0,0,0,0,1,50,0,0,5.0,270,49,5.510204081632653
0,3,7,10,1,0,3,1,1,2,0,0,0,0,1,0,11,0,3.0,14,2,7.0
0,6,4,0,0,0,2,0,1,2,0,0,0,0,1,0,1,0,1.0,79,17,4.647058823529412
1,2,2,0,1,1,0,0,1,0,2,2,0,0,1,0,0,0,2.0,691,129,5.3565891472868215
0,12,3,8,1,1,4,1,2,1,2,2,0,0,2,0,0,0,2.0,232,46,5.043478260869565
1,6,2,3,0,1,2,0,1,0,0,0,0,0,2,0,0,0,3.0,524,97,5.402061855670103
0,8,1,0,0,2,3,1,2,1,0,2,0,0,1,0,0,0,1.0,195,33,5.909090909090909
0,1,12,0,2,0,1,0,0,0,0,0,0,0,3,0,0,0,3.0,300,59,5.084745762711864
1,12,2,0,0,0,2,0,1,0,2,2,0,0,1,0,0,0,3.0,80,14,5.714285714285714
1,2,2,3,2,0,1,2,0,0,0,2,0,0,2,0,1,0,1.0,37,7,5.285714285714286
1,16,5,3,1,1,4,0,1,0,2,2,2,0,1,300,0,0,1.0,545,83,6.566265060240964
0,4,3,0,2,4,3,0,1,0,0,2,0,0,10,0,3,0,5.0,293,56,5.232142857142857
1,72,33,0,0,1,6,0,1,2,1,1,0,0,1,0,1,0,6.0,625,121,5.1652892561983474
0,4,3,0,0,3,0,0,1,0,2,2,0,0,1,0,0,0,3.0,133,20,6.65
1,2,14,3,0,1,2,0,1,0,2,1,0,0,1,0,0,0,6.0,94,20,4.7
1,1,2,0,0,0,1,0,1,0,2,2,0,0,1,0,0,0,6.0,210,33,6.363636363636363
1,60,9,0,0,1,0,0,1,1,2,2,0,1,1,0,0,0,1.0,403,80,5.0375
1,60,5,3,0,2,3,0,1,1,1,1,0,0,1,0,0,0,5.0,902,180,5.011111111111111
1,12,2,0,0,1,4,1,1,0,2,2,2,0,1,0,1,0,3.0,489,102,4.794117647058823
0,2,3,0,2,0,3,1,1,0,0,0,0,0,2,0,0,0,16.0,390,70,5.571428571428571
1,4,2,0,0,0,0,0,1,0,2,2,2,0,1,0,0,0,4.0,462,87,5.310344827586207
1,2,2,0,0,1,2,0,1,0,1,2,0,0,1,0,1,0,3.0,167,23,7.260869565217392
0,34,30,0,2,0,4,1,1,1,0,0,0,0,4,0,3,0,5.0,28,6,4.666666666666667
0,2,3,0,1,0,5,1,0,0,0,2,0,0,1,0,0,4,13.0,1918,360,5.3277777777777775
0,24,3,0,1,5,2,0,1,0,2,2,2,0,1,100,1,0,2.0,314,59,5.322033898305085
0,2,3,77,1,0,0,0,0,0,0,2,0,0,1,0,0,0,4.0,114,18,6.333333333333333
1,20,2,12,1,1,3,1,1,0,2,2,2,0,2,0,1,0,11.0,912,173,5.271676300578035
0,3,1,0,1,1,2,0,0,1,0,0,0,0,1,0,1,0,2.0,383,66,5.803030303030303
1,12,2,30,1,0,0,0,1,0,2,2,2,0,1,0,0,0,1.0,306,62,4.935483870967742
1,1,2,0,0,1,2,0,1,0,0,0,0,0,1,0,0,0,1.0,117,20,5.85
1,12,2,0,0,1,0,0,1,0,2,2,2,0,1,0,0,0,1.0,496,94,5.276595744680851
0,1,3,0,0,4,2,0,1,1,0,0,0,0,1,0,0,0,6.0,413,75,5.506666666666667
0,18,3,0,0,5,2,0,1,0,0,2,2,0,1,0,1,0,1.0,181,33,5.484848484848484
0,4,3,0,0,1,3,0,1,0,0,0,0,0,1,0,1,0,5.0,123,27,4.555555555555555
1,2,2,3,2,0,2,0,1,1,0,0,0,0,6,10,0,0,5.0,61,12,5.083333333333333
0,2,3,0,1,0,0,0,0,0,0,0,0,0,1,0,1,0,1.0,602,114,5.280701754385965
0,2,12,48,1,0,0,0,0,1,0,0,0,0,1,0,1,0,0.0,111,22,5.045454545454546
0,8,3,0,1,0,6,1,1,0,0,2,0,0,1,0,0,0,5.0,289,52,5.5576923076923075
1,1,2,3,1,2,2,0,1,0,0,2,0,0,5,0,9,0,5.0,229,39,5.871794871794871
0,4,36,8,0,5,2,0,1,1,0,0,0,0,2,100,0,0,2.0,34,4,8.5
0,7,3,0,1,3,2,0,0,0,2,2,1,0,1,0,1,0,1.0,34,7,4.857142857142857
0,7,3,0,2,0,1,0,1,0,1,2,2,0,2,0,5,0,2.0,714,132,5.409090909090909
0,2,3,29,2,0,1,0,0,0,0,0,2,0,3,0,1,0,5.0,2957,517,5.71953578336557
1,1,2,38,2,0,1,4,1,1,0,0,0,0,6,50,1,0,5.0,127,23,5.521739130434782
0,2,24,6,0,0,1,4,0,1,0,0,0,0,1,0,0,0,5.0,630,123,5.121951219512195
1,2,2,0,1,2,2,0,1,0,2,2,0,0,1,0,0,0,5.0,407,74,5.5
0,3,4,0,1,0,1,0,1,2,0,0,0,0,1,100,0,0,3.0,92,14,6.571428571428571
0,3,1,6,0,5,2,0,1,1,0,0,0,0,2,100,3,0,3.0,232,45,5.155555555555556
0,1,1,9,2,0,5,1,1,1,0,0,0,0,4,0,6,0,10.0,1416,225,6.293333333333333
0,6,12,0,0,1,0,0,0,1,0,0,2,0,1,0,0,0,4.0,92,19,4.842105263157895
0,4,3,0,0,1,2,0,1,0,2,2,0,2,1,0,0,0,2.0,184,35,5.257142857142857
1,2,2,0,0,4,2,0,1,0,0,2,2,0,1,150,1,1,8.0,322,59,5.4576271186440675
1,12,2,0,1,6,2,0,1,0,2,2,2,0,1,0,0,0,11.0,159,29,5.482758620689655
1,3,2,11,2,0,1,1,1,0,2,2,1,0,3,0,3,0,2.0,241,47,5.127659574468085
0,2,3,0,2,0,1,1,0,0,0,0,0,0,4,0,12,0,1.0,221,41,5.390243902439025
1,1,2,3,1,1,2,0,1,0,2,2,0,0,1,0,0,2,24.0,341,50,6.82
1,48,9,0,1,1,4,0,0,2,2,2,2,0,1,0,7,0,1.0,70,15,4.666666666666667
1,2,2,0,0,0,1,0,1,1,2,2,0,0,1,0,0,0,2.0,175,34,5.147058823529412
1,2,2,0,1,6,2,0,1,1,0,2,0,0,1,0,2,0,1.0,120,24,5.0
0,4,3,0,0,0,6,0,0,0,0,2,0,0,2,0,1,0,1.0,367,65,5.6461538461538465
1,1,2,0,1,1,2,0,1,0,0,0,0,0,1,0,2,0,2.0,149,31,4.806451612903226
0,3,31,0,1,0,0,0,0,2,1,1,0,0,1,0,0,0,6.0,513,99,5.181818181818182
0,8,10,26,1,1,3,0,0,0,1,1,1,0,1,0,1,0,2.0,128,23,5.565217391304348
0,4,3,0,1,0,0,0,0,0,0,0,0,0,1,0,1,0,3.0,173,35,4.942857142857143
1,84,69,0,1,5,2,0,1,0,1,1,1,0,1,0,1,0,1.0,346,79,4.379746835443038
0,2,92,0,2,0,1,4,0,0,0,0,0,0,3,0,2,0,5.0,94,14,6.714285714285714
0,3,1,0,1,0,1,1,0,1,0,2,0,0,1,1,0,0,3.0,21,4,5.25
1,2,2,3,1,0,2,0,1,1,2,2,0,0,1,0,0,0,1.0,249,50,4.98
0,4,1,0,1,0,1,1,1,1,0,2,0,0,1,0,7,0,3.0,295,59,5.0
1,42,160,3,2,0,0,0,1,1,2,2,2,0,2,0,0,0,4.0,683,138,4.949275362318841
0,1,3,0,2,0,1,1,0,0,0,0,0,0,2,0,0,0,3.0,57,11,5.181818181818182
1,24,34,0,1,1,2,0,0,0,2,2,2,0,1,0,0,0,1.0,1,1,1.0
1,12,2,0,0,1,2,0,1,0,2,2,2,0,1,0,1,0,1.0,64,14,4.571428571428571
0,2,3,0,1,0,3,0,0,0,0,0,0,0,1,0,0,0,2.0,126,22,5.7272727272727275
1,48,2,0,1,1,4,0,1,0,2,2,2,0,1,0,1,0,1.0,244,47,5.191489361702128
0,14,1,44,0,0,1,1,2,1,2,2,2,0,1,10,0,0,1.0,144,20,7.2
1,2,2,0,1,1,2,0,1,2,0,0,0,0,1,0,5,0,1.0,76,14,5.428571428571429
0,1,3,0,0,5,2,0,1,0,0,2,0,0,1,0,1,0,15.0,2489,469,5.3070362473347545
1,1,2,0,0,0,2,0,1,0,0,0,0,0,1,0,0,0,1.0,348,64,5.4375
0,2,7,9,2,0,1,0,2,1,0,0,0,0,2,50,0,0,2.0,276,50,5.52
0,1,12,0,0,0,1,2,1,0,0,0,0,0,1,0,1,0,5.0,237,43,5.511627906976744
1,12,2,0,1,4,4,1,1,1,2,2,2,0,1,0,0,0,3.0,963,147,6.551020408163265
0,2,3,0,2,0,1,1,0,0,2,2,0,0,2,0,0,0,3.0,143,26,5.5
1,2,2,0,1,0,1,0,1,1,0,0,0,0,1,0,0,0,1.0,214,37,5.783783783783784
1,48,2,3,0,0,0,0,2,0,2,2,2,0,1,100,9,0,4.0,585,111,5.27027027027027
1,6,2,3,0,0,1,0,1,0,2,2,0,0,1,0,3,0,1.0,670,122,5.491803278688525
0,12,7,0,1,2,3,1,1,2,0,0,0,0,1,0,0,0,3.0,47,10,4.7
0,1,3,0,0,0,3,0,1,0,0,0,0,0,1,0,0,1,7.0,173,33,5.242424242424242
0,4,3,0,0,0,2,0,2,1,0,2,1,0,1,0,0,0,1.0,621,104,5.971153846153846
1,12,2,0,0,1,6,1,1,1,2,2,2,0,1,0,0,0,0.0,211,40,5.275
1,1,2,0,1,4,4,0,1,1,1,1,1,0,1,0,6,0,1.0,60,10,6.0
0,15,3,0,0,0,1,0,1,0,0,0,0,0,1,0,0,0,3.0,178,35,5.085714285714285
0,2,95,0,1,0,6,1,0,0,0,2,0,1,3,0,1,0,1.0,20,3,6.666666666666667
0,12,3,0,1,0,1,0,0,0,2,2,2,0,1,0,0,0,8.0,673,128,5.2578125
0,6,1,0,1,0,1,1,1,1,2,2,0,0,1,0,1,0,1.0,149,24,6.208333333333333
1,9,2,0,0,5,2,0,1,0,2,2,2,0,1,0,3,0,1.0,369,63,5.857142857142857
0,2,3,0,2,0,1,1,1,0,0,0,0,0,2,0,1,0,4.0,152,27,5.62962962962963
0,2,1,0,2,0,3,1,0,1,0,0,1,0,7,0,0,0,1.0,507,96,5.28125
0,2,3,0,0,0,0,0,0,0,0,1,0,0,1,0,0,0,1.0,7,1,7.0
1,72,2,0,1,6,4,0,1,1,2,2,2,0,1,0,0,0,9.0,467,92,5.076086956521739
0,4,94,130,1,0,1,0,1,2,0,0,0,0,1,0,0,0,3.0,573,108,5.305555555555555
0,12,4,0,0,3,2,0,1,2,1,1,1,0,1,0,0,0,10.0,8,2,4.0
0,24,4,0,1,0,1,0,1,2,2,2,0,0,1,0,0,0,2.0,261,50,5.22
0,2,1,0,1,3,2,0,0,1,0,2,0,0,1,0,1,0,5.0,413,79,5.227848101265823
1,2,2,0,1,0,2,0,1,0,0,0,0,0,1,0,0,0,1.0,112,22,5.090909090909091
1,2,2,0,1,3,2,0,1,0,0,0,0,0,1,0,0,0,2.0,645,122,5.286885245901639
1,11,20,0,1,4,0,0,2,1,2,2,0,0,1,0,0,0,1.0,530,103,5.145631067961165
0,12,10,9,1,1,0,0,1,0,2,2,0,0,1,0,0,0,1.0,68,12,5.666666666666667
1,1,2,0,1,0,1,0,1,1,0,0,0,0,1,0,3,0,1.0,268,50,5.36
1,24,72,0,1,1,4,0,0,2,2,2,2,0,1,200,0,0,3.0,242,43,5.627906976744186
0,3,3,0,1,0,0,0,1,1,0,0,0,0,1,0,0,1,4.0,526,95,5.536842105263158
0,4,4,0,0,1,2,0,0,2,2,2,0,0,1,0,1,0,1.0,741,138,5.369565217391305
0,1,3,9,2,0,5,1,1,0,0,0,1,0,3,0,0,0,2.0,151,27,5.592592592592593
0,4,3,9,0,4,2,0,1,0,2,2,0,0,1,0,3,0,4.0,560,104,5.384615384615385
1,6,2,0,0,0,2,0,1,0,2,2,2,0,1,0,5,0,1.0,485,89,5.449438202247191
1,15,2,0,0,2,0,0,1,0,2,2,2,0,1,0,0,0,4.0,89,18,4.944444444444445
0,8,3,0,1,4,3,1,1,0,2,2,2,0,1,0,0,1,8.0,427,83,5.144578313253012
0,6,3,0,1,3,2,0,1,0,0,0,0,0,1,0,0,0,3.0,277,46,6.021739130434782
1,3,2,0,1,1,2,0,1,1,2,2,0,0,1,0,0,0,7.0,209,35,5.9714285714285715
0,3,3,9,2,0,3,1,0,0,0,0,0,0,5,0,0,0,4.0,31,7,4.428571428571429
0,1,3,0,0,0,5,1,1,0,0,2,0,0,2,100,0,0,14.0,932,182,5.1208791208791204
1,19,2,0,0,0,0,0,1,0,2,2,2,0,1,0,4,0,4.0,529,104,5.086538461538462
1,36,2,0,0,4,2,0,1,1,1,1,0,0,1,0,0,0,3.0,1439,271,5.3099630996309966
0,1,3,0,1,5,2,0,0,0,1,1,1,0,1,0,0,0,1.0,229,46,4.978260869565218
1,2,2,0,2,0,1,0,1,0,2,2,0,0,12,0,1,0,6.0,162,30,5.4
0,24,3,0,1,0,0,0,1,0,2,2,2,0,1,0,0,0,1.0,4,1,4.0
0,3,1,0,2,1,5,1,1,1,0,0,0,0,3,0,0,0,2.0,70,12,5.833333333333333
1,12,109,0,1,0,0,0,0,0,2,2,2,0,1,250,0,0,3.0,263,50,5.26
1,2,14,3,2,0,2,0,1,1,0,2,0,0,2,0,1,0,6.0,124,22,5.636363636363637
1,1,2,0,1,0,1,0,1,1,0,0,0,0,2,0,0,0,2.0,374,66,5.666666666666667
0,8,76,69,0,0,3,1,1,1,2,2,1,0,1,100,5,0,5.0,136,27,5.037037037037037
0,4,3,0,0,0,1,4,1,0,0,0,0,0,1,0,0,0,4.0,84,15,5.6
1,4,2,0,1,2,2,0,1,0,2,2,0,0,1,0,0,0,6.0,514,93,5.526881720430108
1,1,2,0,1,0,0,0,1,1,2,2,0,0,1,0,2,0,1.0,104,19,5.473684210526316
1,6,2,0,0,1,0,0,0,0,2,2,0,0,1,0,0,0,3.0,71,15,4.733333333333333
1,4,2,38,1,0,1,0,2,1,2,2,2,0,2,0,0,1,7.0,349,53,6.584905660377358
0,1,92,60,1,0,0,0,0,0,2,2,0,0,1,0,0,0,2.0,535,110,4.863636363636363
0,3,3,0,1,6,0,0,0,0,0,0,0,0,1,0,1,0,0.0,42,9,4.666666666666667
1,24,2,0,0,1,0,0,1,0,1,1,1,0,1,0,1,0,5.0,144,29,4.9655172413793105
0,1,0,9,0,4,2,0,0,0,0,0,0,0,1,0,0,0,3.0,121,23,5.260869565217392
0,3,3,0,0,1,3,1,1,0,2,2,0,0,1,0,0,0,6.0,1328,258,5.147286821705427
1,3,2,0,1,1,2,0,1,0,2,2,2,0,1,0,1,0,4.0,166,29,5.724137931034483
1,48,23,3,1,0,1,0,2,0,2,2,2,0,1,0,0,0,2.0,1223,229,5.3406113537117905
1,4,2,3,0,1,0,0,1,0,0,0,0,0,1,0,1,0,3.0,86,14,6.142857142857143
0,6,3,9,0,0,3,0,0,0,0,2,2,0,1,0,0,0,1.0,189,34,5.5588235294117645
1,2,2,0,0,0,0,0,1,0,0,0,0,0,1,0,0,0,1.0,239,50,4.78
0,12,1,0,0,6,0,0,1,1,0,2,2,0,1,0,0,0,3.0,416,75,5.546666666666667
1,2,5,3,0,2,2,0,1,0,0,2,0,0,1,0,0,0,12.0,546,105,5.2
1,19,44,42,1,2,0,0,1,0,2,2,2,0,1,0,0,0,1.0,225,42,5.357142857142857
1,1,2,0,2,0,3,1,1,0,0,0,0,0,6,0,9,0,0.0,104,19,5.473684210526316
0,11,31,0,0,0,0,0,1,0,2,2,2,0,1,0,0,0,7.0,425,77,5.51948051948052
1,2,2,0,1,1,2,0,1,0,2,2,0,0,1,0,0,0,2.0,79,16,4.9375
0,2,1,0,1,0,0,0,1,1,0,0,0,0,1,0,0,0,5.0,100,19,5.2631578947368425
0,12,75,54,1,0,2,0,1,1,2,0,2,0,1,0,0,0,3.0,116,23,5.043478260869565
0,48,3,0,1,0,0,0,2,0,2,2,2,0,1,100,1,0,5.0,736,131,5.6183206106870225
1,7,40,34,1,1,2,0,2,1,2,2,0,0,1,0,0,0,1.0,12,2,6.0
0,2,3,9,0,1,4,1,0,0,1,2,0,0,1,0,1,0,1.0,123,21,5.857142857142857
0,2,3,0,2,6,4,1,0,0,2,2,0,0,4,0,1,0,1.0,382,74,5.162162162162162
0,5,3,0,0,0,6,3,1,0,1,2,2,0,1,0,1,0,4.0,269,49,5.489795918367347
0,1,3,0,1,0,0,0,1,0,0,0,0,0,1,0,1,0,1.0,39,8,4.875
1,2,2,0,0,1,0,0,1,0,2,2,0,0,1,0,0,0,1.0,105,21,5.0
1,12,2,0,1,6,0,0,1,0,2,2,2,0,1,0,3,0,3.0,70,12,5.833333333333333
0,4,3,0,0,0,1,0,0,0,0,0,0,0,1,0,0,0,3.0,454,84,5.404761904761905
1,2,2,0,1,0,1,0,0,0,1,1,0,0,1,0,0,0,3.0,417,75,5.56
1,12,28,0,0,0,1,1,1,0,2,2,0,0,1,0,5,0,1.0,272,48,5.666666666666667
1,3,2,0,1,0,1,2,1,0,2,2,0,0,1,0,0,0,7.0,207,42,4.928571428571429
1,24,2,0,0,0,2,0,1,0,2,2,2,0,1,0,1,0,2.0,368,77,4.779220779220779
1,3,2,0,1,0,1,4,1,0,2,1,1,0,1,0,0,0,1.0,479,95,5.042105263157895
0,1,3,0,0,0,6,0,0,0,0,0,0,0,3,0,1,0,3.0,535,102,5.245098039215686
0,3,3,0,0,1,3,0,0,0,0,0,0,0,1,0,1,0,6.0,330,62,5.32258064516129
1,1,2,0,0,2,2,0,1,1,1,1,0,0,1,0,0,0,2.0,88,17,5.176470588235294
0,60,3,0,0,1,4,1,0,0,2,2,2,0,1,0,1,0,3.0,682,135,5.051851851851852
1,0,2,3,1,0,0,0,1,0,0,0,0,0,1,0,5,0,1.0,202,39,5.17948717948718
1,12,15,3,1,1,2,0,1,0,2,2,2,0,1,100,0,0,1.0,350,64,5.46875
1,5,2,0,1,0,1,2,1,0,2,2,2,0,2,0,0,0,4.0,162,31,5.225806451612903
1,1,2,0,1,0,1,0,1,0,0,2,0,0,1,0,8,0,1.0,91,15,6.066666666666666
0,3,3,8,1,3,0,0,1,0,0,2,0,0,1,0,1,0,3.0,880,181,4.861878453038674
0,3,3,0,1,0,6,0,1,0,2,2,0,0,1,0,0,0,2.0,544,96,5.666666666666667
1,1,2,0,0,0,1,0,1,0,0,2,0,0,1,0,3,0,4.0,149,20,7.45
0,5,24,23,2,0,5,1,0,0,2,2,0,0,4,0,0,0,8.0,425,71,5.985915492957746
0,12,3,9,0,0,0,0,1,0,2,2,0,0,1,0,1,0,1.0,29,3,9.666666666666666
0,5,0,0,0,1,2,0,1,0,2,2,2,0,1,0,0,0,2.0,124,22,5.636363636363637
0,3,10,0,1,0,3,0,1,1,2,2,0,0,1,150,1,0,6.0,208,42,4.9523809523809526
0,6,10,0,1,1,2,0,1,0,0,2,0,0,1,100,1,0,3.0,257,60,4.283333333333333
0,1,3,9,2,0,3,1,1,0,0,2,1,0,5,0,0,0,5.0,867,143,6.062937062937063
1,4,21,31,0,0,0,0,2,1,2,2,0,0,1,600,0,0,3.0,229,43,5.325581395348837
0,2,10,9,2,1,4,1,1,0,0,0,0,0,2,0,1,0,3.0,258,44,5.863636363636363
1,8,2,0,1,1,2,0,2,1,1,1,2,0,1,0,0,1,1.0,158,29,5.448275862068965
0,4,3,0,2,0,5,1,1,0,0,2,0,0,2,50,7,0,4.0,566,97,5.835051546391752
0,2,1,0,2,0,3,0,1,1,0,0,0,0,4,0,0,0,3.0,396,78,5.076923076923077
0,4,3,9,0,1,0,0,0,0,1,1,1,0,1,0,0,0,4.0,62,11,5.636363636363637
0,3,3,0,2,0,1,0,0,0,0,0,0,0,3,0,1,0,15.0,625,127,4.921259842519685
1,2,2,0,2,0,1,0,1,0,0,0,0,0,4,0,9,0,4.0,131,22,5.954545454545454
0,2,3,0,0,6,0,0,1,0,0,0,0,0,1,0,0,0,2.0,163,26,6.269230769230769
1,3,2,0,1,1,3,1,1,2,1,2,1,0,2,0,0,0,4.0,116,16,7.25
1,1,2,0,1,0,1,0,1,1,2,2,0,0,1,0,0,0,5.0,353,71,4.971830985915493
1,2,2,0,0,0,1,0,1,0,0,0,0,0,1,0,0,0,2.0,212,37,5.72972972972973
1,24,2,0,0,2,2,0,1,0,2,2,2,0,1,0,1,0,1.0,203,40,5.075
1,2,2,0,0,0,1,1,1,1,0,0,0,0,5,0,3,0,1.0,57,9,6.333333333333333
1,2,2,3,1,0,1,0,1,1,0,2,0,0,1,0,0,0,3.0,12,2,6.0
0,2,3,0,1,0,1,1,0,0,2,2,0,0,1,0,0,0,4.0,22,3,7.333333333333333
1,2,2,0,1,1,2,0,1,0,2,2,0,0,1,0,0,0,1.0,105,21,5.0
0,12,10,0,1,2,2,0,2,0,2,2,2,0,1,0,1,0,2.0,138,22,6.2727272727272725
1,4,21,0,0,0,0,0,2,1,1,1,1,0,1,0,0,0,1.0,224,31,7.225806451612903
1,60,8,0,0,0,2,0,2,1,2,2,2,0,1,0,2,0,5.0,566,79,7.1645569620253164
0,1,1,16,2,1,5,3,0,1,0,0,0,0,5,0,0,0,2.0,171,32,5.34375
1,3,2,0,0,1,2,0,1,0,0,0,0,0,1,0,0,0,1.0,231,41,5.634146341463414
1,3,2,0,1,0,0,0,1,1,0,2,0,0,2,0,0,0,1.0,20,3,6.666666666666667
0,2,0,9,1,0,1,3,1,0,0,2,0,0,1,0,1,0,6.0,513,96,5.34375
0,1,0,0,2,1,3,1,0,0,0,0,0,0,5,0,0,0,6.0,986,198,4.97979797979798
1,2,2,0,1,5,2,0,1,1,1,1,1,0,1,0,6,0,1.0,64,11,5.818181818181818
1,3,2,0,1,1,2,0,1,0,2,2,0,0,1,0,0,0,3.0,406,80,5.075
1,1,2,3,0,0,1,0,1,1,0,0,0,0,1,0,0,0,1.0,12,2,6.0
0,1,3,0,1,0,6,1,1,1,1,1,1,0,1,0,0,0,4.0,78,15,5.2
1,3,2,3,1,0,1,0,1,1,2,2,0,0,1,0,0,0,2.0,12,2,6.0
0,2,3,0,1,6,0,0,0,0,2,2,0,0,3,0,1,0,7.0,448,91,4.923076923076923
0,2,7,9,0,0,0,0,1,1,0,0,0,0,1,0,1,0,6.0,368,69,5.333333333333333
0,4,3,0,0,0,0,0,2,0,0,2,0,0,2,0,0,0,0.0,399,76,5.25
1,2,2,0,0,1,2,0,1,0,0,0,0,0,1,0,0,0,2.0,678,123,5.512195121951219
0,2,3,0,0,0,4,0,1,0,0,0,0,1,1,0,0,0,1.0,185,37,5.0
1,2,2,0,1,0,0,0,1,0,0,2,0,0,1,0,0,0,6.0,306,58,5.275862068965517
0,24,4,0,1,0,0,0,1,2,2,2,0,0,1,0,1,0,3.0,329,61,5.39344262295082
0,3,4,0,0,0,1,0,1,1,0,0,0,0,1,0,1,0,2.0,335,59,5.677966101694915
0,12,3,20,1,0,1,3,2,0,2,2,2,0,1,100,0,0,1.0,50,11,4.545454545454546
1,2,2,0,1,0,2,0,1,1,0,0,0,0,1,20,3,0,1.0,144,25,5.76
1,3,2,3,1,1,2,0,1,0,2,2,2,0,1,200,0,0,6.0,43,8,5.375
0,16,36,0,1,3,2,0,1,1,0,2,0,0,2,100,0,0,2.0,22,4,5.5
0,4,3,0,2,0,5,1,0,0,2,2,0,0,3,50,1,0,3.0,1116,205,5.443902439024391
0,3,26,9,2,0,6,1,0,0,0,2,0,0,4,0,0,0,4.0,238,39,6.102564102564102
0,2,3,9,2,0,1,5,1,0,0,0,0,0,4,0,0,0,3.0,397,78,5.089743589743589
1,1,55,3,1,0,1,1,1,0,1,1,0,0,1,0,0,0,4.0,134,24,5.583333333333333
1,2,2,3,0,1,2,0,1,1,0,2,0,0,1,0,0,0,5.0,14,3,4.666666666666667
1,29,57,0,1,0,1,1,2,0,2,2,0,0,1,1,0,0,0.0,144,24,6.0
1,2,2,0,0,0,1,1,1,0,0,0,0,0,2,0,0,0,3.0,478,94,5.085106382978723
0,3,56,0,1,5,2,0,1,1,0,0,0,0,1,0,3,0,1.0,131,24,5.458333333333333
1,4,2,0,0,2,2,0,1,0,2,2,0,0,1,150,1,0,13.0,239,46,5.195652173913044
1,3,2,0,0,1,2,0,1,0,2,2,0,1,1,0,0,0,5.0,1020,205,4.975609756097561
1,3,2,0,1,1,2,0,1,0,2,2,0,0,1,0,0,0,7.0,335,60,5.583333333333333
0,1,3,0,1,0,0,0,0,0,1,1,1,0,1,10,0,0,8.0,340,64,5.3125
0,2,3,0,0,4,0,0,0,0,2,2,0,0,1,65,1,0,15.0,2730,479,5.69937369519833
0,2,10,9,0,2,3,0,0,1,1,1,1,0,1,0,1,0,4.0,153,30,5.1
1,4,11,3,0,2,2,0,1,0,0,2,0,1,1,0,0,0,1.0,291,53,5.490566037735849
1,2,2,3,0,0,1,1,1,1,2,2,0,0,1,0,0,0,5.0,12,2,6.0
1,3,2,0,1,1,2,0,1,1,0,0,0,0,1,0,0,0,8.0,149,24,6.208333333333333
1,2,2,3,2,0,4,1,1,0,0,0,0,0,3,0,0,0,0.0,312,67,4.656716417910448
1,1,2,0,0,0,1,0,1,0,0,2,0,0,1,0,3,0,4.0,277,48,5.770833333333333
1,1,2,0,1,0,1,2,1,0,1,1,1,0,2,0,3,0,1.0,185,33,5.606060606060606
0,24,4,0,0,0,2,0,1,2,0,0,2,0,1,0,0,0,1.0,31,5,6.2
0,2,3,0,0,1,6,1,1,0,0,0,0,0,1,0,3,0,2.0,116,22,5.2727272727272725
0,2,36,20,1,0,6,4,1,0,0,2,0,0,1,0,0,0,1.0,91,15,6.066666666666666
0,1,10,0,0,4,2,0,0,0,0,0,0,0,1,0,5,0,2.0,154,30,5.133333333333334
0,2,1,0,1,6,2,0,0,1,0,2,1,0,1,0,3,0,5.0,261,45,5.8
1,4,2,0,0,1,2,0,1,0,2,2,0,0,1,0,0,0,2.0,575,112,5.133928571428571
0,12,3,0,0,1,0,0,1,0,2,2,2,0,1,0,0,0,4.0,481,87,5.528735632183908
0,0,3,0,0,6,4,0,1,0,0,0,0,0,2,0,0,0,10.0,252,44,5.7272727272727275
1,2,2,0,0,0,1,0,1,0,0,2,0,0,1,0,3,0,6.0,144,19,7.578947368421052
0,3,1,0,1,4,3,1,1,1,2,0,0,0,1,0,0,0,4.0,425,81,5.246913580246914
1,2,2,53,1,0,5,1,1,0,0,2,0,0,1,0,1,0,3.0,454,81,5.604938271604938
1,24,2,0,1,1,2,0,2,0,2,2,2,0,1,50,3,0,4.0,293,60,4.883333333333334
0,2,1,0,0,0,4,1,1,1,0,0,0,0,1,0,1,0,5.0,256,47,5.446808510638298
1,2,2,3,0,0,1,2,1,1,2,2,0,0,1,150,1,0,3.0,267,51,5.235294117647059
0,14,4,6,1,4,4,1,1,2,0,0,0,0,1,0,1,0,2.0,959,185,5.183783783783784
1,16,9,0,0,0,1,1,0,2,2,2,2,0,1,180,0,0,4.0,1081,184,5.875
1,5,2,0,1,0,2,0,1,0,0,0,2,0,1,0,5,0,1.0,67,13,5.153846153846154
1,24,69,0,2,1,0,0,1,0,2,2,2,0,2,0,1,0,1.0,550,108,5.092592592592593
1,2,2,58,1,0,1,0,1,0,2,2,2,0,1,0,0,0,13.0,339,65,5.2153846153846155
1,1,2,3,2,0,5,1,1,0,0,0,1,0,5,0,0,1,1.0,216,39,5.538461538461538
0,7,7,77,1,4,5,1,0,2,2,2,0,1,1,0,0,0,5.0,395,77,5.12987012987013
1,84,20,0,0,4,2,0,2,1,1,2,0,0,1,200,1,0,1.0,342,69,4.956521739130435
0,11,3,0,1,5,2,0,0,0,2,2,2,0,1,50,1,0,3.0,108,16,6.75
1,3,62,3,1,0,1,0,1,1,0,0,0,0,1,0,1,0,2.0,116,26,4.461538461538462
1,2,2,3,1,0,1,5,1,1,0,0,0,0,1,0,1,0,5.0,578,84,6.880952380952381
0,7,3,0,0,0,0,0,1,0,2,2,0,0,1,0,5,0,5.0,256,51,5.019607843137255
0,7,3,0,1,1,5,1,1,0,0,2,2,0,1,0,0,0,1.0,264,37,7.135135135135135
1,1,2,36,1,0,1,0,2,1,2,2,0,0,1,0,0,0,3.0,316,53,5.962264150943396
1,60,13,83,0,4,4,0,1,1,2,2,0,0,1,0,1,0,5.0,437,96,4.552083333333333
0,4,3,0,0,5,2,0,0,0,1,1,1,0,1,0,1,0,2.0,45,9,5.0
1,3,2,0,1,6,2,0,0,0,0,0,0,0,1,0,2,0,1.0,49,8,6.125
1,2,2,0,1,0,1,1,0,0,0,0,0,0,5,0,0,0,16.0,330,60,5.5
0,1,3,0,0,0,0,0,1,0,0,0,0,0,1,0,1,0,1.0,215,43,5.0
0,1,1,0,1,2,2,0,1,1,0,2,0,0,1,0,0,0,2.0,165,30,5.5
1,2,2,0,1,0,1,2,0,1,2,2,0,0,2,0,1,0,15.0,299,52,5.75
0,15,1,0,1,4,0,0,1,1,2,1,1,0,1,1,1,0,1.0,13,2,6.5
1,18,18,3,0,1,4,1,1,0,2,2,0,0,1,0,3,0,4.0,828,161,5.142857142857143
0,2,1,78,1,3,2,0,1,1,0,0,0,0,1,1,0,0,2.0,42,6,7.0
0,4,10,44,1,2,0,0,1,1,0,2,0,0,1,50,2,0,2.0,44,7,6.285714285714286
1,1,2,3,1,0,1,5,0,0,0,0,0,0,1,0,0,0,3.0,108,24,4.5
0,6,3,0,1,0,0,0,0,0,0,2,0,0,1,0,2,0,5.0,47,8,5.875
1,2,126,3,0,0,6,0,1,0,0,2,0,0,1,0,0,0,3.0,280,52,5.384615384615385
1,2,2,0,1,0,2,0,1,0,0,2,0,0,1,0,1,0,3.0,88,19,4.631578947368421
1,20,8,0,0,0,2,0,2,1,2,2,2,0,1,300,0,0,5.0,266,49,5.428571428571429
0,1,3,0,1,4,4,0,1,1,0,0,0,0,1,60,0,0,3.0,392,82,4.780487804878049
1,10,2,0,1,1,2,0,1,0,2,2,2,0,1,0,0,0,8.0,345,63,5.476190476190476
1,1,2,0,1,0,1,1,1,0,0,0,0,0,1,0,2,0,2.0,643,119,5.4033613445378155
0,3,1,0,2,0,3,1,1,1,0,0,0,0,6,0,0,0,3.0,118,21,5.619047619047619
0,12,3,0,1,3,0,0,1,0,2,2,2,0,1,0,0,0,15.0,121,23,5.260869565217392
1,12,2,0,0,2,0,0,1,1,2,2,1,0,1,0,0,0,2.0,20,4,5.0
1,2,2,0,1,0,1,0,1,0,0,2,1,0,1,0,3,0,1.0,9,2,4.5
1,2,2,64,0,0,2,0,2,0,0,2,0,0,4,0,0,1,18.0,344,51,6.745098039215686
0,6,3,0,1,1,2,0,1,0,0,2,0,0,1,0,0,0,8.0,109,18,6.055555555555555
1,2,8,0,0,0,2,0,2,1,0,0,0,0,1,0,0,1,1.0,21,5,4.2
1,84,28,0,1,0,1,1,1,0,2,2,2,0,1,0,0,0,4.0,267,52,5.134615384615385
0,12,3,0,1,0,0,0,3,0,2,2,2,0,1,0,1,0,1.0,834,169,4.93491124260355
1,6,2,0,0,1,0,0,1,0,2,2,0,0,1,0,0,1,8.0,699,137,5.102189781021898
1,4,2,0,1,6,0,0,1,0,1,1,1,0,1,100,3,0,1.0,84,15,5.6
0,2,36,9,0,0,0,0,0,1,0,2,1,0,1,0,0,0,2.0,132,25,5.28
1,48,2,32,0,1,2,0,1,0,1,1,1,0,1,0,0,0,1.0,56,11,5.090909090909091
0,1,3,0,0,0,0,0,1,0,0,2,0,0,1,0,0,0,6.0,837,151,5.543046357615894
1,4,2,3,0,2,0,0,1,0,2,2,0,0,1,0,1,0,5.0,433,84,5.154761904761905
1,10,2,0,1,1,6,2,1,0,2,2,2,0,1,80,0,0,6.0,515,101,5.099009900990099
0,3,3,10,0,0,1,1,0,1,0,0,0,0,3,0,2,0,6.0,73,15,4.866666666666666
0,3,1,0,2,0,5,1,1,1,0,0,0,0,2,0,1,0,15.0,1098,205,5.35609756097561
1,0,11,0,2,5,2,0,1,0,0,0,0,0,4,0,0,0,3.0,329,64,5.140625
1,8,5,0,1,2,0,0,0,2,2,2,1,0,1,200,0,0,2.0,277,54,5.12962962962963
1,8,2,0,1,2,2,0,1,0,0,0,0,0,1,20,3,0,1.0,144,25,5.76
0,1,4,0,2,1,3,0,1,2,0,0,0,0,2,0,0,0,8.0,193,38,5.078947368421052
1,2,2,0,2,0,2,0,0,0,0,0,0,0,5,0,0,0,5.0,76,13,5.846153846153846
1,2,2,0,1,0,0,0,1,1,2,2,2,0,1,150,1,0,13.0,80,13,6.153846153846154
0,12,3,126,0,3,2,0,1,0,2,2,2,0,1,50,1,0,3.0,669,124,5.395161290322581
0,1,77,0,2,0,3,1,1,0,0,0,0,0,3,0,0,0,1.0,336,61,5.508196721311475
1,1,2,0,1,0,2,0,1,1,0,0,0,0,2,0,5,0,4.0,170,29,5.862068965517241
1,1,2,0,0,4,2,0,0,0,0,0,1,0,1,0,1,0,2.0,110,24,4.583333333333333
1,10,2,0,0,0,1,0,2,0,1,1,1,1,1,0,2,0,5.0,634,129,4.9147286821705425
0,3,3,0,1,1,6,0,0,0,2,2,0,0,3,0,0,0,3.0,627,118,5.313559322033898
1,1,2,0,0,1,2,0,1,0,0,2,0,0,1,0,0,0,3.0,321,64,5.015625
0,12,1,6,1,0,1,1,1,1,1,1,1,0,1,0,6,0,1.0,12,2,6.0
1,2,2,31,1,0,1,0,1,1,2,2,2,0,1,0,0,0,26.0,424,78,5.435897435897436
1,2,2,0,0,0,1,1,1,0,0,0,0,0,2,0,1,0,2.0,448,86,5.209302325581396
0,12,3,0,0,4,5,0,1,0,2,2,2,0,1,0,0,0,2.0,180,34,5.294117647058823
1,36,2,0,0,2,0,0,2,1,2,1,1,0,1,0,1,0,1.0,180,37,4.864864864864865
0,20,61,20,0,0,3,0,2,1,0,0,2,0,1,10,0,0,2.0,332,68,4.882352941176471
0,4,3,0,0,1,2,0,1,0,0,2,2,0,1,0,0,0,2.0,180,31,5.806451612903226
1,2,2,3,1,1,2,0,1,1,2,2,1,0,2,0,6,0,1.0,84,16,5.25
1,36,20,35,0,2,2,0,2,1,1,1,0,1,1,0,0,1,5.0,247,46,5.369565217391305
1,3,2,0,1,1,2,0,0,0,1,1,1,0,3,0,9,0,1.0,39,6,6.5
0,1,3,9,2,0,3,1,1,1,0,2,0,0,2,0,1,0,3.0,113,17,6.647058823529412
1,4,2,0,0,5,2,0,1,0,1,2,0,0,1,0,0,0,1.0,343,65,5.276923076923077
1,1,2,0,1,1,0,0,1,1,0,2,0,0,1,0,2,1,5.0,222,44,5.045454545454546
1,3,2,3,0,1,0,0,1,0,2,2,0,0,1,0,1,0,2.0,46,9,5.111111111111111
0,3,1,77,2,0,1,2,0,1,0,0,0,0,2,0,0,0,5.0,156,27,5.777777777777778
1,36,2,0,0,2,2,0,0,1,1,1,0,0,1,0,1,0,1.0,407,80,5.0875
0,4,3,0,0,0,0,0,0,0,2,2,0,0,1,100,1,0,2.0,139,20,6.95
0,1,3,6,2,0,3,1,1,0,0,0,0,0,5,0,0,0,6.0,1606,295,5.444067796610169
1,2,2,3,0,6,4,1,1,0,0,0,0,0,1,0,1,0,2.0,83,15,5.533333333333333
1,29,62,3,0,0,1,0,1,0,2,2,1,0,1,0,3,0,2.0,99,21,4.714285714285714
0,6,3,0,1,0,1,2,1,0,0,0,0,0,1,0,0,0,1.0,62,10,6.2
1,16,2,0,0,0,6,0,1,0,2,2,2,0,1,0,0,0,2.0,310,57,5.43859649122807
1,2,2,0,2,0,1,1,1,0,1,1,1,0,8,0,3,0,2.0,165,28,5.892857142857143
1,3,2,0,1,1,2,0,1,0,1,1,0,0,1,0,3,0,2.0,213,37,5.756756756756757
0,11,1,0,1,0,3,0,1,1,2,2,2,0,1,0,0,0,1.0,155,29,5.344827586206897
1,2,2,0,2,0,1,1,1,0,2,2,1,0,5,0,3,0,1.0,139,25,5.56
1,1,2,0,0,1,6,0,1,0,0,0,0,0,1,0,0,0,1.0,508,106,4.7924528301886795
0,4,3,0,0,1,3,0,0,0,0,0,0,0,1,0,0,0,4.0,288,55,5.236363636363636
1,2,39,3,2,0,1,5,1,1,0,0,0,0,8,0,0,0,15.0,145,24,6.041666666666667
1,12,2,0,1,0,1,1,1,0,2,2,2,0,1,0,0,0,3.0,438,86,5.093023255813954
1,1,90,3,1,0,0,0,1,0,1,1,0,0,1,0,0,0,4.0,120,20,6.0
1,3,2,3,1,1,0,0,1,0,2,2,0,0,1,0,3,0,4.0,232,41,5.658536585365853
0,2,1,0,2,4,0,0,0,1,0,2,0,0,5,0,0,0,6.0,344,65,5.292307692307692
1,2,2,3,1,1,0,0,1,1,0,2,0,0,1,0,0,0,5.0,14,3,4.666666666666667
0,1,1,0,2,0,3,1,1,1,0,0,0,0,3,0,1,0,13.0,2140,379,5.646437994722955
0,1,3,0,0,4,5,1,0,0,0,0,0,0,1,0,0,0,2.0,321,55,5.836363636363636
1,2,2,0,1,6,2,0,1,0,2,2,0,0,1,0,1,0,1.0,23,5,4.6
1,2,2,0,1,0,0,0,2,0,1,1,0,0,1,0,0,0,2.0,134,23,5.826086956521739
1,8,2,0,1,0,1,0,1,0,2,2,2,0,1,0,0,0,2.0,938,170,5.517647058823529
1,12,2,0,0,1,5,2,1,1,1,1,1,0,1,0,3,0,1.0,228,46,4.956521739130435
0,1,1,1,0,2,0,0,0,1,0,0,0,0,1,0,1,0,5.0,287,55,5.218181818181818
0,2,1,0,1,3,0,0,0,1,0,2,0,0,1,0,1,0,10.0,194,37,5.243243243243243
1,4,2,0,1,0,0,0,1,1,0,2,0,0,2,0,0,0,6.0,851,161,5.285714285714286
1,1,2,0,0,0,1,0,1,0,0,0,0,0,1,0,0,0,6.0,397,72,5.513888888888889
1,60,19,21,1,0,0,0,0,1,2,2,0,0,1,100,1,0,1.0,71,14,5.071428571428571
0,19,3,0,1,4,0,0,2,0,2,2,2,0,1,0,0,0,4.0,77,12,6.416666666666667
1,84,48,2,0,0,1,1,0,0,2,2,0,0,2,0,0,0,11.0,1028,193,5.3264248704663215
0,39,54,48,1,1,0,0,1,0,2,2,2,0,1,0,1,0,4.0,39,7,5.571428571428571
0,4,3,0,1,0,1,5,1,0,0,2,0,1,1,0,0,0,2.0,339,62,5.467741935483871
0,6,3,0,1,0,3,1,1,0,0,2,2,0,1,0,0,0,5.0,417,76,5.4868421052631575
0,1,1,0,1,0,0,0,1,1,0,0,0,0,1,0,1,0,1.0,178,38,4.684210526315789
0,1,1,26,0,0,1,1,1,1,0,2,0,0,1,0,0,0,8.0,884,148,5.972972972972973
0,8,7,22,1,1,0,0,1,1,2,2,0,0,1,0,0,0,4.0,55,8,6.875
1,2,2,0,1,1,2,0,0,0,0,0,0,0,1,0,3,0,3.0,14,2,7.0
1,1,2,0,0,1,2,0,1,0,0,2,0,0,1,0,1,0,5.0,458,90,5.088888888888889
1,4,2,0,1,0,2,0,1,0,2,2,0,1,1,0,1,0,3.0,440,85,5.176470588235294
0,3,10,1,0,1,4,0,1,1,0,0,0,0,1,80,0,0,4.0,335,63,5.317460317460317
1,72,9,98,0,0,3,1,0,2,2,2,2,0,1,200,0,0,9.0,1056,200,5.28
1,24,2,3,0,0,1,5,1,1,1,1,1,0,2,0,1,0,4.0,184,35,5.257142857142857
1,2,2,0,2,0,1,1,1,0,2,2,1,0,3,0,1,0,3.0,868,140,6.2
0,2,1,0,1,5,2,0,2,1,0,2,0,0,1,15,1,0,3.0,453,79,5.734177215189874
1,1,2,3,2,0,1,1,1,0,0,0,0,0,7,0,5,0,3.0,657,124,5.298387096774194
0,3,3,23,1,1,6,0,1,0,2,2,2,0,1,150,0,0,3.0,763,139,5.489208633093525
0,5,1,0,1,4,2,0,1,1,0,2,0,0,1,0,6,0,2.0,26,4,6.5
1,9,2,0,1,2,2,0,1,0,0,0,2,0,1,0,5,0,9.0,424,80,5.3
1,1,2,0,1,1,2,0,1,2,0,0,0,0,1,0,0,0,4.0,126,26,4.846153846153846
1,2,101,3,2,0,1,4,1,0,0,0,0,0,6,0,3,0,2.0,79,13,6.076923076923077
1,24,53,28,2,1,0,0,0,1,2,2,2,1,4,385,0,0,5.0,472,86,5.488372093023256
1,36,2,0,1,3,2,0,1,0,2,2,2,0,1,50,0,0,5.0,1148,220,5.218181818181818
1,3,2,0,0,2,2,0,2,0,0,0,0,0,1,50,0,0,1.0,425,80,5.3125
1,96,2,3,0,0,2,0,1,0,2,2,2,0,1,0,1,0,1.0,1081,199,5.432160804020101
0,24,3,0,2,0,6,1,1,0,0,0,0,0,3,0,1,0,1.0,80,15,5.333333333333333
0,12,1,0,1,0,6,1,1,1,0,0,0,0,1,0,0,0,6.0,283,49,5.775510204081633
0,7,3,0,0,4,2,0,1,0,2,2,2,0,1,0,1,0,3.0,310,57,5.43859649122807
1,12,2,0,0,0,0,0,2,0,2,2,0,0,1,0,0,0,3.0,559,104,5.375
1,49,20,0,0,4,5,0,2,1,2,2,0,0,1,0,3,0,2.0,367,65,5.6461538461538465
1,2,2,0,2,0,0,0,1,1,0,0,0,0,11,0,0,0,8.0,361,78,4.628205128205129
1,24,2,42,1,0,1,0,1,0,2,2,2,0,1,0,3,0,2.0,305,57,5.350877192982456
1,1,2,0,1,1,2,0,1,0,0,2,0,1,1,38,0,0,1.0,277,52,5.326923076923077
1,2,2,0,2,0,1,1,1,0,0,0,0,0,3,0,0,0,12.0,35,6,5.833333333333333
0,1,3,0,1,1,2,0,0,0,0,0,0,0,1,0,1,0,1.0,328,50,6.56
1,53,63,0,1,0,4,0,1,0,2,2,2,1,1,0,0,0,1.0,191,37,5.162162162162162
1,1,2,0,2,0,1,1,1,1,2,2,0,0,4,0,0,0,10.0,103,20,5.15
1,2,2,0,1,5,2,0,1,1,0,0,0,0,1,0,9,0,5.0,250,39,6.410256410256411
1,8,2,0,0,0,0,0,1,1,0,0,0,0,1,0,0,0,2.0,60,10,6.0
1,5,25,11,1,0,2,0,1,1,2,2,2,0,1,0,0,0,3.0,232,38,6.105263157894737
1,9,25,3,1,0,1,0,1,0,2,2,2,0,1,0,0,0,2.0,238,43,5.534883720930233
1,36,80,56,1,6,0,0,1,1,0,2,0,0,1,0,1,0,3.0,342,69,4.956521739130435
0,1,10,26,0,1,4,1,0,0,2,2,0,0,1,0,0,0,4.0,277,53,5.226415094339623
0,4,3,0,1,3,2,0,1,1,2,2,0,0,1,0,1,0,4.0,290,49,5.918367346938775
0,212,3,0,1,0,2,0,1,0,2,2,0,0,1,0,2,1,13.0,271,56,4.839285714285714
0,3,0,0,0,1,2,0,1,0,1,1,1,0,1,0,5,0,3.0,42,10,4.2
1,1,2,0,1,6,0,0,1,1,0,0,0,0,1,20,3,0,1.0,122,21,5.809523809523809
0,0,3,9,0,4,2,0,1,0,0,0,0,0,1,0,0,0,2.0,201,43,4.674418604651163
1,4,2,3,1,6,2,0,1,0,2,2,2,0,1,50,9,0,3.0,524,95,5.515789473684211
0,5,56,26,0,0,1,1,1,0,0,0,0,0,2,0,1,0,2.0,78,17,4.588235294117647
1,9,2,0,1,4,5,1,1,0,2,2,2,0,2,0,2,0,3.0,414,74,5.594594594594595
1,2,2,0,1,1,2,0,1,0,0,0,0,0,1,0,0,0,1.0,823,143,5.755244755244755
0,2,3,0,1,2,0,0,0,0,0,0,0,0,1,20,0,1,2.0,25,6,4.166666666666667
0,2,3,0,1,0,4,1,0,0,2,2,0,0,1,0,0,0,2.0,127,22,5.7727272727272725
0,2,85,0,0,0,0,0,1,1,2,2,0,0,1,0,1,0,1.0,70,15,4.666666666666667
0,14,1,0,1,6,4,0,1,1,2,2,0,0,1,0,0,0,5.0,562,108,5.203703703703703
1,12,9,0,0,5,2,0,0,1,1,1,1,0,1,0,0,0,3.0,117,21,5.571428571428571
0,1,3,6,2,0,5,1,0,1,0,0,0,0,2,0,1,0,2.0,220,38,5.7894736842105265
0,3,3,0,1,3,0,0,0,0,0,2,0,1,1,0,0,0,8.0,218,45,4.844444444444444
1,10,57,3,1,0,0,0,1,0,2,2,2,0,1,100,0,0,8.0,1788,330,5.418181818181818
0,2,3,0,2,0,1,0,0,0,0,0,0,0,3,0,12,0,1.0,98,18,5.444444444444445
0,4,3,0,2,0,1,2,0,2,1,1,1,0,3,50,0,0,3.0,150,23,6.521739130434782
1,15,2,3,0,0,1,1,1,0,2,2,2,1,1,0,1,0,3.0,156,31,5.032258064516129
0,12,24,0,1,0,1,4,1,0,0,0,0,0,1,0,0,0,1.0,158,28,5.642857142857143
0,4,3,0,0,1,0,0,0,0,2,2,0,0,1,0,1,0,5.0,163,24,6.791666666666667
0,1,1,0,2,0,2,0,1,1,0,0,0,0,3,0,5,0,6.0,731,140,5.2214285714285715
1,0,101,3,0,0,0,0,1,0,0,0,0,0,1,0,1,0,6.0,117,26,4.5
0,24,1,0,0,0,2,0,1,1,0,0,0,0,1,0,0,0,4.0,136,24,5.666666666666667
1,36,19,0,0,6,4,3,1,1,2,2,1,1,1,200,0,0,1.0,128,23,5.565217391304348
0,3,3,0,1,0,0,0,0,0,0,0,0,0,1,0,1,0,0.0,49,10,4.9
1,1,2,0,1,0,0,0,1,0,0,2,0,0,2,0,0,0,8.0,447,89,5.022471910112359
0,10,3,0,0,0,2,0,1,0,2,2,2,0,1,100,1,0,1.0,70,11,6.363636363636363
1,0,5,0,0,1,6,0,0,1,1,1,0,0,1,0,0,0,2.0,21,3,7.0
1,14,13,84,0,0,6,1,1,1,2,2,2,0,1,0,0,0,4.0,281,63,4.4603174603174605
1,12,2,0,2,1,2,0,1,1,1,1,1,0,2,0,1,0,2.0,1567,264,5.9356060606060606
0,1,1,0,0,0,0,0,1,1,0,2,0,0,1,0,0,0,4.0,284,51,5.568627450980392
0,3,3,0,0,0,3,1,1,0,0,2,0,0,1,0,0,0,5.0,757,157,4.821656050955414
1,12,2,0,0,2,2,0,1,0,0,2,0,0,1,0,0,0,3.0,8,1,8.0
0,2,3,0,0,0,0,0,1,0,0,0,0,0,1,0,1,0,6.0,413,74,5.581081081081081
0,12,1,0,1,3,2,0,1,1,2,2,2,0,1,0,1,0,2.0,751,123,6.105691056910569
1,48,2,0,0,0,0,0,1,0,2,2,1,0,1,0,0,0,2.0,71,15,4.733333333333333
0,147,10,0,1,1,4,0,2,1,2,2,2,0,1,0,0,0,1.0,100,16,6.25
0,2,3,0,1,0,2,0,0,0,0,2,0,0,1,0,0,0,4.0,254,49,5.183673469387755
1,60,48,0,0,1,2,0,0,0,1,1,0,1,1,0,1,0,1.0,151,27,5.592592592592593
1,4,2,0,1,1,0,0,2,0,0,0,0,0,2,0,0,0,2.0,146,24,6.083333333333333
0,1,3,9,1,1,4,1,0,0,0,0,0,0,2,0,1,0,2.0,61,10,6.1
0,12,3,0,0,1,6,1,1,1,0,2,0,0,1,0,2,1,4.0,760,144,5.277777777777778
0,8,3,0,0,1,6,1,1,0,1,0,0,0,1,0,1,0,3.0,116,19,6.105263157894737
1,6,2,0,1,0,1,2,1,0,2,2,2,0,1,0,2,0,3.0,143,25,5.72
1,2,2,3,1,0,1,1,1,1,1,1,1,0,4,0,6,0,4.0,108,19,5.684210526315789
0,2,3,0,2,0,1,1,1,0,0,0,0,0,4,0,0,0,3.0,456,78,5.846153846153846
1,2,2,0,1,0,1,0,1,0,2,2,2,0,1,0,0,0,8.0,627,114,5.5
0,2,26,0,1,0,1,5,0,0,0,0,0,0,1,0,1,0,5.0,50,10,5.0
1,2,2,3,0,1,2,0,1,1,2,2,0,0,1,0,0,0,1.0,12,2,6.0
1,34,2,0,1,0,2,0,1,1,1,1,1,0,1,0,0,0,0.0,274,56,4.892857142857143
1,24,8,0,0,0,6,0,2,0,2,2,2,0,1,300,0,0,1.0,1420,244,5.819672131147541
1,4,2,0,1,1,2,0,1,1,2,2,2,0,1,0,0,0,3.0,426,75,5.68
1,24,20,0,2,4,2,0,2,1,2,2,0,0,2,0,0,0,5.0,275,52,5.288461538461538
1,1,2,0,0,0,6,0,1,1,0,0,0,0,2,0,0,0,6.0,502,97,5.175257731958763
1,48,2,3,0,2,0,0,0,2,2,2,1,0,2,0,1,0,5.0,195,40,4.875
1,36,34,0,1,2,2,0,0,0,2,2,1,0,1,400,1,0,1.0,300,66,4.545454545454546
1,1,2,0,1,0,2,0,0,0,0,2,0,0,2,0,1,0,5.0,273,53,5.150943396226415
1,6,2,0,1,0,1,0,1,0,2,2,0,0,1,0,0,0,3.0,274,53,5.169811320754717
0,24,1,1,1,0,5,1,1,2,1,1,1,0,6,0,0,0,4.0,20,5,4.0
1,17,9,7,1,2,3,0,0,1,2,2,0,0,1,0,0,0,2.0,398,77,5.1688311688311686
1,50,2,3,1,2,0,0,1,1,0,0,0,0,1,0,0,0,4.0,182,31,5.870967741935484
1,2,2,3,1,0,2,0,1,1,0,2,0,0,1,0,0,0,5.0,12,2,6.0
1,4,2,3,1,1,0,0,1,0,0,0,0,0,1,0,1,0,3.0,118,21,5.619047619047619
0,0,12,48,1,0,4,1,0,0,0,0,0,0,1,0,0,0,4.0,2048,394,5.197969543147208
0,4,1,0,1,5,2,0,1,1,0,0,0,0,1,100,0,0,5.0,85,14,6.071428571428571
1,17,63,0,0,5,2,0,1,0,2,2,0,0,1,0,3,0,1.0,320,53,6.037735849056604
1,5,2,0,2,0,1,1,0,0,0,0,0,0,4,1,8,0,5.0,378,65,5.815384615384615
0,5,4,1,1,1,4,3,1,1,2,2,2,0,2,30,0,0,10.0,500,94,5.319148936170213
0,10,7,0,0,1,4,0,2,2,2,2,0,0,1,100,6,0,2.0,210,44,4.7727272727272725
0,1,7,0,1,0,2,0,0,1,2,2,0,0,1,0,1,0,1.0,302,60,5.033333333333333
0,2,56,0,0,6,2,0,0,0,2,2,2,0,1,0,0,0,2.0,514,91,5.648351648351649
0,6,3,0,0,4,0,0,1,0,0,2,0,0,1,30,0,0,1.0,318,57,5.578947368421052
1,1,2,0,0,1,2,0,0,0,1,1,1,0,4,0,0,0,1.0,297,60,4.95
1,60,9,3,1,0,1,3,0,1,1,2,1,1,1,100,9,0,3.0,777,147,5.285714285714286
0,5,3,0,0,6,0,0,0,0,2,2,1,0,1,0,1,0,5.0,115,17,6.764705882352941
1,1,2,0,0,1,0,0,1,1,0,0,0,0,1,0,3,0,2.0,103,15,6.866666666666666
1,6,2,0,0,0,2,0,1,0,2,2,0,0,1,0,0,0,5.0,592,121,4.892561983471074
0,4,3,0,0,0,1,0,1,1,0,0,0,0,1,0,0,0,1.0,201,35,5.742857142857143
1,2,2,0,2,1,5,1,0,0,1,1,1,0,3,0,2,1,3.0,157,30,5.233333333333333
1,2,2,0,1,0,1,0,1,0,1,1,0,0,1,0,0,0,2.0,125,21,5.9523809523809526
1,4,2,3,0,0,2,0,1,0,2,2,0,0,1,150,0,0,1.0,82,15,5.466666666666667
1,18,80,56,0,2,0,0,2,1,0,2,0,0,1,0,1,0,3.0,312,67,4.656716417910448
0,2,3,0,0,0,0,0,0,0,0,0,0,0,1,0,1,0,1.0,142,22,6.454545454545454
0,7,7,9,2,1,0,0,1,1,2,2,0,0,2,250,1,0,16.0,17,3,5.666666666666667
0,4,3,0,2,0,3,1,1,0,0,2,0,0,4,0,0,0,1.0,489,91,5.373626373626373
1,3,2,0,0,0,1,4,2,0,0,0,0,0,5,0,1,1,8.0,186,31,6.0
0,2,3,0,2,0,1,1,0,0,0,2,0,0,2,0,1,0,25.0,459,88,5.215909090909091
1,3,2,0,1,0,1,1,0,1,2,2,0,0,1,200,0,0,2.0,222,41,5.414634146341464
0,1,3,0,1,0,3,0,0,0,0,2,0,0,1,0,0,0,2.0,208,37,5.621621621621622
1,6,2,0,1,0,1,0,1,1,0,0,0,0,2,0,1,0,2.0,501,103,4.864077669902913
0,0,3,0,2,0,6,4,1,0,0,0,0,0,4,0,0,0,6.0,545,93,5.860215053763441
1,36,2,0,1,0,1,0,2,0,0,0,0,0,1,0,1,0,3.0,154,27,5.703703703703703
1,2,2,0,2,0,1,2,2,0,2,2,1,0,2,0,1,0,1.0,197,33,5.96969696969697
1,3,2,0,0,1,4,1,1,1,0,0,0,0,5,0,3,0,12.0,58,10,5.8
0,1,3,0,0,4,2,0,0,0,1,1,1,0,1,0,0,0,1.0,45,6,7.5
1,2,2,0,1,2,0,0,1,0,0,0,0,0,1,20,3,0,1.0,142,24,5.916666666666667
1,1,2,0,2,0,0,0,1,0,1,1,1,0,2,0,0,0,2.0,379,72,5.263888888888889
1,18,2,0,1,0,1,0,2,1,1,1,1,1,1,0,0,0,4.0,1660,325,5.107692307692307
0,1,1,10,2,0,3,1,0,1,0,2,0,0,3,150,0,0,8.0,91,15,6.066666666666666
1,2,2,0,1,5,2,0,1,1,2,2,0,0,1,0,1,1,14.0,246,47,5.23404255319149
0,2,4,0,0,6,0,0,1,0,0,2,0,0,1,100,0,0,4.0,294,52,5.653846153846154
1,4,2,0,0,0,2,0,1,0,2,2,0,0,1,0,5,0,2.0,47,8,5.875
1,2,2,0,1,0,1,0,1,1,1,1,0,0,1,0,0,0,1.0,122,21,5.809523809523809
0,3,3,0,0,3,0,0,0,0,0,2,0,0,1,0,1,0,1.0,66,11,6.0
1,3,2,0,1,5,2,0,1,1,0,2,0,0,1,0,5,0,3.0,400,81,4.938271604938271
1,1,2,3,0,1,2,0,1,0,2,2,0,0,1,0,0,0,7.0,413,74,5.581081081081081
0,2,3,0,1,3,0,0,1,0,0,0,0,0,1,100,0,0,5.0,75,14,5.357142857142857
1,12,57,3,0,0,0,0,0,0,1,1,2,0,1,0,1,0,2.0,23,6,3.8333333333333335
0,1,1,6,2,0,2,0,0,1,0,0,0,0,2,0,0,0,4.0,31,5,6.2
0,1,1,0,2,4,0,0,0,1,0,0,0,0,5,0,0,0,1.0,205,41,5.0
0,4,10,9,0,1,4,0,0,1,0,0,0,0,1,0,0,1,4.0,27,4,6.75
0,10,3,0,1,3,0,0,0,0,0,2,2,0,1,0,0,0,1.0,398,68,5.852941176470588
0,5,1,0,1,0,0,0,1,1,0,0,0,0,1,0,0,0,1.0,29,6,4.833333333333333
0,3,3,9,0,5,2,0,1,0,0,2,0,0,1,0,1,0,1.0,377,75,5.026666666666666
0,2,3,0,1,0,0,0,0,0,0,2,0,0,1,0,0,0,3.0,624,119,5.243697478991597
0,2,3,0,0,3,2,0,1,0,0,0,0,0,1,0,1,0,1.0,401,73,5.493150684931507
1,1,2,0,1,0,1,1,1,0,0,2,0,0,7,0,0,0,3.0,349,66,5.287878787878788
0,1,3,0,1,1,4,1,1,0,0,0,0,0,1,0,0,1,16.0,1463,269,5.438661710037175
0,48,3,8,1,1,3,1,0,0,2,2,2,0,2,30,0,0,6.0,1600,320,5.0
1,4,2,0,2,0,4,1,1,1,2,2,0,0,5,0,0,0,4.0,103,17,6.0588235294117645
1,4,2,0,1,1,0,0,1,1,2,2,0,0,1,0,0,0,2.0,94,19,4.947368421052632
0,9,36,10,1,0,1,3,1,1,0,0,0,0,1,0,0,0,1.0,23,3,7.666666666666667
1,2,2,0,0,1,2,0,1,1,0,0,0,0,1,1,1,3,3.0,638,128,4.984375
1,6,2,3,1,1,2,0,1,0,2,2,2,0,1,100,0,0,6.0,83,14,5.928571428571429
0,1,3,0,0,0,0,0,0,0,0,0,0,0,1,0,9,0,1.0,20,4,5.0
1,45,19,0,1,5,2,0,0,0,2,2,2,0,1,0,0,0,2.0,212,34,6.235294117647059
0,8,1,0,1,3,2,0,1,1,2,2,2,0,1,0,1,0,5.0,12,2,6.0
0,8,1,0,0,3,0,0,1,1,0,0,0,0,1,0,0,0,3.0,289,58,4.982758620689655
0,2,3,0,1,0,1,3,0,1,2,2,1,1,1,0,0,0,3.0,223,44,5.068181818181818
1,3,39,3,0,0,1,0,1,0,1,1,0,0,1,0,0,0,4.0,132,23,5.739130434782608
0,15,1,0,1,5,2,0,1,1,0,2,0,0,1,0,2,0,1.0,61,10,6.1
1,24,2,0,0,1,2,0,1,1,1,1,1,0,1,0,0,0,2.0,157,29,5.413793103448276
0,3,3,0,1,1,2,0,0,0,2,2,2,0,1,0,1,0,3.0,213,40,5.325
0,1,3,0,2,0,5,3,1,0,0,0,0,0,4,50,0,1,7.0,360,67,5.373134328358209
1,3,2,3,0,1,2,0,1,0,2,1,2,0,1,0,0,0,1.0,554,103,5.378640776699029
0,18,4,0,1,0,2,0,2,2,2,2,0,0,1,300,0,0,2.0,295,49,6.020408163265306
1,1,2,0,2,0,1,2,1,1,0,0,0,0,2,0,0,0,5.0,187,32,5.84375
1,8,2,0,1,5,2,0,1,1,2,2,2,0,1,0,1,0,3.0,121,20,6.05
1,2,5,3,0,0,0,0,1,0,0,2,0,0,1,0,0,0,3.0,451,85,5.305882352941176
0,22,3,0,1,0,2,0,1,0,2,2,2,0,1,90,0,0,2.0,4568,762,5.994750656167979
0,2,4,1,2,0,3,0,1,2,1,1,1,0,2,0,1,0,3.0,119,23,5.173913043478261
1,6,2,0,1,1,0,0,1,0,2,2,2,2,1,0,1,0,6.0,794,150,5.293333333333333
1,3,2,0,1,1,4,0,1,1,0,0,0,0,5,0,3,0,1.0,62,11,5.636363636363637
1,2,2,0,1,0,1,0,1,0,0,0,0,0,1,0,0,0,3.0,185,32,5.78125
1,2,2,0,1,1,6,0,1,1,2,2,0,0,1,100,0,0,4.0,253,57,4.43859649122807
0,4,115,9,1,1,5,2,0,0,0,0,0,0,1,0,0,0,3.0,453,76,5.9605263157894735
1,1,2,0,2,0,1,1,1,1,0,0,0,0,4,0,0,0,9.0,351,49,7.163265306122449
1,24,2,0,0,4,2,0,1,1,2,2,0,0,1,0,1,0,8.0,603,107,5.635514018691588
0,18,3,0,0,1,0,0,2,0,2,2,2,0,1,0,1,0,1.0,322,67,4.8059701492537314
1,2,2,0,2,0,2,0,1,1,0,1,0,0,6,0,3,0,5.0,86,18,4.777777777777778
0,24,3,9,1,3,2,0,1,0,2,2,2,0,1,0,0,0,3.0,41,4,10.25
1,1,2,0,2,0,1,0,2,0,0,0,0,0,4,0,0,0,1.0,327,61,5.360655737704918
0,2,3,0,1,4,0,0,1,0,0,0,0,0,1,0,0,0,7.0,658,117,5.6239316239316235
1,5,2,0,1,4,4,0,1,0,2,2,0,0,1,0,0,0,3.0,240,47,5.1063829787234045
1,2,2,3,1,0,1,2,0,0,0,0,0,0,2,0,3,0,4.0,138,29,4.758620689655173
0,8,31,16,1,0,0,0,1,1,0,2,0,0,1,0,1,0,7.0,117,17,6.882352941176471
0,2,3,0,1,1,3,0,0,0,0,2,2,0,1,0,1,0,4.0,14,3,4.666666666666667
0,4,3,48,1,1,3,1,0,0,0,2,0,0,1,0,1,0,4.0,48,7,6.857142857142857
1,1,2,0,1,0,1,0,1,1,0,2,0,0,1,0,0,1,13.0,673,114,5.9035087719298245
1,2,2,0,1,0,2,0,1,1,0,0,0,0,1,0,3,0,1.0,275,52,5.288461538461538
0,12,10,0,1,1,6,1,1,0,0,0,0,0,1,0,0,0,4.0,377,65,5.8
1,2,2,0,1,0,5,0,1,0,0,0,0,0,1,0,0,0,13.0,895,148,6.047297297297297
1,2,2,0,1,1,0,0,1,1,2,2,1,0,1,0,6,0,1.0,90,16,5.625
1,2,2,0,0,0,2,0,1,0,2,2,0,0,1,0,0,0,1.0,172,32,5.375
1,12,2,0,1,1,2,0,1,0,0,0,2,0,1,0,6,0,4.0,371,74,5.013513513513513
0,2,54,9,1,0,0,0,1,0,0,2,0,0,1,50,0,2,5.0,1168,214,5.457943925233645
0,28,10,0,0,1,2,0,2,1,0,0,1,2,1,0,2,0,0.0,278,45,6.177777777777778
0,2,3,0,2,0,3,1,0,0,0,0,0,0,4,0,0,0,13.0,456,89,5.123595505617978
0,1,0,0,2,1,3,1,0,0,0,0,0,0,5,0,0,0,0.0,986,198,4.97979797979798
0,1,10,9,1,3,2,0,1,1,0,0,0,0,1,0,0,0,1.0,8,1,8.0
0,2,61,0,1,2,0,0,2,2,0,0,0,0,1,200,0,0,1.0,35,6,5.833333333333333
1,1,2,3,0,0,0,0,1,1,0,2,0,0,1,0,0,0,4.0,12,2,6.0
0,1,26,9,1,0,1,5,0,0,0,0,0,0,1,0,1,0,2.0,156,34,4.588235294117647
1,36,5,0,0,0,1,0,2,2,2,2,2,0,1,300,0,0,1.0,1421,241,5.8962655601659755
1,18,2,0,1,2,2,0,1,1,2,2,2,0,1,0,2,0,10.0,904,174,5.195402298850575
1,12,2,0,1,0,0,0,1,2,1,1,1,1,1,0,0,0,3.0,1380,256,5.390625
0,3,3,0,1,4,2,0,0,0,0,0,0,0,2,0,0,0,10.0,248,44,5.636363636363637
1,2,2,3,1,1,0,0,1,1,0,2,0,0,1,0,0,0,4.0,12,2,6.0
1,60,2,0,0,1,4,1,1,1,1,1,1,0,1,0,0,0,2.0,767,146,5.2534246575342465
1,2,2,0,1,1,0,0,1,0,0,0,0,0,1,0,0,2,6.0,681,135,5.044444444444444
0,15,31,0,0,0,0,0,1,0,2,2,0,0,1,0,1,0,3.0,138,29,4.758620689655173
0,4,0,9,0,1,3,1,1,0,2,2,0,0,1,0,1,0,13.0,1034,178,5.808988764044944
1,3,2,0,0,0,0,0,1,0,2,2,0,0,1,0,0,2,15.0,345,52,6.634615384615385
1,60,53,0,1,0,0,0,0,0,2,2,0,0,1,100,3,0,6.0,881,162,5.438271604938271
1,2,2,3,0,0,1,0,1,1,2,2,0,0,1,0,0,0,1.0,12,2,6.0
0,17,3,0,2,0,1,1,1,0,0,2,2,0,4,200,0,0,5.0,230,43,5.348837209302325
1,4,2,0,1,1,2,0,1,0,2,2,0,0,1,0,0,0,2.0,138,22,6.2727272727272725
1,6,2,0,0,5,2,0,1,1,2,2,2,0,1,0,0,0,4.0,705,137,5.145985401459854
0,7,26,9,1,0,1,4,2,0,1,1,1,0,1,0,1,0,2.0,485,88,5.511363636363637
1,2,2,7,2,0,1,5,1,2,0,0,0,0,2,0,2,0,2.0,257,48,5.354166666666667
0,6,3,0,1,0,1,1,1,0,0,2,0,0,1,0,1,0,10.0,545,99,5.505050505050505
0,36,3,0,0,1,2,0,1,1,2,2,2,0,1,0,1,0,3.0,216,33,6.545454545454546
1,1,2,0,1,1,2,0,1,0,2,2,0,0,1,0,0,0,10.0,457,78,5.858974358974359
1,1,2,0,1,0,1,1,1,0,0,2,0,0,1,0,0,0,5.0,313,64,4.890625
0,3,3,26,1,0,1,1,1,0,0,0,0,0,1,0,0,0,6.0,906,158,5.734177215189874
0,6,46,44,1,1,6,3,1,0,2,2,2,0,2,0,1,0,4.0,394,69,5.7101449275362315
1,2,5,3,0,0,6,0,1,1,2,2,0,0,1,0,0,0,6.0,166,29,5.724137931034483
1,5,2,0,1,0,2,0,1,0,2,0,2,0,1,0,0,1,1.0,203,36,5.638888888888889
0,5,3,0,1,0,4,1,1,0,0,2,0,0,3,0,1,0,5.0,246,44,5.590909090909091
1,2,2,0,1,1,2,0,1,0,2,2,0,0,1,0,1,0,4.0,155,26,5.961538461538462
1,30,19,28,0,0,2,0,0,0,2,2,2,0,1,0,0,0,3.0,1498,286,5.2377622377622375
1,4,2,3,1,5,2,0,2,0,2,2,2,0,1,50,9,0,2.0,227,41,5.536585365853658
0,18,3,0,1,0,1,1,1,1,2,2,2,0,1,0,0,0,5.0,313,58,5.396551724137931
0,5,3,26,0,0,2,0,1,0,0,0,0,0,1,0,0,0,1.0,695,133,5.225563909774436
1,12,2,0,0,4,5,0,1,0,2,2,2,0,1,200,0,1,10.0,231,41,5.634146341463414
0,9,17,0,1,0,2,0,0,0,0,2,2,0,1,0,0,0,1.0,419,82,5.109756097560975
0,2,30,0,0,0,2,0,1,0,0,0,0,0,1,0,1,0,0.0,168,31,5.419354838709677
0,3,3,10,1,0,0,0,2,0,2,2,0,0,1,0,1,0,2.0,20,5,4.0
0,1,1,0,0,0,3,1,1,1,0,0,0,0,1,0,0,0,8.0,301,61,4.934426229508197
0,144,141,5,0,4,2,0,2,0,2,2,2,0,1,0,1,0,5.0,487,88,5.534090909090909
0,2,3,0,1,0,2,0,0,0,0,0,0,0,1,0,1,0,3.0,168,34,4.9411764705882355
1,21,2,0,0,1,0,0,1,0,2,2,2,0,1,200,0,0,3.0,231,43,5.372093023255814
1,5,2,3,1,2,2,0,1,0,2,2,0,0,1,50,0,0,3.0,270,50,5.4
0,4,3,0,1,4,3,1,0,0,2,2,0,0,1,0,1,0,4.0,507,99,5.121212121212121
0,15,3,0,1,0,1,0,1,0,0,0,0,0,1,0,5,0,2.0,312,61,5.114754098360656
0,2,26,6,1,1,5,1,1,1,2,2,0,0,1,50,0,0,2.0,893,172,5.191860465116279
1,3,2,3,1,0,1,0,1,1,2,2,0,0,1,0,0,0,2.0,12,2,6.0
0,5,78,6,1,0,0,0,1,1,0,0,0,0,1,350,0,0,6.0,111,19,5.842105263157895
1,24,2,0,0,0,1,4,1,1,2,2,2,0,1,0,2,0,3.0,314,63,4.984126984126984
0,1,3,0,2,0,1,1,0,0,0,0,0,0,3,0,0,0,1.0,94,17,5.529411764705882
0,12,1,0,0,5,2,0,1,1,0,0,0,0,1,0,0,0,1.0,314,64,4.90625
1,12,2,0,1,1,2,0,1,0,2,2,2,0,1,0,0,0,2.0,507,91,5.571428571428571
1,48,33,0,0,1,2,0,1,1,2,2,0,0,1,200,0,0,0.0,263,55,4.781818181818182
1,42,20,0,1,6,2,0,1,2,0,0,2,1,1,0,0,0,0.0,745,150,4.966666666666667
1,0,2,0,1,0,0,0,1,0,0,2,0,0,1,0,0,0,9.0,462,91,5.076923076923077
1,48,9,3,0,2,2,0,0,1,2,2,2,0,1,0,1,0,3.0,733,141,5.198581560283688
0,1,1,0,0,4,3,1,1,1,0,0,0,0,1,0,1,0,3.0,56,9,6.222222222222222
1,1,2,0,0,0,6,0,1,1,2,2,0,0,1,0,0,0,8.0,393,69,5.695652173913044
1,4,2,3,1,1,2,0,1,0,2,2,0,0,1,150,0,0,1.0,116,23,5.043478260869565
1,12,2,0,1,0,2,0,1,1,0,2,2,0,1,0,5,0,6.0,315,62,5.080645161290323
0,3,0,9,0,0,3,1,1,0,2,2,0,0,1,0,0,0,4.0,338,62,5.451612903225806
1,36,34,98,1,2,2,0,1,1,2,1,2,0,1,0,6,0,2.0,193,33,5.848484848484849
1,3,2,0,0,3,0,0,1,0,2,2,0,0,1,100,0,0,2.0,22,4,5.5
1,1,2,0,1,1,2,0,1,0,0,0,0,0,1,0,2,1,8.0,698,132,5.287878787878788
0,4,36,0,1,0,1,3,0,0,0,1,0,0,1,50,0,0,5.0,282,52,5.423076923076923
0,2,3,0,1,0,2,0,1,1,0,2,0,0,1,0,1,0,25.0,89,16,5.5625
0,1,1,0,2,2,3,0,0,1,0,0,0,0,5,0,0,0,3.0,123,17,7.235294117647059
0,1,3,0,1,0,1,1,0,0,0,0,0,0,3,0,1,0,2.0,61,11,5.545454545454546
0,3,26,23,2,0,3,0,0,0,0,0,0,0,2,0,0,0,4.0,479,92,5.206521739130435
1,48,66,0,0,4,2,0,0,1,2,2,0,0,1,0,1,0,1.0,98,18,5.444444444444445
1,24,48,3,1,0,2,0,1,0,2,2,2,0,1,0,0,0,4.0,558,108,5.166666666666667
1,3,2,0,1,1,2,0,1,1,0,0,0,0,1,0,0,0,1.0,65,12,5.416666666666667
0,2,1,0,1,2,0,0,0,1,0,0,0,0,1,0,0,0,1.0,144,27,5.333333333333333
0,4,0,0,1,0,1,0,1,0,1,1,2,0,5,0,5,0,1.0,130,23,5.6521739130434785
1,49,9,0,1,3,0,0,0,1,2,2,2,0,1,0,1,0,1.0,296,56,5.285714285714286
0,3,3,0,1,6,3,1,2,0,2,2,2,0,1,100,0,0,2.0,118,21,5.619047619047619
1,5,2,3,0,5,2,0,1,0,0,0,0,0,1,0,0,0,2.0,147,4,36.75
1,3,2,0,0,2,2,0,1,0,2,2,0,0,1,0,1,0,8.0,302,64,4.71875
1,2,2,0,1,0,1,0,1,0,1,2,0,0,1,0,1,0,2.0,71,13,5.461538461538462
1,36,98,0,1,1,2,0,0,1,2,2,2,0,1,0,1,0,10.0,189,32,5.90625
0,12,10,0,0,1,4,1,1,0,2,2,0,0,1,50,0,0,5.0,127,22,5.7727272727272725
1,10,151,111,1,2,2,0,2,1,2,2,2,0,1,5,1,0,0.0,196,40,4.9
0,3,3,9,1,2,0,0,1,0,2,2,0,0,1,50,0,0,3.0,398,83,4.795180722891566
1,36,9,2,0,1,4,0,0,2,2,2,2,0,2,0,3,0,3.0,171,34,5.029411764705882
0,3,7,1,0,5,2,0,1,2,0,2,0,0,1,700,0,0,3.0,94,18,5.222222222222222
0,7,3,0,1,6,4,1,1,0,0,0,0,0,1,50,0,0,2.0,139,28,4.964285714285714
0,1,0,0,2,4,3,1,1,1,1,1,0,0,5,0,0,0,2.0,304,54,5.62962962962963
1,1,2,0,1,0,1,2,1,1,0,2,0,0,3,0,1,0,1.0,57,8,7.125
1,2,2,0,1,0,1,0,1,1,2,2,0,0,1,0,1,0,14.0,387,75,5.16
1,21,9,0,0,1,4,1,0,2,2,2,0,0,1,200,1,0,2.0,828,171,4.842105263157895
1,24,2,7,0,1,2,0,1,1,1,2,0,0,1,0,8,0,2.0,285,62,4.596774193548387
1,1,2,0,0,1,2,0,1,0,0,2,0,0,1,0,1,0,1.0,91,17,5.352941176470588
1,2,2,0,2,0,1,0,1,1,1,1,0,0,3,0,1,0,2.0,1567,264,5.9356060606060606
0,5,1,0,1,1,4,0,0,1,0,0,0,0,1,0,0,0,6.0,278,60,4.633333333333334
1,2,2,0,1,1,2,0,1,1,1,1,1,0,1,0,6,0,1.0,64,11,5.818181818181818
1,2,2,3,1,1,2,0,1,0,2,2,0,0,1,0,1,0,3.0,214,37,5.783783783783784
1,2,39,3,0,0,1,0,2,0,2,2,0,0,1,0,0,0,4.0,105,20,5.25
1,1,2,0,1,0,1,0,1,0,2,2,0,0,1,0,0,0,9.0,136,23,5.913043478260869
0,3,3,0,1,3,0,0,0,0,0,2,0,0,1,0,1,0,10.0,545,105,5.190476190476191
1,5,2,0,1,0,2,0,1,0,2,2,2,0,1,250,0,1,4.0,814,151,5.3907284768211925
1,3,2,0,0,1,4,0,1,0,0,0,0,0,2,0,0,0,6.0,544,103,5.281553398058253
1,2,2,0,1,2,0,0,2,0,2,2,0,0,1,50,0,0,4.0,141,27,5.222222222222222
0,12,4,0,1,0,1,5,1,1,1,1,1,0,1,0,0,0,3.0,338,66,5.121212121212121
1,2,114,0,2,0,2,0,1,0,0,0,0,0,2,0,0,0,2.0,98,18,5.444444444444445
1,3,2,0,1,1,0,0,0,0,0,2,1,0,3,0,0,0,2.0,325,49,6.63265306122449
1,2,2,3,0,1,2,0,1,1,2,2,0,0,1,0,0,0,4.0,12,2,6.0
1,3,2,38,1,0,1,0,1,1,2,2,0,0,1,0,0,1,5.0,445,91,4.8901098901098905
1,7,2,0,1,1,2,0,1,0,2,2,0,0,1,0,1,0,1.0,425,80,5.3125
0,2,4,9,1,2,2,0,1,1,0,0,0,0,1,80,0,0,5.0,256,50,5.12
0,5,0,0,1,2,3,1,1,1,2,2,2,0,1,150,5,0,6.0,2634,497,5.2997987927565395
1,3,2,0,2,1,4,1,1,0,0,0,0,0,4,0,2,0,2.0,67,11,6.090909090909091
1,12,2,0,1,2,2,0,2,1,2,0,2,0,1,0,0,0,2.0,184,32,5.75
0,2,3,0,1,0,1,1,1,0,0,0,0,0,1,0,0,0,2.0,168,35,4.8
0,2,3,0,0,3,0,0,1,0,2,0,0,0,1,0,7,0,3.0,987,191,5.167539267015707
0,7,3,0,1,1,0,0,1,1,0,0,0,0,2,0,1,0,2.0,33,6,5.5
0,24,3,0,0,0,1,0,1,0,2,2,2,0,1,100,0,0,7.0,322,56,5.75
0,4,1,0,2,1,4,1,1,1,2,2,0,0,2,0,1,0,11.0,1081,196,5.51530612244898
0,10,10,1,2,1,6,2,1,2,0,0,0,0,3,0,1,0,4.0,376,75,5.013333333333334
1,2,2,0,1,1,2,0,1,1,2,2,0,0,1,0,0,0,1.0,173,35,4.942857142857143
0,6,3,0,1,4,4,1,1,0,2,2,2,0,1,0,0,0,4.0,368,68,5.411764705882353
1,48,34,0,0,1,2,0,1,0,1,1,0,1,1,0,1,0,2.0,16,3,5.333333333333333
1,18,104,7,1,2,2,0,0,1,1,2,1,0,1,100,0,0,4.0,1198,210,5.704761904761905
0,24,3,9,2,0,1,1,2,0,0,0,0,0,5,0,0,0,5.0,71,15,4.733333333333333
0,9,3,0,1,1,0,0,1,0,0,0,0,0,1,0,1,0,1.0,325,62,5.241935483870968
1,1,2,3,1,0,1,0,1,1,0,0,0,0,1,0,0,0,1.0,12,2,6.0
0,2,3,26,1,0,3,0,1,0,0,2,0,0,1,0,1,0,11.0,1398,250,5.592
0,3,3,0,1,0,3,1,1,0,2,2,1,0,1,0,9,0,7.0,268,53,5.056603773584905
1,24,2,0,1,0,4,3,1,0,2,2,2,0,1,0,0,0,11.0,294,59,4.983050847457627
0,1,31,0,0,0,0,0,1,1,0,0,0,0,1,50,0,0,3.0,443,92,4.815217391304348
1,7,2,0,1,5,2,0,1,0,0,0,2,0,1,0,0,0,5.0,185,33,5.606060606060606
1,14,2,0,1,0,2,0,1,0,2,2,2,0,1,0,1,1,2.0,805,158,5.094936708860759
1,7,2,3,1,0,1,0,1,0,0,0,2,0,1,0,5,0,5.0,273,41,6.658536585365853
0,2,0,26,1,3,2,0,0,0,1,1,0,0,1,0,0,0,0.0,107,20,5.35
1,24,2,3,1,2,0,0,1,1,2,2,2,0,1,0,1,0,2.0,469,83,5.650602409638554
1,1,2,3,2,0,1,1,0,0,0,1,1,0,4,50,5,0,3.0,12,3,4.0
0,60,7,10,1,2,3,1,1,2,2,2,0,0,1,100,0,0,3.0,347,70,4.957142857142857
1,13,2,0,0,1,2,0,1,1,2,2,0,0,1,0,0,0,4.0,204,42,4.857142857142857
0,6,3,0,0,1,5,1,0,0,2,2,0,0,1,0,0,0,3.0,291,54,5.388888888888889
1,12,2,3,1,1,5,1,1,1,2,2,2,0,1,0,1,1,2.0,14,2,7.0
0,2,3,0,1,0,1,3,1,0,0,2,0,0,1,0,0,0,2.0,711,135,5.266666666666667
1,2,2,3,2,2,2,0,1,0,2,2,0,0,2,0,0,0,6.0,996,185,5.383783783783784
1,3,2,0,1,0,1,0,1,0,2,2,0,0,1,0,0,0,3.0,48,9,5.333333333333333
1,36,9,7,1,0,3,1,0,2,2,2,0,0,1,0,5,0,2.0,537,98,5.479591836734694
0,6,3,0,1,5,2,0,1,0,2,2,0,0,1,0,0,0,2.0,85,17,5.0
1,36,2,0,0,0,5,1,1,1,1,1,1,0,1,0,1,0,3.0,632,114,5.543859649122807
0,5,1,0,0,6,0,0,1,1,2,2,0,0,1,0,0,0,2.0,301,61,4.934426229508197
1,50,19,0,1,0,3,0,0,1,2,2,1,0,1,100,2,0,4.0,121,25,4.84
1,2,25,3,2,0,1,0,1,0,1,1,0,0,3,0,1,0,1.0,95,19,5.0
1,3,2,0,0,0,1,1,1,1,0,2,0,0,2,0,8,0,3.0,283,53,5.339622641509434
0,18,4,0,0,3,0,0,1,2,2,2,2,0,1,500,2,0,0.0,1332,246,5.414634146341464
0,4,3,0,2,0,5,0,1,0,0,2,0,0,3,0,1,0,3.0,136,25,5.44
1,2,5,51,1,1,2,0,1,1,2,2,0,0,1,250,1,0,4.0,402,65,6.184615384615385
0,3,29,0,2,0,1,1,0,2,0,0,0,0,2,0,0,0,5.0,169,33,5.121212121212121
1,4,2,3,2,1,4,1,1,0,0,0,0,0,5,0,0,0,6.0,565,101,5.594059405940594
0,24,10,0,1,1,4,0,1,0,0,2,0,0,1,100,0,0,8.0,801,145,5.524137931034483
1,12,2,0,1,5,2,0,1,0,2,0,2,0,4,0,0,0,14.0,460,82,5.609756097560975
0,3,3,0,1,0,3,1,0,0,1,1,1,0,2,0,9,0,2.0,16,3,5.333333333333333
0,10,3,0,0,4,2,0,1,0,2,2,0,0,1,0,0,0,5.0,131,24,5.458333333333333
1,4,2,3,1,0,5,0,1,1,2,2,2,0,1,0,1,0,1.0,186,37,5.027027027027027
1,29,20,0,0,1,6,2,2,2,1,1,0,0,1,400,0,0,3.0,374,66,5.666666666666667
1,24,9,2,1,1,0,0,0,2,1,1,1,1,1,0,1,0,1.0,83,17,4.882352941176471
1,48,63,0,0,1,2,0,1,0,2,2,0,0,1,50,1,0,0.0,155,30,5.166666666666667
1,6,2,3,1,0,1,0,1,0,1,1,1,0,1,0,0,0,0.0,48,9,5.333333333333333
1,4,2,0,1,0,4,0,1,0,0,2,0,0,1,0,0,0,5.0,690,131,5.267175572519084
1,12,2,0,1,0,0,0,1,0,1,1,1,0,1,0,3,0,3.0,317,60,5.283333333333333
1,5,2,0,0,0,1,0,1,0,1,1,1,0,1,0,0,0,0.0,10,2,5.0
0,2,1,0,2,6,0,0,0,0,0,0,0,0,3,0,0,0,6.0,103,23,4.478260869565218
0,1,3,0,1,1,4,1,0,0,0,2,1,0,1,100,0,0,3.0,392,61,6.426229508196721
1,3,2,0,0,1,2,0,1,1,1,1,1,0,1,0,0,0,3.0,170,25,6.8
0,36,78,1,0,0,1,1,2,1,2,2,2,0,4,0,1,0,4.0,547,100,5.47
0,10,10,10,0,2,0,0,2,1,0,0,1,0,1,0,0,0,3.0,281,61,4.60655737704918
1,12,2,3,2,1,0,0,1,0,2,2,1,0,2,0,1,0,1.0,288,53,5.433962264150943
1,12,72,3,1,0,1,5,0,1,1,2,2,0,1,0,0,0,1.0,69,12,5.75
0,24,3,9,1,2,2,0,0,0,2,2,1,0,1,0,0,0,2.0,102,20,5.1
1,3,2,3,1,0,1,5,0,0,1,1,1,0,1,0,1,0,1.0,50,10,5.0
1,84,125,64,0,0,2,0,2,2,2,2,0,0,1,0,1,0,4.0,349,51,6.8431372549019605
0,7,24,9,1,1,4,3,1,1,2,2,2,0,1,100,0,0,4.0,346,48,7.208333333333333
1,10,100,94,1,0,0,0,1,1,2,2,2,0,1,0,8,0,3.0,595,113,5.265486725663717
0,2,3,0,1,0,0,0,0,1,0,0,0,0,1,0,1,0,1.0,12,2,6.0
0,18,4,1,1,1,3,1,2,2,0,2,0,0,1,50,0,0,5.0,359,63,5.698412698412699
1,24,2,0,0,0,5,0,1,0,0,0,0,0,1,0,0,0,2.0,765,146,5.239726027397261
1,1,2,0,2,0,1,2,1,1,0,2,0,0,3,0,0,0,5.0,320,41,7.804878048780488
0,7,1,0,1,2,0,0,2,1,0,0,0,0,1,0,0,0,4.0,692,137,5.0510948905109485
1,24,9,7,1,4,4,0,0,2,2,2,0,0,1,0,0,0,1.0,550,109,5.045871559633028
1,1,2,3,1,0,1,0,0,0,0,2,0,0,3,50,2,1,11.0,561,107,5.242990654205608
1,24,2,3,1,1,2,0,2,0,2,2,1,0,1,0,0,0,1.0,237,53,4.471698113207547
0,3,3,0,0,0,0,0,0,0,0,2,0,0,1,0,5,0,5.0,383,67,5.7164179104477615
1,2,2,0,1,1,2,0,1,0,0,0,0,0,1,20,3,0,1.0,117,20,5.85
0,36,3,0,0,1,4,0,1,0,1,1,1,0,1,0,1,0,2.0,206,40,5.15
0,5,3,0,1,4,5,1,1,0,0,2,0,0,1,10,4,0,2.0,430,75,5.733333333333333
1,84,9,0,1,4,0,0,0,2,2,2,2,0,1,180,0,0,3.0,164,31,5.290322580645161
0,3,3,0,0,2,0,0,1,0,2,2,0,0,3,0,0,0,5.0,271,51,5.313725490196078
0,7,3,0,1,0,1,3,1,0,0,0,0,0,1,1,0,0,1.0,220,39,5.641025641025641
0,3,3,0,2,0,1,0,2,0,0,0,0,0,4,0,1,0,23.0,10,3,3.3333333333333335
0,3,3,0,0,0,3,1,0,0,0,0,0,0,1,0,1,1,8.0,266,58,4.586206896551724
1,36,83,28,1,5,2,0,0,1,2,2,2,0,1,100,0,0,4.0,45,4,11.25
1,3,2,0,1,1,5,0,1,0,2,2,2,0,1,0,0,0,4.0,577,102,5.6568627450980395
1,1,2,0,2,0,1,1,1,1,0,0,0,0,8,0,2,0,28.0,318,56,5.678571428571429
1,37,57,3,0,0,0,0,1,0,2,2,0,0,1,200,0,0,2.0,79,13,6.076923076923077
0,1,3,0,0,0,2,0,0,0,1,1,1,0,1,0,0,0,4.0,178,33,5.393939393939394
0,1,1,0,2,0,1,1,0,1,0,0,0,0,4,0,0,0,9.0,477,76,6.276315789473684
1,3,2,0,1,1,2,0,2,0,0,0,0,0,1,0,3,0,3.0,695,134,5.186567164179104
0,3,3,0,1,5,2,0,1,0,0,0,0,0,1,0,0,0,2.0,144,29,4.9655172413793105
1,2,2,0,2,0,1,0,1,0,0,0,0,0,4,0,0,0,9.0,289,52,5.5576923076923075
0,24,10,0,1,0,1,1,1,1,1,1,1,0,1,0,3,0,3.0,175,34,5.147058823529412
0,0,3,9,2,0,3,1,1,0,0,0,0,0,5,0,1,0,2.0,481,82,5.865853658536586
1,1,2,3,0,1,2,0,1,1,0,0,0,0,1,0,9,0,1.0,104,19,5.473684210526316
1,24,20,3,2,0,6,0,2,1,2,2,2,0,2,0,1,0,2.0,414,79,5.2405063291139244
0,5,3,0,1,1,6,1,1,0,2,2,2,0,1,0,0,0,5.0,1704,338,5.041420118343195
1,3,2,0,1,1,2,0,1,1,2,2,0,0,1,0,0,0,2.0,39,6,6.5
0,4,59,48,0,2,0,0,1,0,0,2,0,0,1,0,2,0,1.0,56,9,6.222222222222222
1,2,2,0,0,1,2,0,1,0,2,2,0,0,1,0,1,0,1.0,11,2,5.5
1,108,5,0,1,1,4,0,0,1,2,2,2,0,1,200,1,0,1.0,310,58,5.344827586206897
1,2,2,0,1,0,1,0,1,1,1,1,0,0,1,0,0,0,2.0,136,23,5.913043478260869
0,7,3,0,0,0,1,0,1,0,0,0,0,1,1,0,1,1,5.0,597,110,5.427272727272728
1,36,19,0,0,5,2,0,0,0,2,2,0,0,1,0,1,0,1.0,39,8,4.875
0,3,1,0,0,0,3,1,1,1,0,2,0,0,1,0,1,1,7.0,698,115,6.069565217391304
1,2,2,0,1,0,1,1,1,0,0,0,1,0,1,0,0,0,3.0,504,93,5.419354838709677
1,1,2,0,2,0,1,3,2,1,0,0,0,0,9,0,0,0,5.0,171,32,5.34375
1,2,15,3,2,0,2,0,1,0,0,2,0,0,3,200,1,0,3.0,475,93,5.10752688172043
0,1,3,0,0,4,5,1,1,0,0,0,0,0,1,0,1,0,5.0,396,72,5.5
0,6,3,0,0,1,0,0,0,0,2,2,2,0,1,0,1,0,2.0,333,64,5.203125
1,3,2,0,1,0,2,0,1,0,0,0,0,0,1,0,1,0,1.0,39,9,4.333333333333333
0,6,4,0,0,0,2,0,1,2,0,0,0,0,1,150,0,0,3.0,169,36,4.694444444444445
1,6,2,0,1,1,2,0,1,0,2,2,0,0,1,0,0,0,13.0,3125,592,5.278716216216216
0,12,7,118,1,1,4,3,2,2,2,2,0,0,1,250,0,0,1.0,243,47,5.170212765957447
0,1,1,6,1,0,5,1,1,1,0,0,0,0,1,0,1,0,8.0,297,48,6.1875
1,1,2,0,1,1,4,1,1,1,1,1,1,0,2,0,3,0,1.0,52,11,4.7272727272727275
0,3,1,8,2,5,2,0,0,1,2,2,2,0,2,0,0,0,4.0,143,24,5.958333333333333
1,1,2,0,1,0,1,0,1,0,2,2,0,0,1,0,0,0,5.0,353,71,4.971830985915493
1,18,48,3,1,0,1,0,1,0,2,2,2,0,1,0,0,0,11.0,317,59,5.372881355932203
1,2,5,3,1,0,6,2,1,1,0,0,0,0,2,0,0,0,9.0,102,20,5.1
1,60,2,0,1,4,5,0,2,1,1,1,1,0,1,0,8,0,5.0,402,77,5.220779220779221
1,2,2,0,1,1,2,0,0,0,2,2,0,0,1,0,0,0,0.0,162,30,5.4
0,2,3,0,0,6,0,0,0,0,0,0,0,0,1,0,1,0,4.0,536,102,5.254901960784314
0,18,3,0,2,6,2,0,2,0,0,0,0,0,5,0,10,0,1.0,407,74,5.5
0,3,3,8,1,1,4,0,0,0,1,1,1,0,1,0,1,0,6.0,305,52,5.865384615384615
1,4,2,0,0,0,0,0,1,0,0,0,0,0,2,0,0,0,11.0,406,68,5.970588235294118
1,12,23,3,0,1,5,1,1,0,0,0,2,0,1,0,1,0,1.0,395,80,4.9375
1,2,2,0,0,1,2,0,1,0,0,0,0,0,1,0,0,0,1.0,214,41,5.219512195121951
1,36,14,0,1,0,2,0,2,1,1,1,2,0,1,0,0,0,5.0,441,65,6.7846153846153845
0,4,0,9,0,6,0,0,0,0,0,0,1,0,1,150,1,0,4.0,50,9,5.555555555555555
1,84,2,21,0,3,0,0,1,1,2,2,2,0,1,100,0,0,1.0,180,33,5.454545454545454
1,1,2,0,1,0,1,0,1,1,0,2,0,0,1,0,2,0,3.0,220,44,5.0
0,4,26,9,1,0,6,1,1,0,0,0,0,0,1,0,0,0,1.0,98,15,6.533333333333333
0,2,1,1,1,0,1,1,1,1,2,2,0,0,1,10,1,0,3.0,581,103,5.640776699029126
0,12,24,19,1,1,5,2,0,1,2,2,0,0,1,0,0,0,1.0,191,34,5.617647058823529
1,2,2,0,1,0,0,0,1,1,2,2,0,0,1,0,0,0,3.0,241,39,6.17948717948718
0,4,3,0,0,0,1,0,1,1,0,0,0,0,1,0,1,0,1.0,217,36,6.027777777777778
1,12,2,0,0,6,2,0,1,0,1,2,1,1,1,0,0,0,2.0,781,159,4.911949685534591
0,24,3,0,0,1,2,0,1,0,0,2,2,0,1,0,6,0,4.0,98,16,6.125
0,30,3,0,1,2,3,1,1,1,2,2,2,0,1,1,0,0,1.0,156,28,5.571428571428571
0,3,3,0,0,0,0,0,1,0,2,2,0,0,1,0,1,0,14.0,171,36,4.75
0,3,3,0,0,0,0,0,1,0,0,2,0,0,1,0,1,0,30.0,77,11,7.0
0,12,3,0,1,0,0,0,0,0,1,2,2,0,1,0,1,0,3.0,418,72,5.805555555555555
1,2,2,0,0,6,2,0,1,0,0,0,0,0,1,20,3,0,1.0,201,32,6.28125
0,2,3,0,1,0,5,1,0,0,0,0,0,0,1,0,0,0,11.0,332,62,5.354838709677419
1,12,2,0,0,1,0,0,0,0,1,1,1,0,1,0,3,0,1.0,155,31,5.0
1,1,2,0,0,0,1,0,1,0,1,1,0,0,1,0,0,0,3.0,90,17,5.294117647058823
1,3,2,0,1,0,2,0,1,1,2,2,0,1,1,0,0,0,1.0,49,9,5.444444444444445
1,2,2,0,1,1,0,0,1,0,0,0,1,0,3,0,9,0,5.0,39,8,4.875
1,60,2,0,1,0,1,0,1,0,2,2,2,0,1,0,0,0,6.0,313,54,5.796296296296297
1,24,8,0,1,0,1,0,3,0,2,2,2,0,1,0,0,0,2.0,317,55,5.763636363636364
0,39,7,0,1,3,0,0,2,2,1,1,1,0,1,0,1,0,2.0,150,24,6.25
0,4,3,0,0,0,0,0,1,0,0,0,0,0,1,0,1,0,15.0,1997,364,5.486263736263736
0,1,3,0,2,0,1,2,1,0,0,2,0,0,4,0,0,0,4.0,158,26,6.076923076923077
1,36,137,7,2,0,1,1,1,0,2,2,2,0,2,0,0,0,5.0,650,120,5.416666666666667
0,3,1,0,0,1,4,1,0,1,0,0,2,0,1,160,0,0,8.0,232,45,5.155555555555556
1,36,66,0,1,1,2,0,0,2,1,1,2,0,1,0,0,0,1.0,178,35,5.085714285714285
1,3,2,0,1,1,2,0,1,1,0,0,0,0,1,0,0,0,3.0,85,16,5.3125
0,2,3,0,0,4,2,0,0,0,0,0,0,1,1,0,0,0,3.0,579,130,4.453846153846154
1,18,5,3,0,2,0,0,1,1,2,2,0,1,1,0,0,0,3.0,256,44,5.818181818181818
0,12,4,1,0,4,2,0,1,2,2,1,1,0,1,0,0,0,5.0,297,60,4.95
0,0,3,0,2,0,6,1,1,0,0,0,0,0,6,0,9,0,5.0,149,28,5.321428571428571
0,3,10,26,0,1,4,1,0,0,2,2,0,0,1,0,0,0,3.0,195,38,5.131578947368421
0,12,1,9,2,0,1,1,1,1,0,0,1,0,3,0,0,0,8.0,300,53,5.660377358490566
1,3,23,3,1,0,1,0,1,1,1,1,0,0,1,0,0,0,3.0,122,21,5.809523809523809
0,4,10,44,0,2,0,0,1,1,0,2,0,0,1,50,2,0,2.0,84,14,6.0
1,4,2,0,1,1,2,0,1,0,0,0,1,0,1,0,0,0,2.0,312,68,4.588235294117647
1,2,2,3,0,0,1,1,1,0,2,2,0,0,1,0,0,1,3.0,333,64,5.203125
1,3,2,0,0,1,2,0,1,0,2,2,0,0,1,0,5,1,7.0,410,77,5.324675324675325
0,3,4,0,0,0,0,0,2,2,0,2,0,0,1,50,0,0,4.0,439,88,4.988636363636363
0,18,1,0,0,2,0,0,1,1,0,0,0,2,1,0,0,0,1.0,58,12,4.833333333333333
1,1,5,3,1,0,4,0,1,1,2,2,0,0,1,200,0,0,8.0,2982,558,5.344086021505376
1,1,2,0,1,1,2,0,0,0,0,0,0,0,1,0,0,0,3.0,169,31,5.451612903225806
0,1,64,9,1,2,0,0,1,0,0,2,0,0,1,0,0,0,5.0,1078,189,5.703703703703703
0,3,1,0,0,6,0,0,1,1,2,2,0,0,1,0,0,0,3.0,741,130,5.7
1,8,2,3,1,3,2,0,1,0,2,2,2,0,1,0,0,0,4.0,141,4,35.25
0,1,1,0,1,1,2,0,0,1,0,2,0,0,1,0,0,0,2.0,69,15,4.6
1,4,2,0,1,2,2,0,0,0,0,0,0,0,1,0,0,0,0.0,33,6,5.5
0,1,3,0,0,0,1,1,0,0,0,2,0,0,4,0,0,0,5.0,511,100,5.11
1,2,2,0,1,5,2,0,1,0,0,0,0,0,1,20,3,0,1.0,141,25,5.64
1,3,2,0,1,1,6,2,1,0,0,2,0,0,1,0,0,1,8.0,526,88,5.9772727272727275
1,60,2,0,0,1,2,0,1,1,1,1,1,0,1,0,1,0,4.0,574,102,5.627450980392157
1,5,13,3,1,1,0,0,1,1,1,2,2,0,1,0,0,0,1.0,149,29,5.137931034482759
1,36,2,0,0,0,2,0,1,0,2,2,2,0,1,0,0,0,1.0,81,13,6.230769230769231
1,2,2,0,1,1,0,0,1,0,2,2,0,0,1,0,0,0,4.0,101,17,5.9411764705882355
0,2,0,0,1,3,2,0,0,0,0,0,0,0,1,0,0,0,7.0,203,38,5.342105263157895
0,1,3,9,2,0,3,1,1,0,0,2,1,0,5,0,0,0,1.0,867,143,6.062937062937063
1,36,2,0,1,1,2,0,1,0,0,0,1,0,1,0,0,0,3.0,399,81,4.925925925925926
0,2,4,0,2,1,6,0,1,2,0,0,0,0,2,0,0,0,17.0,536,109,4.91743119266055
1,1,2,0,0,5,2,0,0,0,0,0,0,0,4,0,0,0,4.0,297,54,5.5
0,2,0,0,1,0,1,5,1,0,0,2,0,0,2,0,1,1,5.0,1361,233,5.8412017167381975
0,24,3,0,0,3,0,0,1,0,2,2,2,0,1,0,0,0,5.0,121,25,4.84
0,2,1,0,1,4,3,1,1,1,0,0,0,1,2,0,1,0,5.0,192,37,5.1891891891891895
0,5,3,0,1,0,3,1,1,1,2,2,1,0,1,0,0,0,5.0,349,66,5.287878787878788
1,3,2,0,0,1,0,0,1,0,0,2,0,1,1,0,0,0,5.0,446,79,5.6455696202531644
0,48,7,57,2,0,4,1,1,2,2,2,2,0,2,0,0,0,2.0,310,58,5.344827586206897
1,3,5,3,0,1,0,0,1,0,0,2,0,0,1,0,0,0,5.0,410,76,5.394736842105263
1,2,2,3,1,2,2,0,1,1,0,2,0,0,1,0,0,0,2.0,14,3,4.666666666666667
0,3,1,0,1,0,1,1,1,1,0,0,0,0,1,0,0,0,1.0,14,2,7.0
0,3,4,6,2,0,4,1,1,2,0,2,0,0,4,100,0,0,4.0,337,61,5.524590163934426
0,12,59,61,0,0,3,1,1,1,1,1,1,0,1,0,1,0,1.0,172,36,4.777777777777778
1,3,2,0,0,0,0,0,1,0,0,2,0,0,1,0,0,0,3.0,164,26,6.3076923076923075
1,1,2,3,1,5,2,0,1,1,2,2,0,0,1,0,0,0,1.0,12,2,6.0
1,12,2,0,2,1,2,0,1,1,1,1,1,0,4,0,1,0,3.0,2150,366,5.8743169398907105
0,1,1,9,1,1,2,0,0,1,2,2,0,0,1,0,0,0,6.0,158,32,4.9375
1,12,5,0,0,2,2,0,0,2,2,2,2,0,1,300,0,0,1.0,1474,251,5.872509960159363
1,4,57,3,0,0,0,0,1,0,2,2,0,0,1,0,0,0,3.0,78,13,6.0
0,5,12,9,1,4,2,0,1,0,2,2,1,0,1,0,3,0,5.0,364,74,4.918918918918919
0,3,31,0,0,0,0,0,0,0,2,2,0,0,1,0,0,0,3.0,404,75,5.386666666666667
1,2,2,3,0,0,1,0,1,1,2,2,0,0,1,0,1,0,2.0,108,21,5.142857142857143
1,12,2,0,1,2,2,0,1,0,0,2,2,0,1,0,5,0,5.0,448,91,4.923076923076923
0,4,3,0,0,0,0,0,1,0,0,0,0,0,1,30,0,0,2.0,187,34,5.5
0,1,3,0,2,0,6,1,0,0,0,0,0,0,2,0,0,0,5.0,657,113,5.814159292035399
1,24,2,3,1,5,2,0,2,1,2,2,0,0,1,0,0,0,5.0,393,76,5.171052631578948
0,1,1,0,1,2,0,0,0,1,0,0,0,0,1,0,0,0,3.0,134,29,4.620689655172414
0,3,3,0,2,1,0,0,0,0,0,0,0,0,4,0,0,0,4.0,760,120,6.333333333333333
1,24,2,0,2,0,1,1,1,1,2,2,2,0,5,0,0,0,7.0,394,68,5.794117647058823
0,12,36,0,0,0,3,1,1,1,2,2,2,0,1,0,0,0,1.0,217,36,6.027777777777778
0,5,64,19,1,4,3,1,1,0,2,2,0,0,1,0,0,1,6.0,1564,275,5.6872727272727275
1,3,62,3,1,0,1,0,1,1,0,0,0,0,1,0,1,0,2.0,136,28,4.857142857142857
0,5,4,0,0,6,2,0,1,1,0,0,0,0,1,0,1,0,2.0,48,9,5.333333333333333
1,2,2,0,1,2,0,0,1,0,0,0,0,0,1,0,3,0,2.0,222,47,4.723404255319149
0,36,10,0,0,1,0,0,1,0,0,2,0,0,1,0,0,0,1.0,147,30,4.9
1,24,2,0,1,0,2,0,0,0,2,2,2,1,1,0,0,0,4.0,205,36,5.694444444444445
1,3,2,0,1,0,1,4,0,0,2,2,0,0,1,0,0,0,2.0,171,30,5.7
0,4,3,0,1,1,0,0,0,0,0,2,0,0,1,0,1,0,3.0,221,40,5.525
0,2,0,0,1,4,5,0,0,1,0,0,0,1,1,0,1,0,3.0,114,23,4.956521739130435
1,2,2,0,0,0,1,1,1,1,0,0,0,0,1,0,3,0,1.0,92,15,6.133333333333334
0,3,1,0,1,0,1,1,1,1,0,0,0,0,1,0,0,0,1.0,56,10,5.6
1,15,34,28,1,2,2,0,1,0,2,2,0,0,1,500,2,0,1.0,168,33,5.090909090909091
0,5,0,0,0,0,1,5,1,1,2,2,0,0,1,30,0,0,1.0,144,26,5.538461538461538
1,8,2,0,0,0,1,1,1,1,2,1,0,0,1,0,0,0,0.0,123,23,5.3478260869565215
0,3,3,0,1,2,2,0,0,0,0,2,0,0,1,0,0,0,5.0,409,85,4.811764705882353
0,42,3,0,1,0,5,1,0,0,2,2,2,0,1,0,0,1,4.0,866,163,5.3128834355828225
1,1,2,3,0,0,1,5,1,0,0,0,0,0,1,20,0,0,5.0,61,11,5.545454545454546
0,24,3,0,2,0,5,1,1,0,0,0,0,0,4,0,0,0,4.0,108,18,6.0
1,2,2,0,1,1,2,0,1,0,0,2,0,0,1,80,0,0,1.0,73,14,5.214285714285714
0,1,3,0,1,0,3,0,0,0,0,0,0,0,1,0,0,1,3.0,154,30,5.133333333333334
0,3,3,0,0,0,0,0,0,0,0,2,0,0,1,0,1,0,5.0,455,88,5.170454545454546
1,36,14,0,0,2,2,0,1,0,2,2,0,0,1,0,1,0,1.0,204,36,5.666666666666667
1,1,2,3,0,0,1,0,1,1,0,2,0,0,1,0,0,0,1.0,14,3,4.666666666666667
0,8,3,0,0,1,3,0,1,0,1,1,1,0,1,0,0,0,2.0,63,13,4.846153846153846
1,7,2,7,1,0,0,0,1,1,2,2,2,0,1,0,0,0,8.0,338,66,5.121212121212121
1,2,2,0,1,0,1,0,1,0,0,2,0,0,1,0,0,0,1.0,38,7,5.428571428571429
0,12,10,9,0,1,4,1,2,0,0,0,0,0,1,0,1,0,5.0,282,50,5.64
1,24,33,0,1,1,4,0,0,1,2,2,2,0,1,0,1,0,6.0,166,34,4.882352941176471
1,6,2,0,1,0,6,1,0,1,0,0,0,0,1,0,0,0,4.0,85,16,5.3125
1,4,2,0,1,1,4,1,1,1,2,2,0,0,4,0,3,0,5.0,142,25,5.68
1,9,2,0,0,1,2,0,1,0,2,2,2,0,1,0,0,0,2.0,45,8,5.625
0,9,3,9,1,0,0,0,1,1,0,2,0,0,1,0,3,0,1.0,25,5,5.0
0,21,0,0,0,4,0,0,2,0,2,2,1,0,1,0,1,0,6.0,539,104,5.1826923076923075
1,4,2,0,1,1,2,0,0,0,0,0,0,0,1,20,3,0,1.0,113,19,5.947368421052632
0,3,1,0,2,2,3,1,1,1,0,2,0,0,3,0,0,0,2.0,244,42,5.809523809523809
1,1,2,0,0,5,2,0,1,0,0,0,0,0,1,0,0,0,2.0,491,96,5.114583333333333
1,5,2,0,0,0,2,0,1,0,2,2,0,0,1,0,0,1,5.0,519,103,5.038834951456311
0,24,81,0,0,4,2,0,1,1,2,2,0,0,1,0,1,0,4.0,251,51,4.921568627450981
1,4,2,0,0,1,2,0,1,1,2,2,0,0,1,350,5,0,19.0,1660,312,5.32051282051282
1,2,2,0,2,1,5,1,1,0,0,0,1,0,5,0,0,0,7.0,44,7,6.285714285714286
1,2,2,0,0,1,2,0,1,0,1,1,0,0,1,0,0,0,3.0,99,21,4.714285714285714
0,2,1,0,1,0,1,0,1,1,0,0,0,0,1,0,0,0,8.0,1994,378,5.275132275132275
0,18,7,9,1,2,2,0,1,1,1,2,0,0,2,0,0,0,5.0,94,16,5.875
0,4,10,6,1,0,1,1,1,1,0,2,2,0,1,50,1,0,10.0,71,12,5.916666666666667
0,2,3,0,1,0,3,0,1,0,2,2,0,0,1,0,0,0,11.0,693,137,5.0583941605839415
0,1,1,10,2,0,1,1,0,2,0,0,0,0,2,0,5,0,1.0,133,25,5.32
1,2,28,11,2,1,4,1,0,0,0,0,2,0,2,0,2,0,3.0,16,3,5.333333333333333
1,2,2,0,0,1,0,0,1,0,2,2,0,0,1,0,0,0,3.0,68,11,6.181818181818182
1,8,48,0,0,1,2,0,0,0,2,2,2,0,1,0,1,0,3.0,180,32,5.625
1,4,23,3,1,0,1,0,1,0,1,1,0,0,1,0,0,0,3.0,203,39,5.205128205128205
0,3,3,0,0,1,5,0,1,1,0,0,0,0,1,0,0,0,1.0,50,8,6.25
0,6,26,0,2,0,1,3,0,1,0,0,0,0,5,0,2,0,1.0,188,32,5.875
1,3,2,0,1,0,1,0,2,2,2,2,1,0,2,0,0,0,4.0,439,80,5.4875
1,6,2,3,1,5,2,0,1,0,2,2,0,0,1,0,5,0,4.0,41,9,4.555555555555555
0,4,3,0,0,4,2,0,1,0,2,2,2,0,1,100,0,0,2.0,194,28,6.928571428571429
0,3,3,0,0,4,2,0,1,0,2,2,0,0,1,30,1,0,5.0,883,176,5.017045454545454
1,1,2,0,1,0,1,0,1,0,1,1,1,0,1,0,0,0,2.0,76,13,5.846153846153846
0,12,3,0,0,3,2,0,1,0,2,2,2,0,1,0,5,0,1.0,124,22,5.636363636363637
0,16,3,0,1,3,0,0,1,0,2,2,2,0,1,50,0,0,10.0,536,96,5.583333333333333
0,6,7,19,1,0,1,4,0,1,0,0,0,0,1,0,1,0,3.0,634,121,5.239669421487603
0,2,1,0,1,0,5,1,1,1,0,0,0,0,1,0,1,0,2.0,195,37,5.27027027027027
0,15,10,9,0,1,4,0,1,0,1,1,1,0,1,0,0,0,3.0,814,163,4.993865030674846
1,1,2,3,1,1,0,0,1,1,0,2,0,0,1,0,0,0,3.0,12,2,6.0
0,13,1,6,1,5,2,0,1,1,2,2,0,0,2,0,0,0,3.0,244,41,5.951219512195122
1,6,2,3,1,0,1,0,2,0,2,2,0,0,1,50,9,0,3.0,284,53,5.3584905660377355
1,10,11,95,0,0,1,1,0,0,2,2,0,0,1,500,0,0,4.0,263,52,5.0576923076923075
1,18,2,3,1,5,2,0,1,0,2,2,2,0,1,0,0,0,2.0,239,46,5.195652173913044
0,12,3,0,1,0,0,0,1,1,0,0,0,0,1,0,5,0,2.0,67,8,8.375
1,36,23,0,1,0,1,0,3,0,1,1,1,0,1,0,0,0,3.0,160,31,5.161290322580645
1,2,20,3,1,0,2,0,1,1,0,0,0,0,1,0,1,0,3.0,99,16,6.1875
1,6,2,0,1,1,2,0,1,0,0,2,0,0,1,0,3,0,6.0,349,60,5.816666666666666
1,2,2,3,1,2,2,0,1,1,0,0,0,0,2,0,0,0,0.0,59,12,4.916666666666667
1,36,2,0,0,1,2,0,1,0,2,2,0,0,5,0,0,0,1.0,231,46,5.021739130434782
0,18,31,9,0,0,0,0,1,0,0,2,2,0,1,0,1,0,1.0,181,33,5.484848484848484
1,10,2,35,0,4,2,0,1,1,0,0,0,0,1,0,0,1,5.0,103,6,17.166666666666668
1,2,2,0,1,0,1,0,1,0,0,2,0,0,1,0,3,0,3.0,191,27,7.074074074074074
1,2,2,11,2,1,0,0,1,0,1,1,1,0,2,0,0,0,2.0,83,15,5.533333333333333
1,4,2,0,0,0,0,0,1,0,2,2,0,0,2,0,0,1,15.0,666,127,5.244094488188976
0,60,4,0,0,0,1,1,2,2,2,2,2,0,1,0,0,0,3.0,477,89,5.359550561797753
0,2,3,0,1,1,6,4,1,0,0,0,0,0,1,0,0,0,5.0,101,19,5.315789473684211
1,6,53,0,1,1,2,0,0,0,0,0,0,0,1,0,1,1,2.0,130,20,6.5
1,24,14,3,1,4,4,0,2,1,2,2,2,0,1,0,2,0,1.0,358,69,5.188405797101449
1,2,2,0,0,0,1,0,1,0,0,0,0,0,1,0,0,1,4.0,287,61,4.704918032786885
1,73,8,0,0,0,1,0,2,1,2,2,0,0,1,0,0,0,1.0,234,43,5.441860465116279
0,3,3,0,1,3,0,0,0,0,0,0,0,0,1,0,1,0,0.0,72,10,7.2
1,50,2,0,0,1,2,0,1,0,2,2,0,0,1,0,0,0,0.0,644,134,4.8059701492537314
1,2,2,3,1,1,2,0,1,1,2,2,0,0,1,0,0,0,1.0,12,2,6.0
0,2,1,0,1,1,0,0,1,0,0,0,0,0,1,0,0,0,2.0,182,36,5.055555555555555
1,24,48,3,0,0,1,0,1,0,2,2,2,1,1,160,1,0,6.0,334,68,4.911764705882353
0,12,0,0,1,4,3,1,1,1,2,0,2,0,2,0,6,0,1.0,40,6,6.666666666666667
0,2,4,0,0,4,0,0,1,2,0,2,0,0,1,0,0,0,2.0,281,58,4.844827586206897
1,35,20,11,1,4,2,0,1,1,0,2,2,0,1,50,5,0,2.0,31,6,5.166666666666667
1,4,14,30,1,2,2,0,1,0,2,2,0,0,1,0,0,0,3.0,699,133,5.2556390977443606
0,24,3,0,1,1,5,0,1,1,2,2,2,0,1,0,0,0,2.0,92,17,5.411764705882353
0,8,95,0,1,3,0,0,1,0,0,0,0,0,1,0,0,0,3.0,121,27,4.481481481481482
1,1,2,0,2,0,1,1,1,0,0,0,0,0,6,0,0,0,5.0,83,15,5.533333333333333
1,5,2,0,0,1,0,0,1,0,1,2,0,0,1,0,0,0,2.0,161,31,5.193548387096774
0,11,3,26,0,6,0,0,1,0,2,2,2,0,1,0,0,0,11.0,1124,208,5.403846153846154
1,13,21,35,0,0,1,1,2,1,2,2,0,0,1,0,0,0,3.0,868,167,5.197604790419161
0,3,1,0,1,0,0,0,0,1,1,2,1,0,1,0,1,0,15.0,743,106,7.009433962264151
0,1,1,0,2,0,3,1,0,0,0,0,0,0,5,0,1,0,14.0,528,102,5.176470588235294
1,36,2,7,0,0,0,0,1,0,0,0,2,0,1,0,0,0,5.0,396,75,5.28
0,1,3,0,0,4,0,0,0,0,0,2,0,0,2,0,0,0,17.0,786,146,5.383561643835616
1,3,2,0,1,0,2,0,1,1,2,2,0,0,1,0,0,0,1.0,107,23,4.6521739130434785
1,2,2,0,1,0,1,0,1,0,0,2,0,0,1,200,5,0,4.0,1292,244,5.295081967213115
1,2,2,0,1,1,2,0,1,1,2,2,0,0,1,0,0,0,3.0,205,43,4.767441860465116
0,4,3,0,0,6,2,0,1,0,0,0,0,0,1,0,1,0,3.0,179,32,5.59375
1,12,34,0,0,2,2,0,0,1,1,1,1,0,1,0,1,0,1.0,1567,264,5.9356060606060606
0,12,10,26,1,1,3,0,1,0,2,2,2,0,1,0,0,0,7.0,87,16,5.4375
1,2,50,3,0,0,4,0,1,0,1,1,0,0,1,0,0,0,2.0,103,17,6.0588235294117645
0,18,3,0,0,3,0,0,1,0,0,2,2,0,1,0,1,0,1.0,487,100,4.87
0,7,3,0,0,6,0,0,1,0,0,2,2,0,1,0,0,0,1.0,263,49,5.36734693877551
0,5,3,0,1,0,6,2,1,0,2,1,0,0,3,0,0,0,2.0,67,10,6.7
0,3,3,0,1,5,2,0,0,0,0,0,0,0,1,0,3,0,3.0,15,3,5.0
1,36,2,0,1,1,2,0,1,0,2,2,2,0,1,0,0,0,1.0,58,12,4.833333333333333
1,2,2,3,0,1,2,0,1,1,2,2,0,0,1,0,0,0,1.0,12,2,6.0
1,5,34,0,0,1,2,0,0,1,2,2,2,0,1,0,0,0,2.0,433,77,5.623376623376624
0,1,3,0,0,6,0,0,1,0,0,2,0,0,1,0,1,0,2.0,655,132,4.962121212121212
1,36,5,3,0,0,0,0,1,1,2,2,2,0,1,0,0,0,2.0,223,40,5.575
1,12,2,11,0,1,5,2,2,1,0,0,2,0,1,150,0,0,3.0,527,103,5.116504854368932
1,12,2,0,0,1,4,0,1,1,1,1,1,0,1,0,1,0,2.0,1567,264,5.9356060606060606
0,3,164,8,1,2,2,0,0,0,0,2,0,0,1,0,1,0,5.0,203,27,7.518518518518518
1,2,2,0,1,0,2,0,1,0,2,2,0,0,1,0,1,0,10.0,735,140,5.25
1,42,2,0,1,0,2,0,0,0,2,2,2,0,1,0,0,0,2.0,599,115,5.208695652173913
1,24,66,0,1,2,2,0,0,2,2,2,0,0,1,300,0,0,5.0,386,70,5.514285714285714
0,3,3,0,1,0,0,0,2,0,0,0,0,0,1,0,1,0,4.0,248,45,5.511111111111111
1,3,2,0,1,0,4,0,1,1,0,2,0,0,1,0,0,0,5.0,375,70,5.357142857142857
0,1,1,0,1,0,0,0,1,1,1,2,1,0,1,0,1,0,3.0,205,43,4.767441860465116
0,3,3,10,1,0,0,0,1,1,2,2,0,0,1,0,1,0,2.0,36,5,7.2
1,3,2,3,0,5,2,0,1,1,2,2,0,0,1,0,0,0,2.0,12,2,6.0
0,1,3,0,1,0,0,0,1,0,2,2,0,0,1,0,1,0,3.0,318,64,4.96875
0,30,1,0,1,2,3,1,1,1,2,2,2,0,1,1,0,0,1.0,156,28,5.571428571428571
0,2,3,0,1,0,0,0,0,0,2,2,0,0,1,0,3,0,25.0,299,51,5.862745098039215
1,1,2,0,2,0,1,0,1,1,2,2,2,0,3,0,1,0,5.0,1234,224,5.508928571428571
1,9,34,0,0,0,0,0,0,1,2,0,0,0,1,10,3,0,1.0,155,28,5.535714285714286
0,12,24,57,1,0,1,4,1,0,0,0,0,0,1,0,0,0,1.0,157,28,5.607142857142857
1,96,20,0,0,4,2,0,1,1,2,2,0,0,1,0,0,0,2.0,94,17,5.529411764705882
1,11,2,0,1,2,0,0,1,1,1,2,1,0,1,200,0,0,3.0,109,19,5.7368421052631575
1,30,69,3,0,5,2,0,1,0,2,2,2,0,1,200,0,0,2.0,361,52,6.9423076923076925
0,29,0,0,0,0,3,1,1,0,2,2,2,0,1,0,1,0,3.0,211,39,5.410256410256411
0,3,36,48,0,6,0,0,0,1,1,1,1,0,1,200,1,0,4.0,159,27,5.888888888888889
1,3,2,3,0,1,2,0,1,1,2,2,0,0,1,0,0,0,1.0,14,3,4.666666666666667
1,12,2,0,0,0,1,0,0,0,1,2,1,0,1,0,3,0,3.0,224,36,6.222222222222222
0,20,0,0,0,0,3,1,1,0,2,2,2,0,1,0,3,0,3.0,398,80,4.975
1,12,48,3,0,0,2,0,1,0,0,2,2,0,1,0,1,0,2.0,333,64,5.203125
1,2,2,0,0,0,2,0,1,0,0,2,0,0,1,0,0,0,3.0,287,53,5.415094339622642
0,2,3,0,2,5,2,0,0,0,0,0,0,0,3,0,1,0,3.0,133,25,5.32
0,6,3,0,1,4,4,0,1,0,2,2,2,0,1,0,1,0,2.0,210,39,5.384615384615385
0,1,3,0,2,0,5,1,1,0,0,0,0,0,5,0,0,0,1.0,314,57,5.508771929824562
1,1,2,0,0,1,0,0,1,1,2,2,0,0,1,0,0,0,5.0,393,69,5.695652173913044
1,6,2,0,1,1,2,0,1,1,2,2,2,0,1,0,1,0,0.0,198,33,6.0
1,30,48,3,2,4,4,0,0,0,1,1,1,0,2,0,3,0,5.0,326,56,5.821428571428571
1,2,2,0,1,2,2,0,1,0,2,0,0,0,1,0,0,0,2.0,971,171,5.678362573099415
1,5,2,0,1,1,2,0,1,1,1,2,0,0,1,0,1,0,7.0,383,72,5.319444444444445
1,2,2,3,1,0,1,1,1,1,2,2,0,0,4,0,1,0,8.0,707,130,5.438461538461539
0,8,1,0,1,0,1,2,1,1,1,1,2,0,1,0,0,0,2.0,45,10,4.5
0,2,3,0,0,0,0,0,0,0,0,0,0,0,1,0,1,0,2.0,22,3,7.333333333333333
1,1,2,0,0,0,2,0,0,0,0,0,0,0,1,0,0,0,5.0,337,65,5.184615384615385
0,2,3,0,1,3,2,0,1,0,0,2,0,0,1,0,0,0,5.0,402,80,5.025
1,36,2,0,0,1,2,0,2,1,2,2,2,0,1,150,0,0,1.0,38,7,5.428571428571429
1,48,2,3,1,0,0,0,1,0,2,2,2,0,1,0,0,0,3.0,147,4,36.75
1,1,15,13,2,0,1,1,1,1,0,0,0,0,9,100,7,0,5.0,1878,267,7.033707865168539
0,24,12,0,1,3,0,0,2,1,1,1,1,0,1,0,1,0,2.0,19,5,3.8
1,18,2,3,2,0,0,0,2,0,2,2,2,0,2,0,0,0,2.0,1592,303,5.254125412541254
1,1,2,0,1,1,2,0,2,0,0,2,0,1,1,0,1,0,3.0,481,96,5.010416666666667
0,4,3,0,1,4,5,1,0,0,0,0,0,0,1,0,1,0,1.0,266,52,5.115384615384615
1,2,2,0,0,0,1,2,1,0,0,0,0,0,1,0,0,0,1.0,148,32,4.625
0,10,75,8,1,1,2,0,1,0,0,0,0,0,1,0,0,0,2.0,333,67,4.970149253731344
0,3,1,0,2,4,3,1,1,1,0,0,1,0,6,0,6,0,5.0,259,43,6.023255813953488
1,2,2,3,2,0,0,0,1,1,2,2,1,0,2,0,6,0,2.0,139,24,5.791666666666667
1,60,9,0,0,4,4,1,0,1,1,1,2,0,1,0,0,0,13.0,537,108,4.972222222222222
1,12,132,3,0,0,1,1,1,1,2,2,2,0,1,0,0,0,5.0,603,107,5.635514018691588
1,12,2,3,0,0,4,0,1,0,2,2,2,0,1,0,0,0,3.0,100,20,5.0
1,48,13,3,1,0,1,2,1,1,2,2,1,0,1,0,0,0,3.0,352,64,5.5
1,2,2,3,0,0,1,0,1,0,2,2,0,0,4,0,0,0,4.0,96,15,6.4
0,4,3,0,0,4,2,0,1,0,2,2,2,0,1,100,0,0,2.0,196,28,7.0
1,24,2,3,2,0,4,0,1,1,1,1,1,1,2,30,0,0,5.0,1008,192,5.25
1,4,23,3,1,0,1,2,0,1,0,0,0,1,1,30,1,0,3.0,491,98,5.010204081632653
1,3,100,0,1,0,0,0,1,0,0,0,0,0,1,0,0,0,5.0,129,20,6.45
0,36,7,1,0,2,2,0,1,2,0,2,2,1,1,30,0,0,3.0,182,34,5.352941176470588
0,2,36,26,0,4,5,1,1,0,0,2,0,0,1,0,0,0,3.0,732,105,6.9714285714285715
0,1,3,0,1,0,5,1,0,0,0,0,0,0,1,0,1,0,1.0,28,7,4.0
1,72,2,0,0,2,2,0,1,1,2,2,2,0,1,0,0,0,5.0,638,120,5.316666666666666
0,8,0,0,0,2,0,0,1,1,0,0,0,0,2,0,0,0,3.0,335,52,6.4423076923076925
0,1,3,6,1,3,2,0,1,1,2,2,0,0,1,0,0,0,4.0,158,32,4.9375
0,3,149,0,2,0,6,1,0,1,0,0,0,0,2,0,0,0,2.0,222,37,6.0
0,3,7,1,0,6,2,0,0,1,0,0,0,0,1,0,0,0,5.0,41,5,8.2
0,2,1,0,2,1,6,0,1,1,0,0,0,0,4,0,3,0,5.0,491,89,5.51685393258427
1,3,125,3,1,4,2,0,1,0,2,2,0,0,3,0,0,0,3.0,310,56,5.535714285714286
1,2,2,0,1,0,5,0,2,1,1,1,0,0,1,0,0,0,2.0,70,12,5.833333333333333
1,3,2,0,1,0,2,0,1,0,2,2,0,0,1,0,0,0,6.0,371,72,5.152777777777778
1,1,2,0,1,2,2,0,1,1,1,1,1,0,2,0,6,0,1.0,89,15,5.933333333333334
1,2,2,0,0,0,0,0,1,0,2,2,2,0,1,0,2,0,3.0,52,9,5.777777777777778
0,4,3,0,0,0,2,0,1,0,2,2,0,0,1,0,0,0,6.0,20,3,6.666666666666667
0,12,3,0,1,0,2,0,1,0,0,2,2,0,1,30,0,0,3.0,534,106,5.037735849056604
0,5,1,0,0,0,1,0,1,1,0,0,0,0,1,0,0,0,3.0,167,33,5.0606060606060606
1,1,2,0,1,0,2,0,1,0,0,0,0,0,5,0,2,0,2.0,384,74,5.1891891891891895
1,2,2,0,0,1,0,0,1,0,2,2,0,0,1,0,0,0,1.0,70,13,5.384615384615385
0,2,3,0,2,0,1,1,1,0,0,0,0,0,5,0,0,0,5.0,314,58,5.413793103448276
1,2,2,0,0,1,2,0,1,1,2,2,0,0,1,0,0,0,3.0,239,39,6.128205128205129
1,24,2,0,1,0,1,0,1,0,2,2,2,0,1,0,0,0,5.0,384,73,5.260273972602739
0,2,3,0,0,0,3,0,1,0,0,2,0,0,1,0,0,0,2.0,412,78,5.282051282051282
1,4,114,3,1,1,4,0,1,0,0,0,0,0,1,0,1,0,5.0,241,41,5.878048780487805
0,2,3,0,0,0,2,0,0,0,0,2,0,0,1,0,1,0,2.0,116,18,6.444444444444445
1,0,2,3,2,0,1,1,0,0,1,1,1,2,5,0,1,0,10.0,233,2,116.5
1,2,2,0,2,0,1,1,1,0,1,1,1,0,5,0,0,0,5.0,325,60,5.416666666666667
1,2,2,0,0,0,1,0,1,0,0,0,0,0,1,0,1,0,4.0,73,13,5.615384615384615
1,11,28,3,1,0,1,1,1,0,0,0,0,0,1,0,0,0,2.0,193,39,4.948717948717949
1,60,27,0,1,0,0,0,1,0,2,2,2,0,1,0,1,0,2.0,108,19,5.684210526315789
1,18,2,3,1,0,2,0,1,0,2,2,2,0,1,0,0,0,3.0,147,4,36.75
1,1,2,0,0,5,2,0,1,0,0,0,0,0,1,0,1,0,3.0,157,27,5.814814814814815
0,8,3,0,1,5,2,0,1,0,1,1,1,0,1,0,0,0,3.0,35,6,5.833333333333333
0,2,30,0,1,3,0,0,1,0,2,2,0,0,1,0,0,0,1.0,17,3,5.666666666666667
1,19,25,0,1,0,1,0,2,0,2,2,2,0,1,500,1,0,2.0,415,71,5.845070422535211
1,36,34,3,1,2,2,0,0,0,2,2,2,0,1,0,1,0,2.0,226,43,5.255813953488372
0,1,3,6,1,2,2,0,1,0,0,0,0,0,1,0,1,0,1.0,245,52,4.711538461538462
1,2,2,0,1,1,0,0,0,0,1,1,1,0,1,0,1,0,3.0,270,53,5.09433962264151
0,36,3,8,1,1,2,0,2,1,2,2,2,0,2,0,0,0,4.0,208,34,6.117647058823529
1,2,53,0,2,0,6,0,1,0,2,2,0,0,2,0,0,0,4.0,297,58,5.120689655172414
0,1,3,9,2,0,5,1,0,0,0,0,0,0,3,0,0,0,1.0,347,69,5.028985507246377
0,3,3,0,1,1,6,0,0,0,2,2,0,0,1,0,0,0,7.0,625,110,5.681818181818182
0,18,3,0,2,0,0,0,1,0,2,2,0,0,4,0,8,0,0.0,113,22,5.136363636363637
0,2,1,0,1,5,2,0,0,1,1,1,1,0,1,0,1,0,4.0,36,5,7.2
1,2,2,0,1,0,2,0,1,1,0,2,0,0,1,0,2,0,3.0,152,30,5.066666666666666
1,15,25,3,0,0,1,0,1,0,2,2,2,0,1,0,1,0,1.0,739,147,5.0272108843537415
1,4,2,0,0,1,2,0,1,1,2,2,0,0,1,0,0,0,1.0,44,8,5.5
1,18,8,0,1,0,1,0,3,1,2,2,2,0,1,0,0,0,4.0,343,61,5.622950819672131
0,6,3,0,0,0,2,0,1,0,2,2,0,0,1,0,0,0,4.0,16,3,5.333333333333333
0,6,3,0,1,0,1,0,1,0,2,2,2,0,1,100,1,0,1.0,64,7,9.142857142857142
0,4,3,0,1,1,5,1,0,0,2,2,0,0,1,0,1,0,4.0,87,15,5.8
1,12,13,3,1,1,6,0,0,1,1,1,1,0,1,0,0,0,5.0,214,46,4.6521739130434785
1,4,2,0,1,0,1,5,1,1,0,0,1,0,1,0,2,0,2.0,66,11,6.0
1,5,2,31,1,0,5,0,2,0,2,2,0,0,1,0,0,0,3.0,564,106,5.320754716981132
1,24,2,0,1,1,2,0,0,0,0,0,0,0,1,0,1,0,0.0,156,29,5.379310344827586
0,1,22,113,1,1,2,0,0,0,0,2,0,0,1,0,0,0,3.0,274,55,4.9818181818181815
0,2,3,0,0,0,2,0,0,0,0,2,0,0,1,0,1,0,12.0,647,111,5.828828828828829
1,24,2,0,1,1,4,0,1,0,0,2,2,0,1,0,0,0,2.0,255,46,5.543478260869565
1,2,2,7,0,1,0,0,1,1,2,2,0,0,1,0,0,0,3.0,398,76,5.2368421052631575
1,4,2,0,0,0,1,2,1,1,0,2,0,1,1,0,0,0,5.0,393,76,5.171052631578948
1,2,14,3,1,0,2,0,2,1,0,0,0,0,1,0,0,0,2.0,434,78,5.564102564102564
1,2,2,0,1,6,2,0,1,1,0,2,0,0,1,0,1,0,0.0,139,26,5.346153846153846
1,2,2,0,0,0,1,0,1,0,0,0,0,0,1,0,1,0,5.0,45,8,5.625
0,5,164,46,1,0,3,1,1,1,1,1,1,0,1,0,1,0,13.0,26,6,4.333333333333333
1,22,57,0,1,1,0,0,1,0,2,2,2,0,1,0,1,0,2.0,382,72,5.305555555555555
0,1,3,0,1,1,0,0,1,0,1,1,0,0,1,0,0,0,3.0,89,16,5.5625
1,72,23,0,1,0,1,0,2,1,0,2,1,1,1,0,0,0,2.0,681,126,5.404761904761905
1,30,2,11,0,4,2,0,1,0,2,2,2,0,1,0,0,0,1.0,202,39,5.17948717948718
0,2,1,0,1,0,5,1,0,1,0,2,0,0,1,0,1,0,5.0,578,113,5.115044247787611
0,5,3,0,0,0,1,0,0,0,2,2,0,0,2,0,1,0,10.0,372,68,5.470588235294118
1,7,2,0,1,6,2,0,1,0,0,0,0,0,1,0,3,0,4.0,269,45,5.977777777777778
1,4,2,0,1,0,2,0,2,0,2,2,0,0,1,0,3,0,1.0,139,27,5.148148148148148
1,3,2,3,1,1,2,0,2,0,0,2,0,0,1,0,2,0,5.0,265,47,5.638297872340425
1,3,2,0,1,0,1,1,1,0,0,2,0,0,1,0,0,0,5.0,551,108,5.101851851851852
1,36,19,0,0,3,0,0,0,0,1,1,0,0,1,200,0,0,2.0,418,79,5.291139240506329
0,2,3,0,0,4,3,0,1,0,0,0,0,0,1,0,0,0,1.0,460,91,5.054945054945055
1,13,34,0,0,4,2,0,0,2,2,2,0,0,1,0,0,0,4.0,140,27,5.185185185185185
0,1,1,0,0,3,0,0,1,1,0,0,0,0,1,0,0,0,1.0,61,9,6.777777777777778
0,0,92,0,2,0,6,1,0,1,0,1,1,0,3,0,0,0,1.0,192,38,5.052631578947368
0,6,10,0,0,1,4,0,0,1,0,2,2,0,1,0,0,0,5.0,87,12,7.25
0,1,3,26,1,3,2,0,0,0,2,2,0,0,1,0,0,0,3.0,419,76,5.5131578947368425
0,5,4,0,0,4,2,0,1,1,0,2,0,0,1,50,0,0,2.0,16,3,5.333333333333333
0,2,3,0,2,0,5,1,1,0,2,2,0,0,2,0,1,0,20.0,464,82,5.658536585365853
1,3,136,64,0,0,0,0,1,2,0,2,0,0,1,300,1,0,4.0,94,21,4.476190476190476
1,1,2,0,1,0,2,0,1,0,0,0,0,0,1,0,1,0,1.0,134,25,5.36
1,9,2,0,1,1,2,0,1,0,2,2,2,0,1,0,0,0,1.0,302,63,4.7936507936507935
0,2,36,6,0,4,0,0,0,0,0,0,0,0,1,0,1,0,3.0,676,135,5.007407407407407
1,2,2,3,0,0,2,0,1,0,2,2,0,0,1,50,0,1,5.0,1110,180,6.166666666666667
1,3,2,0,2,1,4,0,1,1,0,0,0,0,2,0,0,0,1.0,43,9,4.777777777777778
0,8,1,0,1,6,4,1,1,1,0,2,0,0,1,20,1,0,4.0,453,94,4.819148936170213
1,2,2,0,2,0,1,0,1,0,0,2,0,0,5,0,0,0,5.0,40,8,5.0
1,48,11,0,1,1,0,0,0,0,2,2,0,0,1,0,0,0,0.0,107,20,5.35
1,2,2,0,1,0,1,0,1,0,0,0,0,0,1,0,1,0,4.0,273,51,5.352941176470588
1,1,2,122,2,1,3,1,0,0,0,0,0,0,8,0,1,0,5.0,20,3,6.666666666666667
0,24,7,1,1,6,2,0,1,2,0,2,2,0,1,50,0,0,2.0,22,4,5.5
0,5,0,0,0,0,3,0,1,0,2,2,0,0,1,0,1,0,5.0,1283,245,5.236734693877551
0,2,3,0,1,0,6,0,0,0,2,2,0,0,1,0,1,0,1.0,517,104,4.971153846153846
0,12,3,0,0,0,1,2,1,0,2,2,2,0,1,0,0,0,3.0,229,37,6.1891891891891895
0,5,1,0,1,0,5,1,1,1,0,2,2,0,1,0,1,0,1.0,44,5,8.8
0,2,3,0,1,4,5,1,1,0,0,0,0,0,1,0,0,0,3.0,98,19,5.157894736842105
0,4,3,0,1,5,2,0,1,0,0,0,0,0,1,0,1,0,2.0,274,54,5.074074074074074
0,1,3,0,2,4,3,1,1,0,0,0,0,0,3,0,0,0,3.0,52,9,5.777777777777778
0,5,3,0,1,0,1,3,1,0,0,0,0,0,1,0,1,0,1.0,23,4,5.75
0,60,3,0,0,6,2,0,1,1,2,2,2,0,1,0,3,0,1.0,156,29,5.379310344827586
0,3,155,9,2,0,5,1,1,0,0,0,0,0,7,0,0,0,3.0,818,158,5.177215189873418
1,3,2,0,1,4,2,0,1,0,0,0,0,0,2,0,1,0,5.0,761,139,5.474820143884892
0,4,1,0,0,4,0,0,1,1,0,2,0,0,1,0,1,0,4.0,928,183,5.0710382513661205
1,36,23,3,0,0,2,0,1,0,0,0,0,0,1,0,0,0,1.0,250,44,5.681818181818182
0,4,3,0,0,3,0,0,1,0,0,0,0,0,1,0,0,0,7.0,117,19,6.157894736842105
1,2,2,0,0,2,2,0,1,1,2,2,1,0,1,0,1,0,5.0,207,32,6.46875
1,72,2,11,0,4,5,1,1,1,1,1,1,0,1,0,0,0,2.0,767,146,5.2534246575342465
1,1,2,0,0,0,1,0,1,0,1,1,0,0,1,0,0,0,5.0,126,22,5.7272727272727275
0,1,3,0,0,0,0,0,0,0,0,0,0,0,1,0,0,0,4.0,229,46,4.978260869565218
