Type,Age,Breed1,Breed2,Gender,Color1,Color2,Color3,MaturitySize,FurLength,Vaccinated,Dewormed,Sterilized,Health,Quantity,Fee,State,VideoAmt,PhotoAmt,desc_length,desc_words,average_word_length
0,1,1,0,0,0,1,2,1,1,2,2,2,0,1,0,1,0,1.0,1133,207,5.473429951690822
1,11,2,3,1,0,4,0,1,1,2,2,2,0,1,0,0,0,6.0,487,85,5.729411764705882
1,3,2,0,0,0,2,0,1,0,1,1,1,0,1,0,0,0,1.0,87,17,5.117647058823529
1,11,2,0,0,2,2,0,1,0,2,2,2,0,1,0,0,0,2.0,365,69,5.2898550724637685
0,4,78,8,2,0,2,0,1,0,2,2,0,0,2,0,1,2,5.0,335,66,5.075757575757576
0,2,3,0,0,0,3,1,0,0,0,0,0,0,1,0,1,0,4.0,222,41,5.414634146341464
0,36,3,0,1,0,2,0,0,0,2,2,2,0,1,0,0,0,6.0,164,26,6.3076923076923075
0,6,3,0,1,3,0,0,1,0,1,1,1,0,1,0,3,0,7.0,490,96,5.104166666666667
1,5,20,11,2,2,2,0,1,0,2,2,0,0,2,0,13,0,2.0,496,94,5.276595744680851
1,1,2,36,1,0,1,0,2,1,2,2,0,0,1,0,0,0,3.0,316,53,5.962264150943396
1,2,5,51,1,2,2,0,1,1,2,2,1,0,1,250,1,0,5.0,402,65,6.184615384615385
1,8,25,0,1,0,1,0,1,0,1,1,0,0,1,450,0,0,5.0,1167,218,5.353211009174312
1,5,2,0,0,1,2,0,1,0,2,2,0,0,1,0,2,0,4.0,523,110,4.754545454545455
1,5,2,0,0,0,1,3,1,0,0,0,0,0,1,0,1,0,2.0,111,23,4.826086956521739
1,72,5,33,0,2,0,0,1,1,2,2,0,0,1,0,1,0,1.0,416,72,5.777777777777778
0,1,1,0,0,0,5,1,0,1,0,0,0,0,6,0,0,0,1.0,435,76,5.723684210526316
1,1,2,3,2,1,0,0,1,0,0,0,0,0,3,0,0,0,4.0,61,12,5.083333333333333
0,3,3,0,2,0,2,0,1,0,0,0,0,0,5,0,1,0,5.0,104,18,5.777777777777778
1,24,5,7,0,5,2,0,1,2,2,2,2,0,1,0,0,1,4.0,292,53,5.509433962264151
0,2,26,0,2,0,5,1,1,1,0,0,0,0,2,0,0,0,5.0,129,21,6.142857142857143
1,1,2,0,0,2,2,0,1,0,2,2,2,0,1,0,0,0,1.0,160,29,5.517241379310345
1,3,2,0,1,1,6,0,1,0,2,2,2,0,1,0,0,0,3.0,164,30,5.466666666666667
0,3,1,0,0,2,3,1,1,1,0,0,0,0,1,0,4,0,1.0,120,20,6.0
1,4,2,0,1,5,2,0,0,0,0,0,0,0,1,20,3,0,1.0,113,19,5.947368421052632
0,7,3,0,0,6,0,0,1,1,0,0,0,0,1,0,1,0,1.0,39,4,9.75
0,2,3,0,0,4,5,1,0,0,0,0,0,0,1,0,0,0,3.0,408,67,6.08955223880597
0,3,3,0,1,1,0,0,1,0,0,0,0,0,2,0,0,0,5.0,161,34,4.735294117647059
1,1,2,0,2,1,4,1,1,0,0,0,0,0,7,0,0,0,15.0,227,42,5.404761904761905
1,2,2,0,0,5,2,0,1,0,2,0,0,0,1,0,0,0,1.0,57,9,6.333333333333333
0,10,3,0,1,0,0,0,1,1,0,0,0,0,1,0,0,0,1.0,115,21,5.476190476190476
1,12,2,0,1,1,0,0,0,0,2,2,2,0,1,0,1,0,5.0,277,56,4.946428571428571
1,5,37,0,1,1,2,0,1,0,2,2,0,0,1,0,0,0,11.0,640,113,5.663716814159292
0,2,3,0,0,4,2,0,1,0,0,0,0,0,1,0,0,0,2.0,24,6,4.0
1,72,2,3,0,1,2,0,1,1,2,2,2,0,1,0,5,0,3.0,1302,276,4.717391304347826
1,36,2,0,0,2,3,0,0,1,1,1,1,1,1,0,0,0,3.0,581,109,5.330275229357798
1,3,14,76,1,1,0,0,2,0,2,2,0,0,1,0,0,0,5.0,144,25,5.76
0,72,3,0,0,3,2,0,1,0,2,2,2,0,1,0,0,0,1.0,33,6,5.5
1,1,8,3,1,0,1,0,1,0,2,2,0,0,1,0,1,0,3.0,73,15,4.866666666666666
0,3,3,0,0,0,2,0,1,0,1,2,0,1,1,0,0,0,1.0,68,14,4.857142857142857
1,3,2,0,1,1,0,0,1,1,2,2,0,0,1,0,0,0,5.0,298,61,4.885245901639344
0,2,0,9,0,0,1,0,0,0,0,2,0,0,1,0,1,0,4.0,258,44,5.863636363636363
0,2,3,0,0,6,4,0,0,0,0,0,0,0,1,0,0,0,4.0,519,99,5.242424242424242
1,2,2,3,1,1,5,0,1,1,0,0,0,0,1,0,0,0,1.0,421,78,5.397435897435898
0,3,12,5,1,0,6,1,2,0,0,0,0,0,3,0,0,0,2.0,344,63,5.4603174603174605
0,4,3,0,0,6,0,0,1,0,2,2,2,0,1,0,1,0,1.0,176,30,5.866666666666666
1,6,2,0,0,1,0,0,1,0,2,0,0,0,1,0,0,0,1.0,312,54,5.777777777777778
1,12,2,0,1,5,2,0,1,1,2,2,0,0,1,0,0,0,5.0,474,87,5.448275862068965
0,1,3,0,1,4,5,1,1,0,0,0,0,0,1,0,3,0,5.0,447,89,5.022471910112359
0,5,3,9,2,5,2,0,1,0,0,1,1,0,2,0,3,0,4.0,66,11,6.0
0,6,10,8,0,2,0,0,1,0,0,2,0,0,1,0,9,0,3.0,291,50,5.82
1,9,2,87,1,0,2,0,0,0,2,2,2,0,1,0,0,0,5.0,149,22,6.7727272727272725
1,8,14,0,1,4,2,0,2,0,2,2,0,0,1,300,0,0,2.0,242,46,5.260869565217392
1,60,72,0,0,5,2,0,0,1,1,1,1,0,1,0,1,0,2.0,431,72,5.986111111111111
0,5,3,23,1,0,1,5,0,0,0,2,2,0,1,0,1,0,3.0,1073,198,5.41919191919192
0,3,3,0,1,4,5,1,0,1,0,0,0,0,1,0,9,0,4.0,264,59,4.47457627118644
0,2,1,0,1,1,0,0,1,1,0,0,0,0,1,0,0,0,5.0,255,48,5.3125
0,2,3,0,0,0,0,0,0,0,0,2,0,1,1,9,0,1,10.0,458,86,5.325581395348837
1,2,2,3,2,0,1,1,1,1,1,1,1,0,4,0,6,0,4.0,188,31,6.064516129032258
0,4,1,9,1,0,2,0,1,1,0,2,0,0,1,0,0,0,2.0,122,24,5.083333333333333
1,12,2,0,1,0,1,0,0,1,2,2,1,0,1,0,0,0,1.0,33,6,5.5
0,2,3,0,0,1,4,0,1,0,0,2,0,0,1,0,2,0,3.0,84,15,5.6
1,1,2,0,1,1,0,0,2,0,0,0,0,0,1,0,0,0,1.0,87,15,5.8
1,1,2,0,2,0,1,1,1,1,0,2,0,0,2,0,1,0,8.0,200,35,5.714285714285714
0,27,1,6,0,3,0,0,1,1,2,2,2,0,2,0,0,0,5.0,374,73,5.123287671232877
0,1,1,0,1,6,2,0,0,1,0,0,0,0,1,0,0,0,1.0,11,2,5.5
1,36,2,0,0,1,2,0,1,1,2,2,2,0,1,0,1,0,5.0,497,87,5.712643678160919
1,0,2,0,0,0,2,0,1,0,2,2,2,0,1,0,2,0,6.0,474,91,5.208791208791209
1,48,63,2,0,0,1,2,0,0,2,2,0,0,1,0,0,0,3.0,48,7,6.857142857142857
0,4,3,0,1,0,3,0,0,0,0,2,0,0,1,0,1,0,2.0,849,157,5.407643312101911
0,2,3,0,1,0,1,1,1,0,0,2,1,0,1,0,0,0,4.0,766,133,5.7593984962406015
0,2,1,0,2,0,3,1,0,1,0,0,0,0,7,0,3,0,3.0,581,113,5.1415929203539825
0,5,3,0,0,6,0,0,1,0,0,2,0,0,1,0,1,0,8.0,293,52,5.634615384615385
1,10,2,0,0,0,2,0,1,0,2,0,1,0,1,0,0,0,3.0,271,53,5.113207547169812
1,1,2,3,1,0,1,1,1,0,0,2,0,0,3,0,0,0,4.0,234,45,5.2
0,1,3,0,1,0,0,0,1,0,0,2,0,0,3,50,3,0,8.0,1058,197,5.370558375634518
0,2,3,0,2,0,6,1,1,0,0,0,0,0,4,0,0,0,2.0,216,39,5.538461538461538
0,1,10,0,0,2,2,0,1,0,0,0,0,0,2,0,3,0,3.0,85,8,10.625
0,2,3,0,2,0,1,0,1,0,0,2,0,0,2,0,0,0,3.0,415,78,5.32051282051282
0,2,3,0,0,3,2,0,1,0,0,0,0,0,1,0,1,0,1.0,401,73,5.493150684931507
1,2,37,3,1,0,1,0,1,0,2,2,0,0,1,0,0,0,3.0,1537,272,5.650735294117647
1,2,2,0,1,0,1,0,0,0,0,0,0,0,1,0,0,0,1.0,192,40,4.8
0,3,1,0,1,3,0,0,0,1,1,1,1,0,1,0,0,0,2.0,107,20,5.35
1,6,2,0,1,0,1,0,0,0,2,2,0,0,1,0,0,0,2.0,71,15,4.733333333333333
0,7,30,8,0,2,0,0,1,0,1,2,2,0,1,10,0,0,5.0,142,20,7.1
0,2,3,0,0,0,1,1,1,1,0,0,0,0,1,0,0,0,7.0,711,124,5.733870967741935
0,24,3,0,2,0,1,1,0,0,1,1,0,0,3,0,1,0,5.0,296,54,5.481481481481482
0,4,1,0,0,5,2,0,1,1,2,2,2,0,1,0,0,0,5.0,1784,327,5.45565749235474
1,36,2,0,0,0,1,0,2,0,2,2,2,0,1,0,1,0,2.0,40,9,4.444444444444445
0,2,4,10,1,0,1,1,1,2,0,0,0,0,3,0,0,0,12.0,192,38,5.052631578947368
1,1,2,0,1,0,1,3,1,1,0,0,1,0,4,0,0,0,5.0,223,43,5.186046511627907
1,4,2,3,1,5,2,0,2,0,2,2,2,0,1,50,9,0,2.0,227,41,5.536585365853658
1,2,2,3,0,0,1,0,1,0,2,0,0,0,1,0,5,0,1.0,202,35,5.771428571428571
1,24,2,3,1,1,5,1,1,0,2,2,2,0,1,0,0,0,6.0,160,30,5.333333333333333
1,48,33,83,1,4,4,0,0,1,2,2,2,0,1,200,0,0,8.0,381,65,5.861538461538461
0,2,3,0,0,1,4,3,1,0,0,0,0,0,1,0,0,0,1.0,274,52,5.269230769230769
1,19,2,7,0,0,1,0,1,0,2,2,0,0,1,0,0,0,3.0,206,39,5.282051282051282
0,7,7,57,1,2,3,1,1,1,0,0,0,0,1,0,5,0,3.0,368,70,5.257142857142857
0,2,1,8,2,2,3,0,1,1,0,0,0,0,5,0,0,0,1.0,105,19,5.526315789473684
0,4,3,0,1,0,4,1,0,0,0,0,0,0,1,0,1,0,5.0,427,76,5.618421052631579
1,2,2,0,2,0,2,0,0,0,0,0,0,0,5,0,0,0,5.0,76,13,5.846153846153846
1,1,2,3,1,1,2,0,1,1,0,0,0,0,2,0,3,0,9.0,169,31,5.451612903225806
1,2,2,0,1,0,1,0,1,1,1,2,0,0,1,0,1,0,5.0,123,19,6.473684210526316
0,6,1,9,0,1,0,0,1,1,0,2,0,0,1,0,1,0,1.0,91,18,5.055555555555555
0,2,4,6,0,6,4,1,0,1,0,0,0,0,2,0,4,0,2.0,79,13,6.076923076923077
1,18,44,3,0,2,2,0,1,1,2,2,2,0,1,200,0,0,2.0,360,52,6.923076923076923
1,17,2,0,1,1,4,1,0,0,0,2,2,0,2,0,1,0,0.0,466,87,5.35632183908046
1,48,28,0,0,0,1,1,1,0,0,0,0,1,1,200,0,0,4.0,885,166,5.331325301204819
0,1,3,0,2,5,2,0,0,0,0,0,0,0,2,0,0,0,2.0,1046,213,4.910798122065728
0,4,108,67,1,2,3,1,1,2,1,1,0,0,1,0,1,0,1.0,317,50,6.34
1,60,112,0,1,0,1,1,1,0,2,2,2,0,1,300,0,0,3.0,300,57,5.2631578947368425
0,8,10,0,1,1,3,1,1,1,1,2,0,0,1,0,1,0,1.0,279,55,5.072727272727272
0,2,3,0,0,0,3,1,0,0,1,1,1,0,1,0,1,0,2.0,154,31,4.967741935483871
0,4,1,0,0,5,2,0,1,0,2,2,0,0,1,30,3,0,1.0,33,7,4.714285714285714
0,3,3,0,2,0,5,3,0,0,2,2,0,0,3,0,0,0,3.0,257,51,5.03921568627451
1,2,2,0,2,1,6,4,2,0,1,1,0,0,5,0,1,0,3.0,279,53,5.264150943396227
0,2,3,0,0,6,0,0,0,0,0,0,0,0,1,0,0,0,1.0,191,43,4.441860465116279
1,3,2,0,1,0,4,1,1,1,0,0,0,0,2,0,0,0,4.0,83,18,4.611111111111111
0,2,4,0,0,6,0,0,1,0,0,2,0,0,1,100,0,0,4.0,294,52,5.653846153846154
0,2,3,0,1,4,5,2,0,0,0,0,0,0,1,50,0,0,0.0,243,48,5.0625
1,1,101,0,1,1,2,0,1,0,0,0,0,0,1,0,1,0,4.0,695,149,4.6644295302013425
1,2,2,0,1,1,2,0,1,0,2,2,0,0,1,0,1,0,1.0,423,74,5.716216216216216
0,1,0,0,0,0,0,0,0,1,0,0,0,0,1,0,0,0,5.0,382,64,5.96875
0,6,0,0,1,3,0,0,1,0,2,2,2,0,1,200,5,0,8.0,1221,240,5.0875
1,1,2,3,0,1,4,1,1,1,0,0,1,0,1,0,0,0,5.0,310,55,5.636363636363637
1,62,9,0,0,0,1,1,1,0,2,2,0,0,1,0,0,0,2.0,36,5,7.2
1,0,170,39,0,0,1,1,0,1,0,0,0,0,1,250,0,0,10.0,187,32,5.84375
1,6,2,0,1,5,2,0,1,0,1,1,1,0,1,0,0,0,3.0,196,34,5.764705882352941
0,2,30,44,2,0,3,1,0,1,1,1,1,0,4,0,0,0,4.0,67,10,6.7
0,3,3,0,1,0,0,0,0,0,2,2,0,0,1,0,1,0,3.0,11,2,5.5
0,5,3,0,0,0,0,0,0,1,2,2,0,1,1,50,0,0,5.0,243,43,5.651162790697675
0,14,4,10,1,1,2,0,2,2,2,2,2,0,1,0,2,0,12.0,107,18,5.944444444444445
1,2,2,3,1,1,2,0,1,0,0,0,0,0,2,0,0,0,5.0,214,42,5.095238095238095
1,6,2,0,1,1,2,0,1,0,0,0,0,0,1,0,0,0,2.0,162,30,5.4
1,29,19,28,1,0,3,1,0,1,2,2,2,0,1,300,0,0,5.0,724,127,5.700787401574803
1,2,2,0,1,0,1,0,1,0,1,1,0,0,1,0,0,0,1.0,98,17,5.764705882352941
0,1,3,0,1,0,6,1,1,0,0,0,0,0,1,0,0,0,4.0,643,119,5.4033613445378155
1,12,2,0,2,0,1,1,1,0,0,1,0,0,3,0,0,0,3.0,239,33,7.242424242424242
0,3,3,0,0,6,0,0,1,0,0,0,0,0,1,0,0,0,1.0,65,11,5.909090909090909
1,1,2,3,1,0,1,1,1,1,2,2,0,0,1,0,0,0,1.0,12,2,6.0
1,2,39,3,0,0,1,1,2,0,2,2,0,0,1,0,0,0,1.0,314,58,5.413793103448276
1,2,5,3,1,1,4,1,2,1,2,2,0,0,1,0,0,0,6.0,383,70,5.4714285714285715
0,2,3,0,0,1,0,0,1,0,0,0,0,0,1,0,0,0,1.0,720,128,5.625
1,0,2,0,2,0,1,0,1,0,0,0,0,0,6,0,0,0,11.0,861,158,5.449367088607595
0,6,30,0,0,0,0,0,1,0,2,2,2,0,1,0,0,0,6.0,118,21,5.619047619047619
1,3,2,0,1,1,0,0,1,0,2,2,2,0,1,0,0,0,6.0,104,17,6.117647058823529
0,9,76,0,0,1,3,1,1,1,2,0,2,0,2,0,1,0,5.0,160,29,5.517241379310345
1,3,2,3,2,0,1,3,1,1,0,0,0,1,4,0,0,0,5.0,221,39,5.666666666666667
1,2,2,3,0,1,2,0,1,1,2,2,0,0,1,0,0,0,4.0,12,2,6.0
1,24,2,0,0,1,2,0,1,1,2,2,2,0,1,0,1,0,3.0,527,92,5.728260869565218
1,4,2,0,1,1,5,0,1,0,2,2,2,0,2,0,1,0,1.0,246,41,6.0
1,3,2,0,1,0,4,0,1,0,1,1,1,0,1,0,3,1,17.0,432,76,5.684210526315789
1,2,2,0,1,0,1,1,1,1,2,0,0,0,1,0,3,0,1.0,218,36,6.055555555555555
0,5,3,0,1,1,2,0,1,0,0,0,0,0,1,0,6,0,1.0,241,48,5.020833333333333
1,2,2,0,1,1,0,0,1,0,0,0,0,0,1,0,0,0,1.0,742,125,5.936
1,1,19,0,0,5,2,0,0,0,0,2,0,0,1,0,0,0,1.0,18,3,6.0
1,1,2,3,1,0,5,1,0,1,0,0,0,0,1,0,7,0,6.0,642,127,5.05511811023622
1,48,23,0,1,0,6,0,2,1,0,0,0,0,1,0,0,0,3.0,286,57,5.017543859649122
0,4,3,0,0,0,3,1,1,0,1,1,1,0,1,0,0,0,4.0,108,18,6.0
1,12,2,0,0,1,0,0,0,0,1,1,1,0,1,0,3,0,1.0,155,31,5.0
1,2,2,0,1,1,2,0,0,0,2,1,0,0,1,0,1,0,3.0,573,115,4.982608695652174
0,84,3,0,0,4,2,0,2,0,2,2,2,0,1,0,1,0,5.0,3,1,3.0
0,1,1,0,0,0,3,0,1,1,0,0,0,0,1,0,0,0,4.0,301,61,4.934426229508197
0,2,3,0,1,1,6,1,1,1,0,0,0,0,2,0,0,0,6.0,430,81,5.308641975308642
1,1,2,0,1,0,1,5,1,0,0,2,0,0,1,0,0,0,10.0,225,40,5.625
1,2,2,0,0,0,1,0,1,0,2,2,0,0,1,0,0,2,4.0,696,136,5.117647058823529
0,1,17,0,0,0,2,0,0,1,0,0,1,0,1,0,1,0,3.0,18,3,6.0
0,6,3,26,1,3,2,0,1,0,1,1,1,0,1,0,5,0,4.0,336,64,5.25
0,24,7,10,1,2,2,0,1,2,1,1,0,0,1,0,1,0,5.0,415,76,5.4605263157894735
1,2,157,3,0,1,0,0,1,0,1,1,0,0,1,0,0,0,2.0,88,16,5.5
0,6,3,0,2,2,3,1,1,1,0,2,0,0,2,0,1,0,5.0,928,179,5.184357541899441
1,2,2,0,1,3,2,0,1,0,1,1,1,2,1,0,0,0,0.0,646,129,5.007751937984496
0,48,3,0,1,6,2,0,1,0,2,2,2,0,1,0,1,0,9.0,837,173,4.838150289017341
1,60,9,0,0,6,4,1,0,1,2,2,0,0,1,0,1,0,8.0,586,100,5.86
0,2,3,9,1,4,3,0,1,0,2,2,0,0,1,0,0,0,4.0,622,121,5.140495867768595
1,4,14,3,0,2,2,0,1,0,0,2,2,0,1,50,0,0,3.0,183,34,5.382352941176471
0,5,3,0,1,0,1,4,1,0,0,0,0,0,1,0,0,0,6.0,213,37,5.756756756756757
0,3,4,0,1,0,1,3,1,1,0,0,1,0,3,0,0,0,5.0,20,3,6.666666666666667
0,4,3,0,2,0,5,1,0,0,2,2,0,0,3,50,1,0,3.0,1116,205,5.443902439024391
0,2,1,0,2,4,4,1,1,1,1,1,1,0,5,0,3,1,18.0,758,139,5.453237410071942
0,30,171,9,1,1,6,2,1,0,2,2,2,0,1,10,1,0,4.0,339,61,5.557377049180328
1,1,106,3,0,5,2,0,1,0,0,0,0,0,1,0,1,0,3.0,68,15,4.533333333333333
1,12,53,42,1,0,6,0,0,0,1,1,1,0,1,0,1,0,2.0,180,35,5.142857142857143
1,36,2,0,1,2,2,0,2,0,2,2,2,0,1,0,0,0,1.0,21,5,4.2
1,3,2,0,2,1,4,1,1,0,0,0,0,0,4,0,2,0,2.0,67,11,6.090909090909091
0,4,3,0,2,1,6,1,0,0,0,2,0,0,5,0,0,0,9.0,363,60,6.05
0,72,3,0,1,6,2,0,1,0,2,2,2,0,1,0,1,0,8.0,495,98,5.051020408163265
0,2,3,9,2,0,1,5,1,0,0,0,0,0,5,0,0,0,3.0,203,41,4.951219512195122
0,60,1,6,1,0,5,0,1,1,2,2,2,0,2,0,0,0,2.0,288,51,5.647058823529412
0,3,3,23,1,1,6,0,1,0,2,2,2,0,1,150,0,0,3.0,763,139,5.489208633093525
0,6,1,8,0,0,2,0,1,1,2,2,2,0,2,0,1,0,15.0,1502,265,5.667924528301887
1,2,2,3,1,2,2,0,1,1,0,2,0,0,1,0,0,0,5.0,12,2,6.0
1,1,2,0,1,0,1,0,1,0,2,2,0,0,1,0,0,0,5.0,460,78,5.897435897435898
0,12,7,0,0,6,0,0,1,1,2,2,0,0,1,0,2,0,2.0,129,25,5.16
0,2,0,26,2,0,1,2,1,0,0,0,0,0,4,0,0,0,4.0,149,27,5.518518518518518
0,8,10,9,0,1,4,0,1,0,2,2,0,0,1,50,0,0,8.0,214,40,5.35
1,4,2,0,1,1,2,0,1,0,2,2,2,0,1,0,2,0,3.0,371,66,5.621212121212121
0,4,56,0,0,4,0,0,0,0,0,0,0,0,1,0,0,0,1.0,297,57,5.2105263157894735
0,1,1,0,0,0,0,0,0,1,0,2,0,0,1,0,7,0,10.0,327,57,5.7368421052631575
0,3,1,1,0,3,2,0,2,1,2,2,2,0,1,30,0,0,5.0,178,30,5.933333333333334
1,2,2,3,1,4,2,0,2,1,0,0,0,0,6,0,5,0,5.0,158,24,6.583333333333333
0,30,1,0,1,2,3,1,1,1,2,2,2,0,1,1,0,0,1.0,156,28,5.571428571428571
1,5,66,0,0,1,4,0,0,1,2,2,0,0,1,500,0,0,2.0,924,186,4.967741935483871
0,2,10,1,1,0,5,0,0,1,0,1,0,0,1,0,9,0,3.0,110,22,5.0
1,1,2,3,0,0,0,0,1,1,0,2,0,0,1,0,0,0,4.0,12,2,6.0
0,2,3,0,0,4,2,0,2,0,1,1,1,0,2,0,3,0,5.0,468,92,5.086956521739131
1,2,2,36,0,0,1,0,2,1,2,2,0,0,1,0,0,0,2.0,90,17,5.294117647058823
1,26,18,3,1,1,4,3,1,2,2,2,1,0,1,0,0,0,4.0,31,6,5.166666666666667
0,3,3,0,1,0,1,1,1,1,2,2,0,0,1,0,0,0,2.0,656,132,4.96969696969697
1,24,28,0,0,0,1,1,1,0,2,2,0,0,1,300,0,0,1.0,508,102,4.980392156862745
1,24,2,0,0,1,0,0,1,0,0,0,0,0,1,0,5,0,3.0,89,16,5.5625
0,2,1,0,1,3,2,0,0,1,0,0,0,0,1,0,0,0,1.0,26,4,6.5
1,3,2,0,2,2,0,0,0,0,2,2,0,0,5,50,0,0,5.0,558,108,5.166666666666667
0,2,3,0,1,0,0,0,1,0,0,2,0,0,1,0,0,0,3.0,286,55,5.2
0,1,12,106,1,0,1,1,0,0,0,0,0,1,1,0,0,0,4.0,197,35,5.628571428571429
0,24,1,0,0,0,2,0,1,1,0,0,0,0,1,0,0,0,4.0,136,24,5.666666666666667
1,2,2,3,1,0,1,1,1,1,0,2,0,0,1,0,0,0,4.0,12,2,6.0
1,2,2,0,2,0,1,0,1,0,0,0,0,0,4,0,9,0,4.0,131,22,5.954545454545454
1,2,2,0,1,2,0,0,1,0,0,0,1,0,1,0,3,0,2.0,437,85,5.141176470588236
0,6,1,0,2,1,0,0,0,1,2,2,2,0,2,0,1,0,5.0,530,100,5.3
1,36,2,0,0,0,2,0,1,1,0,0,1,1,1,0,2,0,3.0,235,48,4.895833333333333
0,2,1,0,1,0,6,1,1,0,2,2,0,0,1,80,1,0,5.0,221,41,5.390243902439025
0,4,3,9,1,0,3,1,1,0,1,1,1,0,1,0,1,0,3.0,325,63,5.158730158730159
1,1,2,0,2,0,1,1,0,0,0,0,0,0,17,0,0,0,1.0,324,58,5.586206896551724
0,2,12,0,1,0,5,1,1,0,0,0,0,0,1,20,0,0,1.0,443,89,4.977528089887641
1,2,2,0,1,1,2,0,1,1,2,2,0,0,1,0,6,0,1.0,21,4,5.25
0,11,0,0,0,0,1,1,1,1,1,1,1,0,1,0,3,0,4.0,473,81,5.839506172839506
1,1,2,0,2,0,1,1,1,0,0,0,0,0,4,0,1,0,7.0,271,55,4.927272727272728
1,2,2,0,0,1,4,3,1,2,2,2,0,0,1,0,0,0,1.0,345,49,7.040816326530612
1,1,2,0,1,0,1,3,1,1,0,0,0,0,2,0,3,0,5.0,430,67,6.417910447761194
0,24,26,26,2,0,1,1,1,1,1,1,2,0,10,0,3,0,10.0,146,29,5.0344827586206895
0,2,3,0,0,0,0,0,0,0,0,0,0,0,1,0,1,0,2.0,22,3,7.333333333333333
1,2,2,0,0,0,1,1,1,1,0,0,0,0,4,0,0,0,5.0,302,52,5.8076923076923075
0,2,30,0,1,1,6,3,1,0,0,0,0,0,1,0,1,0,4.0,376,69,5.449275362318841
0,3,3,0,2,0,5,1,1,0,0,0,0,0,2,0,1,0,1.0,73,15,4.866666666666666
0,0,3,0,2,0,4,1,1,1,0,0,0,0,4,0,0,0,3.0,295,58,5.086206896551724
1,36,19,3,0,1,3,0,0,1,1,1,2,0,1,0,0,0,4.0,271,53,5.113207547169812
1,12,2,7,0,0,1,2,1,1,1,1,1,0,1,0,1,0,2.0,1567,264,5.9356060606060606
0,1,1,0,2,3,0,0,1,1,0,0,0,0,2,0,0,0,25.0,1518,240,6.325
0,36,26,19,1,0,5,1,1,1,2,2,2,0,1,0,0,1,2.0,1202,227,5.295154185022026
0,24,26,0,1,0,1,3,1,0,2,2,2,1,1,0,0,0,2.0,30,7,4.285714285714286
1,12,2,0,1,1,2,0,0,1,2,2,0,0,1,0,3,0,5.0,634,117,5.418803418803419
0,7,10,0,0,4,2,0,1,0,2,2,1,0,1,0,1,0,0.0,356,78,4.564102564102564
0,15,3,0,1,0,1,0,1,0,0,0,0,0,1,0,5,0,2.0,312,61,5.114754098360656
0,6,3,0,2,6,3,1,1,1,1,1,2,0,3,0,5,0,3.0,427,69,6.188405797101449
0,12,10,9,0,5,2,0,2,0,1,1,0,0,1,0,0,0,4.0,185,35,5.285714285714286
1,84,107,0,0,4,0,0,1,0,2,2,0,0,1,100,3,0,7.0,591,112,5.276785714285714
1,1,2,3,1,6,2,0,0,0,0,0,2,0,1,0,1,0,2.0,259,47,5.51063829787234
0,4,1,0,0,3,2,0,1,1,0,0,0,0,1,0,0,0,5.0,83,14,5.928571428571429
1,8,13,3,0,0,2,0,0,2,2,2,2,0,1,200,1,0,2.0,391,76,5.144736842105263
1,1,2,11,1,0,0,0,1,0,1,1,1,0,1,0,1,0,3.0,185,33,5.606060606060606
1,1,2,0,1,1,2,0,1,0,0,0,0,0,1,0,2,0,2.0,207,43,4.813953488372093
1,4,2,0,0,1,2,0,1,0,2,2,0,0,1,0,0,0,2.0,575,112,5.133928571428571
1,2,2,58,1,0,1,0,1,1,0,2,0,0,1,0,0,0,11.0,355,62,5.725806451612903
1,8,2,0,0,2,2,0,1,1,2,2,2,0,1,300,5,0,4.0,100,18,5.555555555555555
1,2,14,3,1,0,0,0,2,0,0,0,0,0,1,0,8,0,16.0,207,40,5.175
0,4,4,0,1,0,2,0,2,2,0,2,0,0,1,100,1,0,4.0,111,22,5.045454545454546
0,24,3,0,1,0,1,2,1,0,0,0,0,0,1,0,1,0,1.0,230,41,5.609756097560975
0,1,3,0,1,0,0,0,1,0,0,0,0,0,1,0,0,0,1.0,164,34,4.823529411764706
1,2,2,3,2,1,5,2,1,0,2,2,0,0,2,0,1,0,5.0,279,56,4.982142857142857
1,12,100,3,1,0,1,1,1,0,2,2,2,0,1,0,0,0,8.0,436,80,5.45
1,4,2,3,0,6,2,0,0,0,2,2,1,0,1,0,1,0,3.0,184,37,4.972972972972973
1,12,2,0,1,0,0,0,1,0,0,0,0,0,1,20,3,0,1.0,142,25,5.68
0,1,3,0,1,1,4,0,1,0,0,2,0,0,1,0,0,2,3.0,867,164,5.286585365853658
1,24,2,0,0,0,1,0,2,1,2,2,0,0,1,0,1,1,1.0,1054,216,4.87962962962963
1,12,2,3,0,1,0,0,1,1,1,1,1,0,1,0,1,0,3.0,16,3,5.333333333333333
1,24,2,0,0,1,4,1,1,0,2,2,2,0,1,0,2,0,4.0,417,80,5.2125
1,1,2,0,0,0,4,0,1,0,0,0,0,0,1,0,0,0,1.0,364,69,5.27536231884058
0,12,10,1,0,1,4,1,1,2,2,2,0,0,1,100,0,0,2.0,326,61,5.344262295081967
0,12,3,0,1,6,3,0,1,0,2,2,2,0,1,0,1,0,1.0,229,43,5.325581395348837
0,2,3,0,1,0,0,0,1,1,0,2,0,0,1,0,5,0,3.0,362,69,5.246376811594203
1,4,2,51,1,0,1,0,0,1,0,0,0,0,1,0,0,0,4.0,754,137,5.5036496350364965
1,1,2,0,2,2,0,0,0,1,0,0,0,0,2,0,1,0,0.0,209,39,5.358974358974359
1,2,39,3,0,0,1,0,2,0,2,2,0,0,1,0,0,0,4.0,105,20,5.25
1,36,80,56,1,6,0,0,1,1,0,2,0,0,1,0,1,0,3.0,342,69,4.956521739130435
1,1,2,0,0,2,0,0,1,1,0,0,0,0,1,0,3,0,3.0,244,46,5.304347826086956
1,12,2,7,1,0,3,0,1,1,2,2,2,0,1,0,6,0,2.0,533,98,5.438775510204081
1,36,2,0,1,1,0,0,2,0,2,2,2,1,1,0,0,0,4.0,1388,272,5.102941176470588
1,2,8,3,2,0,5,0,1,1,0,2,0,0,3,0,1,0,3.0,384,65,5.907692307692308
1,2,2,0,1,0,1,0,1,1,0,0,0,0,1,0,0,0,3.0,180,40,4.5
1,2,2,0,0,1,2,0,1,0,2,2,0,0,1,0,1,0,1.0,11,2,5.5
1,1,2,0,2,0,1,1,1,0,0,0,0,0,6,35,2,0,0.0,277,55,5.036363636363636
0,1,1,9,2,0,1,0,1,1,0,0,0,0,2,0,1,0,4.0,179,36,4.972222222222222
0,2,3,0,2,0,5,1,0,0,2,2,0,0,3,0,0,0,4.0,232,49,4.73469387755102
0,3,1,0,1,1,5,1,1,1,0,0,0,0,3,0,0,0,1.0,839,158,5.310126582278481
0,2,3,0,0,6,0,0,0,0,0,0,0,0,1,0,0,0,5.0,103,19,5.421052631578948
1,24,2,0,0,0,1,0,1,0,2,2,0,0,1,0,1,0,1.0,521,98,5.316326530612245
0,4,3,0,0,4,2,0,1,1,0,0,0,0,1,0,0,0,1.0,65,11,5.909090909090909
0,2,3,0,2,6,2,0,1,0,0,0,0,0,3,0,0,0,1.0,148,26,5.6923076923076925
0,2,10,0,1,1,0,0,0,0,0,2,0,1,1,0,0,0,10.0,602,112,5.375
1,3,5,3,0,0,0,0,1,0,0,0,0,0,1,0,0,0,9.0,283,56,5.053571428571429
1,2,25,0,1,0,2,0,2,0,2,2,0,0,1,600,0,0,3.0,767,148,5.1824324324324325
1,9,2,3,0,1,4,0,1,0,0,2,0,0,1,0,0,0,2.0,149,22,6.7727272727272725
1,13,2,31,0,0,1,0,1,0,2,2,2,0,1,1,1,0,4.0,311,64,4.859375
0,3,7,57,0,3,2,0,1,1,2,2,0,0,1,700,3,0,6.0,540,108,5.0
1,4,2,0,1,0,1,0,1,1,1,1,1,0,2,0,0,0,0.0,89,15,5.933333333333334
0,3,4,0,2,0,5,1,1,2,0,0,0,0,4,0,1,0,1.0,378,69,5.478260869565218
1,2,2,3,2,0,1,1,1,0,0,0,0,0,4,0,0,0,4.0,150,28,5.357142857142857
1,11,8,0,1,0,1,0,2,0,2,2,2,0,1,400,0,0,7.0,1625,290,5.603448275862069
1,4,9,7,2,1,0,0,0,1,2,2,2,0,2,0,0,0,5.0,215,40,5.375
1,32,11,0,1,1,0,0,0,0,2,2,2,0,1,0,3,0,2.0,283,54,5.2407407407407405
1,24,2,0,0,2,2,0,1,1,1,1,2,0,20,0,9,0,1.0,95,18,5.277777777777778
0,3,3,0,1,0,0,0,0,0,1,1,1,0,1,0,1,0,3.0,309,62,4.983870967741935
0,4,3,0,1,0,6,3,1,1,0,2,0,0,1,30,0,0,1.0,410,76,5.394736842105263
1,60,15,3,0,1,0,0,1,0,2,2,2,0,1,300,0,0,1.0,1587,278,5.7086330935251794
0,2,1,0,1,4,3,1,1,1,0,0,0,1,2,0,1,0,5.0,192,37,5.1891891891891895
1,7,2,3,1,0,1,0,0,0,2,2,2,0,1,0,0,3,24.0,210,41,5.121951219512195
0,2,1,9,1,5,2,0,1,1,0,2,0,0,1,0,0,0,13.0,929,176,5.278409090909091
0,1,3,9,2,0,6,3,1,0,0,2,0,0,3,0,1,0,11.0,504,94,5.361702127659575
0,8,1,0,1,0,0,0,1,1,1,1,1,0,1,0,0,0,5.0,826,165,5.006060606060606
1,42,160,3,2,0,0,0,1,1,2,2,2,0,2,0,0,0,4.0,683,138,4.949275362318841
0,1,3,0,2,0,3,1,1,0,0,0,0,0,4,0,0,0,5.0,184,36,5.111111111111111
1,1,2,0,1,1,6,0,0,1,0,0,0,0,1,0,0,0,5.0,236,46,5.130434782608695
1,2,2,3,1,1,0,0,1,1,2,2,0,0,1,0,0,0,5.0,12,2,6.0
0,12,1,6,0,6,2,0,1,2,0,0,0,0,1,0,2,0,5.0,211,33,6.393939393939394
1,12,2,42,0,4,2,0,0,0,2,2,2,0,1,0,1,0,5.0,940,174,5.402298850574713
1,60,2,0,1,1,0,0,1,0,2,2,2,0,1,0,1,0,7.0,191,36,5.305555555555555
1,3,14,3,1,1,2,0,1,0,2,2,0,0,1,0,0,0,2.0,254,49,5.183673469387755
1,65,50,0,1,1,6,1,2,0,2,2,0,0,2,0,1,0,3.0,49,8,6.125
0,4,4,10,1,1,2,0,1,2,0,2,0,0,1,650,0,0,6.0,65,12,5.416666666666667
1,7,53,115,1,2,0,0,0,0,2,2,2,0,1,0,9,0,3.0,193,32,6.03125
1,2,2,0,0,1,2,0,1,1,2,2,0,0,1,0,0,0,2.0,323,64,5.046875
1,9,2,0,1,5,2,0,1,0,2,2,2,0,1,0,1,0,2.0,361,68,5.3088235294117645
0,12,4,0,0,3,2,0,1,2,1,1,1,0,1,0,0,0,10.0,8,2,4.0
0,2,3,23,0,3,0,0,0,0,0,0,0,0,1,0,0,0,4.0,115,21,5.476190476190476
1,3,2,0,1,1,2,0,1,0,2,2,0,0,1,0,1,0,4.0,54,8,6.75
0,1,4,0,1,0,0,0,2,2,0,2,1,0,1,0,0,0,2.0,528,88,6.0
1,3,2,3,0,1,2,0,1,0,0,0,0,0,1,0,0,0,3.0,235,44,5.340909090909091
1,18,5,3,1,0,1,1,1,2,2,2,2,0,1,300,0,0,2.0,1283,221,5.8054298642533935
0,1,1,26,1,0,3,1,1,0,0,2,0,0,1,0,0,0,6.0,1036,179,5.787709497206704
0,6,26,0,1,0,5,1,1,0,0,0,0,0,3,0,0,0,2.0,69,15,4.6
0,3,3,0,0,4,0,0,0,0,2,2,0,0,1,0,0,0,3.0,16,3,5.333333333333333
1,0,2,0,1,1,2,0,1,1,0,0,0,0,1,0,0,0,5.0,253,53,4.773584905660377
1,3,2,3,1,1,2,0,1,0,2,2,0,0,1,0,0,0,9.0,592,116,5.103448275862069
1,2,2,0,1,0,1,0,1,1,2,2,0,0,1,0,0,0,1.0,29,5,5.8
0,7,3,0,0,0,0,0,1,0,0,2,0,0,1,0,1,0,2.0,181,31,5.838709677419355
1,1,2,0,2,0,1,1,2,0,0,0,0,0,8,0,0,0,4.0,2146,399,5.37844611528822
0,1,1,0,1,2,2,0,1,1,0,2,0,0,1,0,0,0,2.0,165,30,5.5
0,2,3,0,2,0,1,1,1,0,0,0,0,0,2,0,0,0,3.0,59,11,5.363636363636363
0,2,4,0,2,2,3,1,0,2,0,2,0,0,3,450,0,0,1.0,161,27,5.962962962962963
1,9,2,0,0,5,2,0,1,0,2,2,2,0,1,150,0,0,5.0,206,39,5.282051282051282
1,1,2,0,2,1,4,0,1,0,2,2,2,0,3,0,0,0,2.0,77,12,6.416666666666667
1,1,2,0,1,0,1,0,0,1,0,2,2,0,1,0,0,0,1.0,24,4,6.0
1,3,2,0,1,0,2,0,1,0,0,2,0,0,1,0,0,0,2.0,230,46,5.0
1,2,48,0,1,0,1,0,0,0,0,2,0,0,2,0,0,0,2.0,661,124,5.330645161290323
1,8,2,0,1,1,4,0,1,0,2,2,2,0,1,0,0,0,3.0,8,1,8.0
0,18,3,0,0,0,0,0,1,1,2,2,2,0,1,0,1,0,2.0,448,81,5.530864197530864
0,6,1,0,0,0,1,3,1,1,0,2,2,1,1,100,7,0,5.0,504,97,5.195876288659794
0,3,3,0,1,1,2,0,0,0,0,2,0,0,1,0,1,0,2.0,201,37,5.4324324324324325
0,0,3,0,1,4,4,1,1,0,0,2,0,0,1,0,0,0,1.0,562,110,5.109090909090909
0,0,3,9,1,0,1,1,0,0,0,0,0,0,6,0,1,0,0.0,337,63,5.349206349206349
0,18,26,23,2,0,6,1,1,2,1,1,1,0,3,0,0,0,10.0,348,69,5.043478260869565
0,2,1,0,2,4,0,0,0,1,0,2,0,0,2,70,0,0,5.0,691,122,5.663934426229508
1,2,2,0,1,1,2,0,1,0,2,2,0,0,1,0,0,0,8.0,1312,243,5.399176954732511
1,3,2,0,1,0,1,1,1,1,0,2,0,0,1,0,0,0,1.0,312,57,5.473684210526316
0,8,0,0,1,4,2,0,0,1,0,0,0,0,1,150,0,0,5.0,426,84,5.071428571428571
1,36,20,0,0,4,2,0,1,2,1,1,0,0,1,0,1,0,3.0,326,59,5.52542372881356
0,3,3,20,1,3,0,0,0,0,0,0,0,0,1,0,5,0,2.0,438,87,5.0344827586206895
0,3,3,0,0,0,0,0,0,0,2,2,2,0,1,0,1,0,2.0,28,5,5.6
1,2,2,38,0,0,2,0,2,0,0,0,0,0,2,0,0,0,2.0,124,23,5.391304347826087
1,60,34,0,1,1,2,0,0,1,2,2,2,0,1,80,0,0,3.0,68,14,4.857142857142857
1,1,2,3,0,1,4,1,1,1,2,2,0,0,1,0,0,0,2.0,297,52,5.711538461538462
0,12,56,29,2,1,3,0,1,0,0,0,2,0,2,0,5,0,2.0,106,20,5.3
1,2,14,3,1,0,2,0,2,1,0,0,0,0,1,0,0,0,2.0,434,78,5.564102564102564
1,12,2,0,1,1,2,0,1,0,2,2,2,0,1,0,0,0,3.0,257,50,5.14
1,6,2,0,1,0,1,1,0,0,2,2,0,0,1,0,0,0,2.0,71,15,4.733333333333333
1,120,34,0,1,1,2,0,0,1,2,2,2,0,1,0,0,0,1.0,23,4,5.75
0,2,3,0,0,0,3,1,0,1,2,2,0,0,1,0,0,0,4.0,612,119,5.142857142857143
1,5,14,0,1,2,2,0,1,0,2,2,2,0,1,0,1,0,5.0,1101,228,4.828947368421052
1,2,2,0,0,2,0,0,1,0,0,0,0,0,1,5,3,0,4.0,125,13,9.615384615384615
1,0,2,0,2,0,1,0,1,1,0,1,0,0,3,0,5,0,1.0,89,17,5.235294117647059
0,6,3,9,0,6,2,0,1,0,0,0,0,0,1,0,1,0,6.0,520,102,5.098039215686274
1,1,2,3,0,0,0,0,1,1,0,2,0,0,1,0,0,0,4.0,12,2,6.0
1,2,2,0,1,0,1,1,1,1,2,2,0,0,1,0,0,0,2.0,65,13,5.0
1,84,20,0,0,4,2,0,2,1,1,1,1,0,1,0,1,0,2.0,341,71,4.802816901408451
0,1,1,0,0,0,2,0,1,1,0,0,0,0,1,0,5,0,1.0,90,17,5.294117647058823
0,2,10,0,0,1,4,1,1,0,0,2,0,0,1,50,0,0,2.0,678,118,5.745762711864407
1,2,2,3,2,1,0,0,0,0,0,0,0,0,2,0,1,0,3.0,156,28,5.571428571428571
0,14,3,0,0,0,0,0,2,0,0,0,0,0,1,0,1,0,2.0,55,10,5.5
0,7,0,0,0,0,1,2,2,0,2,2,0,0,1,0,0,0,2.0,106,18,5.888888888888889
0,15,0,0,0,6,0,0,1,0,2,2,0,0,1,0,1,0,3.0,113,23,4.913043478260869
1,14,2,0,1,0,1,1,1,1,0,0,0,0,1,0,2,0,2.0,543,123,4.414634146341464
1,12,2,0,0,1,0,0,0,0,0,2,0,0,1,0,5,0,2.0,479,82,5.841463414634147
0,6,46,44,1,1,6,3,1,0,2,2,2,0,2,0,1,0,4.0,394,69,5.7101449275362315
1,18,51,3,1,1,2,0,0,0,0,0,0,0,1,20,3,0,1.0,348,59,5.898305084745763
1,24,2,0,0,1,4,1,1,1,1,1,1,0,1,0,2,0,5.0,200,43,4.651162790697675
1,3,2,0,1,0,2,0,1,0,0,0,0,0,1,0,0,0,2.0,352,71,4.957746478873239
1,48,2,0,1,0,1,3,1,1,0,0,0,0,10,0,1,0,1.0,113,19,5.947368421052632
0,3,3,0,1,0,2,0,1,0,1,1,1,0,1,0,1,0,1.0,126,22,5.7272727272727275
0,2,3,0,1,6,0,0,1,0,2,2,2,0,4,100,5,0,4.0,192,37,5.1891891891891895
0,2,3,0,0,0,1,0,0,0,0,2,0,0,1,50,0,0,5.0,356,63,5.650793650793651
0,4,138,22,1,1,3,1,0,0,0,0,0,0,3,0,0,0,2.0,80,15,5.333333333333333
0,2,3,0,0,4,3,0,0,0,0,2,0,0,2,0,1,0,3.0,395,74,5.337837837837838
1,2,2,0,0,1,2,0,1,0,2,2,0,0,1,0,0,0,8.0,565,108,5.231481481481482
1,2,2,0,0,0,1,0,1,1,0,2,0,0,1,5,0,0,2.0,215,40,5.375
1,48,34,0,0,6,2,0,0,1,2,2,2,0,1,300,1,0,3.0,413,70,5.9
1,15,2,0,1,5,2,0,1,0,2,2,2,0,1,0,0,0,6.0,926,182,5.087912087912088
0,19,7,0,1,0,3,0,2,2,2,2,0,0,1,0,1,0,3.0,3,1,3.0
1,2,2,0,1,0,1,0,1,0,0,2,0,0,1,50,0,0,4.0,1065,200,5.325
0,4,3,0,0,0,6,0,0,0,0,2,0,0,2,0,1,0,1.0,367,65,5.6461538461538465
0,14,10,0,1,1,4,0,1,1,0,2,0,0,2,0,2,0,2.0,188,36,5.222222222222222
0,7,1,0,1,0,1,1,1,1,0,0,0,0,2,0,1,0,7.0,355,58,6.120689655172414
0,1,3,0,1,0,0,0,1,0,0,0,0,0,1,0,1,0,1.0,39,8,4.875
0,2,3,0,1,1,4,0,0,0,2,2,0,0,1,0,0,0,2.0,350,59,5.932203389830509
0,24,3,0,1,0,5,1,1,0,1,1,0,0,1,50,0,0,1.0,139,24,5.791666666666667
0,8,4,0,1,5,2,0,0,1,0,2,2,0,1,100,0,0,2.0,179,38,4.7105263157894735
0,1,1,0,1,0,0,0,1,1,1,2,1,0,1,0,1,0,3.0,205,43,4.767441860465116
0,6,3,0,1,1,2,0,1,0,0,0,0,0,1,0,0,0,1.0,24,5,4.8
0,3,1,0,1,0,5,1,1,1,0,0,0,0,1,0,0,0,5.0,1327,270,4.9148148148148145
1,1,2,3,2,1,4,1,1,1,2,2,0,0,4,0,0,0,11.0,334,50,6.68
0,1,1,0,1,0,5,1,0,1,0,2,0,0,1,0,3,0,4.0,481,85,5.658823529411765
0,12,3,0,1,0,2,0,1,0,2,2,2,0,3,50,11,0,3.0,68,14,4.857142857142857
0,3,3,0,2,0,1,1,1,0,0,0,0,0,3,0,1,0,5.0,468,83,5.63855421686747
0,2,3,0,0,4,2,0,1,0,0,0,0,0,1,0,0,0,6.0,325,55,5.909090909090909
0,2,1,0,1,0,1,0,1,1,0,0,0,0,1,50,0,0,5.0,671,122,5.5
1,1,2,0,1,1,2,0,1,1,0,0,0,0,2,0,0,0,5.0,143,28,5.107142857142857
1,7,2,0,1,1,0,0,1,0,2,2,0,0,1,0,0,0,1.0,186,40,4.65
1,72,107,0,1,5,2,0,1,0,2,2,0,0,1,100,3,0,8.0,635,124,5.120967741935484
0,55,1,0,1,1,3,1,2,1,2,2,2,0,1,150,3,0,5.0,33,6,5.5
0,5,3,9,1,1,3,1,0,0,2,2,0,0,1,0,0,0,5.0,681,125,5.448
0,24,3,0,1,0,3,1,1,0,2,2,2,0,1,0,0,0,17.0,429,83,5.168674698795181
0,12,1,0,0,4,2,0,1,1,0,2,2,1,1,0,0,0,3.0,446,82,5.439024390243903
1,8,2,0,1,0,1,0,1,0,2,2,2,0,1,0,0,0,2.0,938,170,5.517647058823529
1,1,2,0,1,0,0,0,1,0,0,0,0,0,1,0,9,0,5.0,18,3,6.0
0,1,3,0,1,0,5,1,1,0,0,2,0,1,2,0,0,0,7.0,1007,176,5.721590909090909
1,50,9,0,0,3,0,0,0,0,2,2,2,0,1,0,0,0,4.0,711,145,4.903448275862069
1,2,2,3,1,0,1,0,1,0,1,2,0,0,1,0,1,0,5.0,153,27,5.666666666666667
1,9,2,0,0,1,2,0,1,0,2,1,2,0,1,0,1,0,1.0,149,27,5.518518518518518
0,4,3,0,1,0,0,0,0,1,0,0,0,0,1,0,1,0,5.0,18,3,6.0
1,2,14,3,0,1,2,0,1,0,2,1,0,0,1,0,0,0,6.0,94,20,4.7
0,2,1,0,0,6,0,0,2,1,0,2,1,0,1,40,0,0,3.0,674,108,6.2407407407407405
1,2,2,0,1,1,0,0,1,0,2,2,0,0,5,0,0,0,5.0,275,49,5.612244897959184
1,1,5,3,1,0,4,0,1,1,2,2,0,0,1,200,0,0,8.0,2982,558,5.344086021505376
0,5,3,9,1,4,5,1,0,0,2,2,0,0,2,10,1,0,12.0,191,33,5.787878787878788
0,2,1,10,0,0,2,0,0,1,0,0,1,0,1,0,0,0,3.0,378,72,5.25
0,4,3,0,0,0,1,1,0,0,0,2,0,0,1,10,1,0,4.0,457,91,5.021978021978022
0,36,3,0,1,0,4,1,1,0,2,2,2,0,1,0,0,0,1.0,751,141,5.326241134751773
0,1,3,0,0,1,0,0,0,1,0,0,0,0,1,0,1,0,2.0,173,36,4.805555555555555
1,3,2,0,1,1,2,0,1,0,2,2,0,0,1,0,1,0,9.0,179,33,5.424242424242424
0,8,3,0,1,1,0,0,1,0,2,2,2,0,1,30,1,0,2.0,346,68,5.088235294117647
0,8,1,0,1,0,1,2,1,1,1,1,2,0,1,0,0,0,2.0,45,10,4.5
0,48,3,0,1,3,2,0,1,0,2,2,2,0,1,0,3,0,5.0,163,30,5.433333333333334
1,7,2,0,0,0,2,0,1,0,2,2,0,0,1,0,0,0,1.0,72,15,4.8
1,0,2,0,2,0,4,1,1,0,0,0,0,0,7,0,0,0,8.0,117,23,5.086956521739131
1,12,63,0,1,2,2,0,0,0,2,2,0,0,1,350,0,0,1.0,193,40,4.825
0,5,3,0,1,1,3,1,0,0,2,2,0,0,1,0,0,0,8.0,787,153,5.143790849673203
0,3,3,0,2,5,2,0,1,0,0,2,0,0,2,0,1,0,30.0,216,40,5.4
0,1,3,0,1,0,0,0,1,0,0,0,0,0,1,0,1,0,1.0,39,8,4.875
0,2,10,26,1,1,4,1,0,0,0,2,0,0,1,0,1,0,4.0,106,21,5.0476190476190474
0,2,3,26,0,0,0,0,1,0,2,2,0,0,1,100,1,0,4.0,308,51,6.03921568627451
0,3,3,0,0,3,0,0,0,0,0,2,0,0,1,0,1,0,5.0,679,134,5.067164179104478
1,2,2,0,0,1,6,1,1,0,0,2,0,0,1,0,0,0,5.0,834,159,5.245283018867925
1,12,2,0,0,5,2,0,2,0,0,0,0,0,1,0,0,0,2.0,404,84,4.809523809523809
1,2,13,3,1,1,2,0,1,0,0,2,0,0,1,0,0,0,1.0,420,79,5.3164556962025316
0,2,36,0,2,0,1,3,1,1,1,2,1,0,3,0,1,0,0.0,454,79,5.746835443037975
0,36,3,9,1,1,4,3,1,0,2,2,2,0,1,0,0,0,5.0,1234,232,5.318965517241379
1,3,2,0,0,1,0,0,1,1,2,2,0,0,1,0,0,0,2.0,63,10,6.3
0,3,1,0,1,0,1,1,1,1,0,0,0,0,1,0,0,0,1.0,56,10,5.6
0,1,3,9,2,1,6,3,1,0,0,0,0,0,2,0,1,0,14.0,324,52,6.230769230769231
0,2,1,0,2,0,4,1,0,1,0,0,0,0,3,0,0,0,0.0,363,61,5.950819672131147
0,3,3,0,0,4,2,0,1,1,0,2,0,2,1,0,1,0,6.0,386,68,5.676470588235294
1,1,2,0,1,0,0,0,1,0,2,2,0,0,2,0,1,0,4.0,461,79,5.8354430379746836
0,12,3,0,0,0,0,0,1,0,1,1,0,0,1,50,0,0,1.0,179,33,5.424242424242424
0,12,3,0,1,0,5,1,1,0,2,2,2,0,1,0,1,0,2.0,59,11,5.363636363636363
0,3,4,0,2,3,0,0,2,2,2,2,0,0,2,0,0,0,6.0,854,159,5.371069182389937
1,3,2,0,0,0,2,0,2,0,2,2,0,0,3,0,0,0,3.0,261,48,5.4375
1,30,2,3,0,1,0,0,1,0,2,2,0,0,1,250,0,1,3.0,815,157,5.191082802547771
0,3,1,9,2,0,4,0,2,1,2,2,0,0,2,0,0,1,7.0,432,79,5.468354430379747
0,3,1,0,2,4,0,0,1,1,0,0,0,0,2,0,0,0,5.0,262,48,5.458333333333333
1,2,2,0,0,0,1,0,0,1,0,0,0,0,2,0,0,0,5.0,598,116,5.155172413793103
1,3,21,3,0,1,4,1,1,1,0,0,1,0,1,0,0,0,3.0,200,37,5.405405405405405
1,2,2,0,1,0,1,1,1,0,0,0,0,0,2,0,2,0,1.0,320,56,5.714285714285714
1,24,2,3,0,6,2,0,1,2,1,1,1,0,1,0,1,0,1.0,136,29,4.689655172413793
1,12,2,0,0,1,2,0,1,0,2,2,1,0,1,0,0,2,10.0,4549,883,5.151755379388448
1,4,2,0,2,1,2,0,1,0,0,0,0,0,5,0,0,0,5.0,175,29,6.0344827586206895
0,24,10,0,0,1,4,0,1,1,2,2,2,0,1,150,5,0,1.0,55,11,5.0
1,36,14,0,0,6,2,0,2,1,2,2,0,0,1,0,0,0,3.0,520,108,4.814814814814815
1,3,2,0,1,2,2,0,1,0,0,2,0,0,1,0,5,0,1.0,261,55,4.745454545454545
0,1,36,9,1,0,3,0,1,0,0,0,0,0,1,50,0,0,5.0,946,169,5.597633136094674
1,24,66,3,0,6,0,0,0,1,1,1,1,0,1,0,1,0,9.0,510,89,5.730337078651686
0,2,1,44,1,4,0,0,1,1,0,2,0,0,1,50,3,0,2.0,664,115,5.773913043478261
0,60,3,0,1,5,2,0,1,0,2,2,2,0,1,0,0,0,1.0,190,40,4.75
1,3,53,3,2,2,0,0,1,0,2,2,0,0,2,0,0,3,6.0,349,53,6.584905660377358
0,2,1,0,2,0,5,3,1,1,0,0,0,0,5,0,0,0,4.0,35,6,5.833333333333333
1,1,2,0,1,0,1,0,1,1,0,0,0,0,1,0,3,0,6.0,325,65,5.0
0,5,12,9,1,4,2,0,1,0,2,2,1,0,1,0,3,0,5.0,364,74,4.918918918918919
0,1,3,6,1,3,2,0,1,1,2,2,0,0,1,0,0,0,4.0,158,32,4.9375
0,24,3,0,0,4,0,0,2,0,0,0,0,0,1,0,0,0,4.0,351,56,6.267857142857143
1,2,2,0,1,0,2,0,1,0,0,0,0,0,1,0,0,0,1.0,265,50,5.3
0,1,1,0,2,1,6,0,0,1,0,0,0,0,2,0,0,0,3.0,161,32,5.03125
0,4,1,0,1,0,0,0,1,1,2,2,0,0,1,0,0,0,5.0,394,70,5.628571428571429
0,12,10,0,1,2,2,0,2,0,2,2,2,0,1,0,1,0,2.0,138,22,6.2727272727272725
0,1,1,9,1,4,0,0,0,1,0,0,0,0,1,0,0,0,4.0,521,103,5.058252427184466
1,2,14,7,0,0,1,0,1,0,2,2,0,0,1,0,0,0,10.0,474,86,5.511627906976744
0,8,3,0,0,1,3,0,1,0,1,1,1,0,1,0,0,0,2.0,63,13,4.846153846153846
1,3,2,0,2,0,1,0,1,1,2,2,1,0,4,0,6,0,1.0,76,14,5.428571428571429
0,2,0,0,0,1,5,3,1,0,0,2,0,0,1,0,1,0,2.0,454,87,5.218390804597701
0,7,1,9,1,1,4,1,1,1,0,0,0,0,2,0,1,0,5.0,265,48,5.520833333333333
1,2,13,3,2,0,6,1,1,2,2,2,0,0,7,0,0,0,21.0,874,133,6.571428571428571
0,4,59,48,0,2,0,0,1,0,0,2,0,0,1,0,2,0,1.0,56,9,6.222222222222222
1,12,2,3,0,0,1,1,1,1,1,1,1,2,1,0,5,0,3.0,636,137,4.642335766423358
1,8,109,3,0,2,2,0,1,0,2,2,2,0,1,0,2,0,3.0,37,6,6.166666666666667
0,17,3,0,1,6,0,0,1,0,1,1,0,0,1,0,1,0,1.0,144,35,4.114285714285714
0,3,3,0,0,2,2,0,0,0,1,2,1,0,1,0,1,0,1.0,136,22,6.181818181818182
1,1,2,0,1,1,2,0,1,1,0,0,0,0,1,0,0,0,3.0,115,21,5.476190476190476
1,41,98,0,1,1,2,0,1,1,2,2,0,0,1,200,0,0,3.0,402,77,5.220779220779221
0,1,0,0,2,0,6,2,1,1,0,0,0,0,4,0,0,0,12.0,296,51,5.803921568627451
0,4,3,0,2,0,4,1,0,0,0,0,0,0,5,0,0,0,5.0,356,68,5.235294117647059
1,2,2,3,1,5,2,0,1,0,0,0,0,0,1,0,0,0,2.0,177,36,4.916666666666667
1,2,2,0,0,1,2,0,1,0,1,2,0,0,1,0,1,0,3.0,167,23,7.260869565217392
0,2,78,9,1,0,1,0,1,0,0,2,0,0,1,0,0,0,4.0,538,100,5.38
0,3,85,44,0,1,5,1,0,1,0,1,0,0,2,0,5,0,2.0,524,95,5.515789473684211
1,8,2,0,1,1,0,0,1,1,0,0,0,0,1,0,0,0,2.0,116,24,4.833333333333333
0,3,0,9,1,0,0,0,0,0,2,2,0,0,1,0,1,0,5.0,187,38,4.921052631578948
1,1,2,7,0,0,4,0,1,0,0,2,0,0,1,0,0,0,2.0,282,47,6.0
1,1,2,0,1,1,2,0,1,0,0,0,0,0,1,0,0,0,5.0,34,6,5.666666666666667
0,2,3,6,1,0,3,1,1,0,0,0,0,0,1,0,0,0,5.0,228,37,6.162162162162162
1,12,5,3,2,1,2,0,0,0,1,1,1,0,4,0,1,0,10.0,2150,366,5.8743169398907105
1,3,2,0,1,1,2,0,1,1,1,2,0,0,1,100,1,0,7.0,72,15,4.8
0,3,3,0,1,0,5,3,1,0,0,0,0,0,1,50,1,0,4.0,134,26,5.153846153846154
1,24,18,0,1,5,2,0,1,1,1,1,0,0,1,0,5,0,1.0,235,49,4.795918367346939
0,13,7,6,1,0,3,0,1,1,2,2,0,0,1,0,0,0,3.0,570,103,5.533980582524272
1,72,28,0,0,0,1,1,1,1,0,0,0,0,1,0,0,0,1.0,18,2,9.0
1,3,2,0,0,5,2,0,1,1,0,2,0,0,1,0,8,0,2.0,57,12,4.75
1,3,2,0,0,1,2,0,1,1,1,1,1,0,1,0,2,0,4.0,272,51,5.333333333333333
1,1,2,3,0,1,2,0,1,0,0,2,0,0,1,0,0,0,1.0,60,13,4.615384615384615
0,17,7,0,1,2,0,0,1,1,0,0,0,0,1,40,0,0,3.0,89,19,4.684210526315789
1,2,2,0,1,1,0,0,1,1,2,2,0,0,1,0,0,0,4.0,188,36,5.222222222222222
0,2,3,26,1,0,6,3,1,0,0,0,0,0,1,0,1,0,4.0,440,83,5.301204819277109
1,1,2,0,2,0,1,2,1,1,0,0,0,0,4,0,5,0,1.0,325,66,4.924242424242424
1,18,2,0,0,1,4,1,1,1,1,1,1,0,1,0,0,0,3.0,359,69,5.202898550724638
1,3,2,0,0,1,2,0,1,1,0,0,0,0,1,0,0,0,1.0,195,40,4.875
1,9,2,0,1,0,1,0,1,0,1,1,1,2,1,0,0,0,7.0,1194,247,4.834008097165992
0,36,10,127,1,0,1,4,1,0,0,2,0,0,2,0,0,0,5.0,185,34,5.4411764705882355
1,27,2,0,1,1,0,0,1,0,2,2,2,0,1,0,1,0,6.0,450,79,5.69620253164557
0,3,3,0,1,0,0,0,1,0,0,2,0,0,1,30,0,0,5.0,230,40,5.75
0,3,3,0,1,0,1,0,1,0,0,2,0,0,1,0,0,0,4.0,450,83,5.421686746987952
0,9,7,1,0,0,0,0,2,2,0,0,0,0,1,150,1,0,4.0,244,43,5.674418604651163
1,4,34,0,0,1,2,0,0,1,2,2,1,0,1,200,0,0,4.0,588,108,5.444444444444445
0,4,3,0,1,0,2,0,1,0,1,1,0,0,1,100,1,0,1.0,151,22,6.863636363636363
0,5,3,0,0,3,0,0,1,0,2,2,2,0,2,0,0,0,8.0,1045,200,5.225
1,2,2,0,1,0,1,0,1,0,1,2,0,0,1,0,0,0,4.0,51,8,6.375
1,1,14,3,1,1,2,0,1,0,1,1,0,0,1,0,0,0,1.0,115,19,6.052631578947368
0,5,3,0,1,0,1,3,0,0,2,2,1,0,1,0,5,0,2.0,136,27,5.037037037037037
0,2,47,26,2,0,5,3,1,0,0,2,0,0,2,50,1,0,4.0,126,24,5.25
0,1,1,9,2,0,1,3,0,1,0,0,2,0,2,0,1,0,5.0,507,96,5.28125
0,12,1,0,1,5,2,0,1,1,0,1,1,0,1,0,6,0,1.0,10,2,5.0
1,12,2,0,1,1,0,0,1,1,2,2,2,0,1,100,3,0,3.0,509,103,4.941747572815534
0,4,3,0,1,0,6,0,0,0,0,0,0,0,1,0,1,0,1.0,18,3,6.0
1,1,2,0,0,0,0,0,1,0,0,0,0,0,1,0,2,0,1.0,651,122,5.336065573770492
0,1,1,26,1,4,4,1,1,1,0,2,0,0,1,0,0,0,11.0,2385,390,6.115384615384615
1,3,2,0,0,0,1,0,1,1,2,2,1,0,1,0,3,0,1.0,216,39,5.538461538461538
0,3,61,1,1,5,2,0,1,2,0,0,0,0,1,500,0,0,4.0,62,9,6.888888888888889
1,3,2,0,2,1,4,0,1,1,0,0,0,0,2,0,0,0,1.0,43,9,4.777777777777778
1,12,2,0,0,0,2,0,1,0,1,1,1,0,2,0,1,0,3.0,16,3,5.333333333333333
1,3,106,3,0,0,1,1,1,1,0,2,0,0,1,0,0,0,5.0,220,41,5.365853658536586
1,2,2,0,1,4,2,0,1,0,2,2,0,0,1,0,0,0,1.0,105,21,5.0
1,18,65,0,0,3,0,0,1,2,2,2,2,0,1,0,0,0,2.0,628,117,5.367521367521367
0,2,0,0,0,0,1,0,0,1,0,0,0,0,1,0,0,0,4.0,191,36,5.305555555555555
0,1,3,9,2,0,3,1,1,0,0,2,1,0,5,0,0,0,1.0,867,143,6.062937062937063
1,8,2,0,1,1,2,0,2,1,1,1,2,0,1,0,0,1,1.0,158,29,5.448275862068965
1,6,2,0,1,0,2,0,1,0,2,2,2,0,1,0,0,0,4.0,390,76,5.131578947368421
0,2,0,9,2,4,4,0,1,0,0,0,0,0,2,0,0,0,7.0,845,149,5.671140939597316
0,2,36,6,0,4,0,0,0,0,0,0,0,0,1,0,1,0,3.0,676,135,5.007407407407407
0,3,3,0,1,0,6,1,1,0,2,2,0,0,2,1,0,0,5.0,305,56,5.446428571428571
0,2,3,9,0,1,4,1,0,0,1,2,0,0,1,0,1,0,1.0,123,21,5.857142857142857
1,60,2,0,1,1,4,0,1,1,1,1,1,0,1,0,6,0,1.0,21,2,10.5
1,4,2,0,0,0,1,0,0,0,0,2,0,0,1,0,0,1,1.0,327,61,5.360655737704918
0,1,4,0,0,0,1,0,0,1,0,0,0,0,1,0,0,0,1.0,182,35,5.2
0,4,3,0,1,2,3,0,1,0,1,1,0,0,1,50,0,0,1.0,699,128,5.4609375
0,1,92,0,1,2,2,0,0,0,1,2,1,0,1,20,0,0,4.0,535,100,5.35
1,2,2,3,1,2,2,0,1,1,0,2,0,0,1,0,0,0,8.0,12,2,6.0
1,1,2,3,0,1,0,0,1,1,0,2,0,0,1,0,0,0,4.0,12,2,6.0
1,1,2,11,2,1,2,0,1,0,0,0,0,0,2,0,0,0,5.0,211,37,5.702702702702703
1,4,2,3,1,0,5,0,1,1,2,2,2,0,1,0,1,0,1.0,186,37,5.027027027027027
1,6,9,120,0,1,0,0,1,1,2,0,0,0,1,0,1,0,9.0,55,10,5.5
0,3,3,0,1,0,2,0,1,0,0,0,0,0,1,0,1,0,2.0,1215,230,5.282608695652174
1,1,2,0,2,0,1,1,1,0,0,0,0,0,5,0,0,0,6.0,105,21,5.0
1,7,2,0,1,0,2,0,1,0,2,2,2,0,1,0,0,0,3.0,247,51,4.8431372549019605
1,7,2,0,1,1,6,4,1,1,2,1,2,0,1,0,3,0,4.0,622,115,5.408695652173913
1,18,34,0,0,1,2,0,1,1,2,2,1,0,1,0,0,0,4.0,16,3,5.333333333333333
1,4,11,7,1,1,0,0,0,0,1,1,1,0,1,0,3,0,4.0,269,53,5.0754716981132075
1,24,2,0,0,2,2,0,1,1,2,2,0,0,1,0,0,0,2.0,231,46,5.021739130434782
1,1,8,3,0,0,4,0,1,1,0,2,0,0,2,0,0,0,4.0,585,105,5.571428571428571
1,2,2,0,1,0,0,0,1,0,0,2,0,0,1,0,2,0,1.0,334,67,4.985074626865671
1,2,2,0,1,1,0,0,2,0,0,2,0,0,1,150,0,0,3.0,228,46,4.956521739130435
0,9,1,10,1,2,0,0,1,1,0,2,0,0,1,0,0,0,2.0,49,10,4.9
1,1,2,0,1,1,4,0,1,1,0,0,0,0,1,0,3,0,6.0,31,5,6.2
0,0,3,0,2,0,3,1,1,1,0,0,0,0,3,0,1,0,0.0,567,92,6.163043478260869
1,12,19,0,0,3,2,0,0,1,2,2,0,0,1,200,0,0,4.0,345,64,5.390625
1,2,2,3,1,1,2,0,1,1,0,2,0,0,1,0,0,0,11.0,12,2,6.0
1,8,2,0,0,0,1,1,1,0,2,2,2,0,1,0,1,0,11.0,360,66,5.454545454545454
1,2,2,0,1,0,0,0,1,0,0,2,1,1,1,0,0,0,3.0,613,114,5.37719298245614
1,2,2,0,0,1,2,0,1,1,0,1,0,0,1,0,0,0,1.0,88,15,5.866666666666666
0,6,1,0,0,6,0,0,1,1,2,2,0,0,1,0,1,0,4.0,226,37,6.108108108108108
0,3,7,9,2,6,3,1,1,1,0,0,0,0,5,0,1,0,9.0,149,25,5.96
0,3,4,26,1,1,2,0,1,1,0,2,0,0,1,0,0,0,4.0,317,64,4.953125
1,6,2,0,2,0,1,1,1,0,1,1,1,0,3,0,3,0,2.0,149,27,5.518518518518518
0,2,1,0,0,4,2,0,0,1,0,0,0,0,1,0,1,0,2.0,33,4,8.25
0,4,3,0,0,6,0,0,0,0,0,0,0,0,1,50,0,0,6.0,435,88,4.943181818181818
1,12,2,0,0,0,2,0,0,0,1,1,0,0,1,0,0,0,2.0,83,13,6.384615384615385
1,3,2,0,1,0,1,0,1,0,0,2,0,0,1,0,0,0,4.0,356,65,5.476923076923077
0,2,3,0,0,6,0,0,2,0,0,2,1,0,1,0,0,0,5.0,237,40,5.925
1,15,2,0,1,1,0,0,2,0,2,2,2,0,1,300,1,0,5.0,393,68,5.779411764705882
0,12,1,0,2,0,4,1,1,1,2,2,2,0,2,0,3,0,4.0,307,56,5.482142857142857
0,2,3,0,1,4,3,1,0,0,1,1,1,0,1,0,1,0,5.0,1076,211,5.099526066350711
1,4,14,3,1,0,0,0,2,1,2,2,0,0,1,200,1,0,5.0,1814,342,5.304093567251462
0,2,3,0,1,0,4,0,1,0,0,2,0,0,1,0,0,0,3.0,58,10,5.8
1,36,2,0,0,1,2,0,1,0,2,2,2,0,1,0,0,0,3.0,19,3,6.333333333333333
0,2,24,9,2,0,1,5,0,0,0,0,0,0,2,0,0,4,5.0,214,41,5.219512195121951
1,36,9,2,1,0,3,1,0,2,2,2,1,0,1,0,7,0,4.0,161,30,5.366666666666666
1,2,2,0,1,0,1,0,1,1,0,0,0,0,1,0,0,0,9.0,318,59,5.389830508474576
1,12,2,0,0,1,5,2,1,1,1,1,1,0,1,0,3,0,1.0,228,46,4.956521739130435
0,16,91,0,0,1,3,1,1,1,2,2,2,0,3,0,0,0,4.0,276,56,4.928571428571429
1,2,2,0,1,1,0,0,1,0,2,2,0,0,1,0,0,3,2.0,2210,427,5.1756440281030445
1,2,2,0,2,0,3,1,1,1,2,2,0,0,5,0,0,4,22.0,336,51,6.588235294117647
0,2,1,0,2,2,3,0,1,1,0,0,0,0,3,0,2,0,4.0,155,26,5.961538461538462
1,2,2,0,0,0,0,0,1,1,2,2,0,0,1,0,0,0,2.0,17,3,5.666666666666667
1,3,2,0,1,5,2,0,1,1,0,0,0,0,1,0,0,0,5.0,303,56,5.410714285714286
0,96,64,0,1,3,2,0,3,1,2,2,2,0,3,0,1,0,3.0,173,33,5.242424242424242
1,4,2,0,0,5,2,0,1,0,2,2,0,0,1,0,1,0,1.0,36,6,6.0
1,12,2,0,1,6,2,0,1,1,2,2,0,1,1,0,0,0,4.0,430,79,5.443037974683544
1,1,2,0,2,0,1,1,1,1,0,0,0,0,4,0,0,0,12.0,238,45,5.288888888888889
1,26,2,0,1,0,1,0,1,0,2,2,0,0,1,0,1,0,5.0,291,58,5.017241379310345
1,84,9,0,1,2,2,0,1,0,2,2,2,0,1,0,0,0,1.0,317,64,4.953125
0,2,3,26,2,0,1,1,1,0,0,0,0,0,3,0,0,0,2.0,363,58,6.258620689655173
1,2,2,0,2,0,1,1,1,1,0,0,0,0,3,0,1,0,1.0,862,166,5.192771084337349
1,36,2,0,0,2,2,0,0,1,1,1,0,0,1,0,1,0,1.0,407,80,5.0875
0,1,1,0,0,0,0,0,2,1,0,0,0,0,1,0,0,0,4.0,240,48,5.0
0,3,24,9,1,0,5,1,0,0,0,0,0,0,1,0,1,0,2.0,279,52,5.365384615384615
0,24,3,9,1,0,1,0,1,0,0,0,0,0,2,0,2,0,0.0,20,3,6.666666666666667
0,4,3,0,0,4,0,0,1,0,0,2,0,0,1,30,0,0,1.0,532,97,5.484536082474227
1,3,5,12,1,2,3,1,1,1,0,2,0,0,1,150,1,0,8.0,95,15,6.333333333333333
1,36,2,0,1,0,1,0,1,0,0,0,2,0,1,0,0,0,2.0,336,65,5.1692307692307695
1,2,2,3,1,1,2,0,1,1,0,2,0,0,1,0,0,0,3.0,14,3,4.666666666666667
1,25,28,0,0,0,1,1,1,0,2,2,2,0,1,0,1,0,1.0,329,58,5.672413793103448
0,2,3,0,1,1,6,3,1,0,0,2,0,0,1,0,9,1,5.0,365,56,6.517857142857143
1,24,2,0,1,1,2,0,1,1,1,1,1,0,20,0,9,0,1.0,100,19,5.2631578947368425
0,24,3,9,2,0,1,1,2,0,0,0,0,0,5,0,0,0,5.0,71,15,4.733333333333333
1,12,2,0,1,5,2,0,1,0,0,0,0,0,1,0,1,0,4.0,983,188,5.2287234042553195
1,2,2,3,1,1,5,0,1,0,2,2,0,0,2,0,1,0,5.0,317,59,5.372881355932203
0,5,3,0,2,0,1,1,0,0,1,1,1,0,3,0,1,0,1.0,325,62,5.241935483870968
0,3,1,0,1,3,0,0,1,1,0,2,0,0,1,0,1,0,5.0,239,48,4.979166666666667
1,36,2,0,1,1,2,0,1,0,1,0,0,0,2,50,0,0,2.0,1401,267,5.247191011235955
0,4,0,9,0,1,4,1,1,0,0,0,0,0,1,0,1,0,3.0,312,56,5.571428571428571
1,8,2,0,0,0,2,0,1,1,2,2,2,0,1,0,0,0,3.0,884,157,5.630573248407643
0,6,1,0,1,0,1,1,1,1,2,2,0,0,1,0,1,0,1.0,149,24,6.208333333333333
1,12,2,0,0,0,0,0,1,0,2,2,2,0,1,0,1,0,2.0,821,154,5.3311688311688314
1,1,2,0,1,0,1,2,1,1,0,0,0,0,1,0,1,0,2.0,75,16,4.6875
1,4,2,0,1,5,2,0,1,1,0,0,0,0,1,0,0,0,2.0,156,25,6.24
1,9,5,3,0,4,4,0,1,0,2,2,0,0,1,0,0,0,3.0,269,51,5.2745098039215685
0,1,1,0,2,0,4,3,1,1,0,0,0,0,2,0,0,0,2.0,71,15,4.733333333333333
1,132,11,0,1,1,0,0,0,1,2,2,2,0,1,0,0,0,2.0,298,55,5.418181818181818
0,9,3,26,0,4,2,0,1,0,0,0,0,0,1,0,0,0,5.0,376,56,6.714285714285714
0,2,3,0,2,0,3,1,1,1,1,1,1,0,10,0,1,0,4.0,563,109,5.165137614678899
1,7,13,3,0,1,6,1,1,1,1,1,0,0,1,0,0,0,2.0,185,31,5.967741935483871
1,2,15,3,2,0,2,0,1,0,0,2,0,0,3,200,1,0,3.0,475,93,5.10752688172043
1,3,2,0,1,1,4,0,1,1,0,2,0,0,1,0,8,0,1.0,218,43,5.069767441860465
1,2,2,0,2,0,1,2,1,0,1,1,1,0,5,0,1,0,3.0,178,38,4.684210526315789
1,8,2,0,1,2,2,0,1,1,1,1,1,0,1,0,0,0,3.0,181,35,5.171428571428572
1,2,2,0,2,0,1,2,1,1,1,1,0,0,9,0,1,0,5.0,110,18,6.111111111111111
0,3,1,0,2,1,4,3,1,1,0,0,0,0,4,0,1,0,2.0,296,49,6.040816326530612
0,3,0,0,2,0,6,3,1,0,2,2,0,0,2,200,0,2,4.0,138,22,6.2727272727272725
1,2,2,0,0,0,1,0,1,0,0,0,0,1,1,0,0,0,2.0,269,44,6.113636363636363
1,2,2,0,1,1,2,0,0,0,2,2,0,0,1,0,1,0,5.0,598,122,4.901639344262295
1,60,34,0,0,1,2,0,1,1,2,0,0,0,1,0,0,0,2.0,188,32,5.875
0,2,3,0,0,0,0,0,1,0,0,0,0,0,2,0,7,0,3.0,616,97,6.350515463917525
1,35,51,0,0,1,2,0,0,0,2,2,1,0,1,0,0,0,2.0,840,161,5.217391304347826
1,3,2,3,0,2,2,0,1,0,2,2,0,0,1,0,2,0,3.0,220,42,5.238095238095238
0,24,0,0,1,1,2,0,0,0,2,2,2,0,1,0,10,0,1.0,557,102,5.46078431372549
0,2,0,9,1,0,1,3,0,1,0,0,0,0,1,0,0,0,0.0,23,6,3.8333333333333335
0,1,24,26,2,0,6,0,1,0,0,2,0,0,3,0,1,0,5.0,1978,346,5.716763005780347
1,1,13,3,2,0,1,0,1,0,0,2,0,0,2,0,0,0,4.0,77,14,5.5
0,2,3,0,0,0,1,1,0,0,0,0,0,0,1,0,0,0,3.0,308,54,5.703703703703703
1,10,2,0,0,0,2,0,1,0,2,2,2,0,1,0,1,0,6.0,29,6,4.833333333333333
0,1,32,9,2,5,2,0,2,1,0,0,0,1,2,30,1,0,5.0,64,12,5.333333333333333
1,72,21,0,0,1,4,1,2,2,2,2,0,0,1,0,0,0,4.0,526,105,5.0095238095238095
1,4,2,3,0,1,2,0,1,0,2,2,0,0,1,0,0,0,5.0,449,84,5.345238095238095
1,1,2,0,1,0,0,0,1,1,0,0,0,0,1,20,3,0,1.0,141,25,5.64
0,2,0,0,2,0,6,1,1,0,0,0,0,0,5,0,11,0,3.0,601,113,5.31858407079646
1,60,28,0,0,0,1,1,1,0,2,2,2,0,1,250,0,0,6.0,1157,216,5.356481481481482
0,6,3,0,1,4,3,1,0,0,2,2,2,0,1,0,1,0,1.0,355,69,5.144927536231884
1,2,2,0,1,0,0,0,1,1,2,2,0,0,1,0,0,1,3.0,293,54,5.425925925925926
0,1,30,0,0,0,3,1,1,0,0,0,0,0,4,0,0,0,8.0,259,43,6.023255813953488
1,4,23,31,0,1,2,0,0,1,1,1,1,0,1,150,0,0,0.0,5,1,5.0
1,7,2,0,0,0,0,0,1,0,2,2,2,0,1,110,0,0,2.0,180,35,5.142857142857143
1,2,2,0,0,0,1,0,1,0,0,0,0,0,1,0,0,0,1.0,131,24,5.458333333333333
1,96,14,0,2,4,4,0,2,0,2,2,2,0,2,0,0,0,7.0,468,87,5.379310344827586
0,2,3,0,0,6,2,0,0,0,2,2,0,0,2,0,0,0,5.0,38,5,7.6
0,2,3,0,1,1,0,0,1,0,0,0,0,0,1,0,0,1,5.0,115,23,5.0
0,2,3,0,1,4,0,0,0,0,0,0,0,0,1,80,0,0,3.0,128,25,5.12
1,2,2,0,1,0,1,0,1,0,1,1,0,0,1,0,0,0,3.0,79,14,5.642857142857143
0,12,3,0,1,4,2,0,1,0,2,2,2,0,1,50,1,0,1.0,46,9,5.111111111111111
1,5,2,0,0,0,1,4,1,0,2,2,0,0,1,0,2,0,3.0,465,90,5.166666666666667
1,2,2,0,2,1,4,0,1,0,0,2,0,0,5,0,0,0,7.0,535,101,5.297029702970297
1,2,2,3,1,2,2,0,1,1,2,2,0,0,1,0,0,0,5.0,12,2,6.0
0,1,3,0,2,0,3,1,0,0,0,0,0,0,4,0,1,0,3.0,33,5,6.6
0,1,1,0,2,0,1,4,0,1,0,0,0,0,4,0,0,0,6.0,60,9,6.666666666666667
1,3,5,0,1,1,0,0,1,0,0,2,0,0,1,0,0,0,2.0,243,44,5.5227272727272725
0,3,4,6,1,0,1,5,0,1,0,2,0,0,1,0,0,0,2.0,294,52,5.653846153846154
1,3,14,108,0,4,4,1,1,0,1,1,1,0,1,200,0,0,0.0,111,23,4.826086956521739
0,2,1,0,1,3,2,0,1,0,0,0,0,0,1,0,0,0,5.0,56,11,5.090909090909091
1,2,2,3,0,1,2,0,1,1,2,2,0,0,1,0,0,0,1.0,12,2,6.0
1,2,2,0,2,0,6,1,1,0,0,0,0,0,6,0,0,0,2.0,99,19,5.2105263157894735
0,10,3,22,0,0,0,0,1,0,0,0,0,0,1,100,0,0,2.0,534,108,4.944444444444445
0,12,3,0,1,0,0,0,1,0,2,2,2,0,1,120,9,0,1.0,246,49,5.020408163265306
1,24,48,0,1,1,2,0,0,0,1,1,0,1,1,0,6,0,3.0,67,13,5.153846153846154
0,2,3,0,1,0,1,1,0,0,0,0,0,0,1,0,3,0,11.0,159,30,5.3
0,1,3,0,0,3,0,0,1,0,0,0,0,0,1,15,0,0,6.0,101,20,5.05
1,4,5,3,2,6,4,1,1,0,2,2,0,0,2,0,0,0,5.0,145,26,5.576923076923077
0,2,10,22,0,1,0,0,0,0,0,0,0,0,1,0,1,0,3.0,255,49,5.204081632653061
1,1,2,0,2,0,1,1,1,1,0,0,1,0,5,0,3,0,8.0,116,23,5.043478260869565
0,4,3,0,0,4,2,0,0,0,0,0,0,0,1,0,0,0,3.0,466,79,5.89873417721519
1,1,2,0,1,1,4,1,1,1,2,0,0,0,1,40,3,0,1.0,342,62,5.516129032258065
1,2,2,0,1,2,2,0,1,0,1,1,0,0,1,0,1,0,1.0,20,5,4.0
0,2,3,26,1,0,3,0,1,0,0,2,0,0,1,0,1,0,11.0,1398,250,5.592
0,4,3,26,2,0,0,0,1,0,2,2,1,0,2,0,5,0,2.0,688,133,5.172932330827067
1,2,2,0,1,1,0,0,1,0,0,0,0,0,1,0,0,0,2.0,175,34,5.147058823529412
0,4,0,0,0,6,0,0,0,1,2,2,0,0,1,0,1,0,7.0,371,62,5.983870967741935
1,2,2,3,1,0,0,0,1,1,0,2,0,0,1,0,0,0,5.0,12,2,6.0
1,2,2,0,0,0,1,0,2,0,1,1,0,0,1,0,0,0,2.0,88,17,5.176470588235294
1,6,2,0,1,0,1,5,0,1,1,1,1,0,1,0,1,1,5.0,278,53,5.245283018867925
1,12,53,3,1,1,2,0,1,0,0,0,2,0,1,0,0,0,1.0,183,34,5.382352941176471
1,2,2,0,1,2,2,0,1,1,0,2,0,0,1,100,0,0,7.0,85,16,5.3125
0,24,3,0,1,0,1,1,1,1,2,2,0,0,1,0,0,0,5.0,513,96,5.34375
0,11,4,0,1,1,2,0,1,2,0,0,0,0,1,0,0,0,3.0,1025,207,4.951690821256038
0,1,3,9,1,0,5,1,1,0,0,0,0,0,2,0,3,0,3.0,131,25,5.24
0,36,7,0,0,2,2,0,1,2,2,2,2,1,1,0,1,0,1.0,84,16,5.25
0,1,1,0,0,0,3,0,0,1,0,0,0,0,1,0,1,0,2.0,1458,263,5.5437262357414445
1,1,2,0,2,0,1,1,1,0,0,0,0,0,6,0,1,0,13.0,1044,202,5.1683168316831685
0,1,3,0,2,0,3,0,0,0,0,0,0,0,5,0,0,0,10.0,446,87,5.126436781609195
1,2,34,7,1,1,0,0,1,1,0,0,0,0,1,0,0,0,4.0,383,81,4.728395061728395
1,1,2,0,0,0,0,0,1,0,0,0,0,0,1,50,0,2,4.0,706,137,5.153284671532846
1,12,2,0,0,0,1,1,1,1,2,2,2,0,1,0,0,0,6.0,838,146,5.739726027397261
1,1,2,0,1,1,4,0,1,0,0,0,0,0,1,0,0,0,1.0,55,11,5.0
0,2,0,0,2,3,2,0,1,0,0,2,0,0,2,0,1,0,2.0,159,28,5.678571428571429
1,2,33,3,1,0,2,0,1,0,1,2,0,0,1,0,1,0,5.0,221,38,5.815789473684211
1,3,2,0,1,0,0,0,1,0,2,2,0,0,2,100,0,0,2.0,351,62,5.661290322580645
1,36,2,0,1,0,1,0,0,1,2,2,2,0,1,0,0,0,7.0,427,83,5.144578313253012
1,3,2,3,0,0,5,0,0,1,2,1,1,0,2,0,0,0,4.0,52,10,5.2
0,5,3,0,0,0,1,0,0,0,2,2,0,0,2,0,1,0,10.0,372,68,5.470588235294118
1,12,2,30,2,1,4,1,1,1,2,2,2,0,2,0,2,0,4.0,55,12,4.583333333333333
1,2,2,0,2,0,2,0,1,0,0,0,0,0,4,0,0,0,3.0,492,99,4.96969696969697
1,2,2,0,0,0,0,0,1,0,2,2,0,0,1,0,0,0,8.0,213,39,5.461538461538462
1,4,62,31,2,0,1,0,1,0,1,1,0,0,2,0,0,0,6.0,823,146,5.636986301369863
0,24,3,0,0,1,2,0,1,0,0,2,2,0,1,0,6,0,4.0,98,16,6.125
1,2,2,0,1,0,0,0,1,1,2,2,0,0,3,0,0,0,4.0,359,65,5.523076923076923
0,3,3,0,0,0,0,0,1,1,0,0,0,0,1,0,2,0,5.0,173,36,4.805555555555555
1,1,14,0,1,0,1,1,1,1,0,0,0,0,2,0,3,0,10.0,25,4,6.25
0,72,32,10,2,1,6,1,1,1,2,2,2,0,2,0,0,0,2.0,430,80,5.375
1,24,2,0,0,0,0,0,1,1,0,2,0,0,1,0,1,0,5.0,68,12,5.666666666666667
0,12,1,6,0,0,1,2,1,1,2,0,0,0,2,0,1,0,1.0,2,1,2.0
0,24,10,9,1,5,2,0,0,0,2,2,2,0,1,120,5,1,8.0,453,77,5.883116883116883
1,24,14,3,1,1,2,0,2,0,2,2,1,0,1,100,3,0,2.0,151,32,4.71875
0,5,0,0,1,1,2,0,1,0,0,0,2,0,1,0,1,0,5.0,324,60,5.4
1,3,2,0,1,0,2,0,1,0,0,2,0,0,1,0,5,0,2.0,91,16,5.6875
1,4,2,0,2,1,4,0,1,0,0,0,0,0,2,200,0,0,2.0,365,70,5.214285714285714
0,2,1,0,0,0,0,0,0,1,0,0,0,0,1,0,1,0,4.0,119,18,6.611111111111111
0,12,3,0,1,3,0,0,1,0,1,1,2,0,1,0,0,0,5.0,656,119,5.512605042016807
0,4,123,47,1,0,3,0,1,0,2,2,2,0,1,0,0,0,3.0,90,17,5.294117647058823
1,2,2,0,1,0,0,0,1,0,0,0,0,0,1,0,2,1,1.0,806,156,5.166666666666667
0,18,4,1,1,1,3,1,2,2,0,2,0,0,1,50,0,0,5.0,359,63,5.698412698412699
1,2,2,0,1,3,0,0,0,0,0,2,1,0,1,0,0,0,1.0,313,63,4.968253968253968
0,1,3,0,2,0,5,1,1,0,0,0,0,0,5,0,0,0,1.0,314,57,5.508771929824562
0,1,1,0,1,0,0,0,0,1,0,2,0,0,1,0,7,0,10.0,321,57,5.631578947368421
1,1,2,0,1,0,1,2,1,1,0,0,0,0,1,0,1,0,4.0,69,15,4.6
0,17,1,0,0,0,0,0,1,1,2,2,2,0,1,0,0,0,4.0,728,136,5.352941176470588
1,12,14,3,0,2,2,0,2,0,1,1,0,0,1,0,0,0,2.0,85,13,6.538461538461538
1,24,2,0,0,0,1,0,1,0,2,2,2,0,1,0,1,0,7.0,931,162,5.746913580246914
0,8,77,0,1,0,3,1,1,0,1,0,2,0,2,0,2,0,3.0,329,63,5.222222222222222
0,4,94,0,0,6,2,0,1,0,1,2,0,0,1,0,10,0,2.0,381,75,5.08
1,12,5,3,0,1,0,0,1,0,0,0,0,0,1,0,0,0,1.0,308,58,5.310344827586207
0,4,3,0,0,0,1,0,1,0,0,0,0,0,1,0,0,0,2.0,210,39,5.384615384615385
0,1,0,9,2,0,1,1,0,1,0,2,0,0,3,0,0,0,3.0,20,3,6.666666666666667
0,3,3,0,1,0,0,0,0,0,0,0,0,0,1,0,1,0,1.0,241,45,5.355555555555555
1,5,5,3,1,4,2,0,1,0,2,2,2,0,1,0,0,0,2.0,347,69,5.028985507246377
0,18,3,0,0,6,2,0,1,0,2,2,2,0,1,0,1,0,1.0,311,62,5.016129032258065
0,1,3,6,2,0,3,1,0,1,0,0,0,0,2,0,1,0,3.0,357,64,5.578125
1,6,2,0,1,0,1,0,1,0,2,2,0,0,1,0,0,0,3.0,274,53,5.169811320754717
1,8,2,0,0,6,4,0,2,0,2,2,2,0,1,80,0,0,2.0,250,50,5.0
0,1,3,0,0,1,0,0,0,0,0,0,0,0,1,0,0,0,4.0,337,62,5.435483870967742
1,1,2,0,0,2,2,0,1,1,1,1,0,0,1,0,0,0,3.0,89,17,5.235294117647059
0,12,3,0,1,1,5,1,1,0,2,2,2,0,1,0,0,0,1.0,343,62,5.532258064516129
1,12,2,0,1,6,4,0,1,1,2,2,2,0,1,0,0,0,1.0,377,74,5.094594594594595
0,1,3,0,0,0,3,1,1,0,0,0,0,0,1,0,9,0,2.0,267,49,5.448979591836735
1,24,13,3,1,0,1,1,1,1,0,0,2,0,1,0,0,0,3.0,253,48,5.270833333333333
0,3,12,0,2,0,6,1,0,0,0,0,0,0,9,0,0,0,18.0,530,97,5.463917525773196
0,4,3,0,0,0,3,1,0,0,0,0,0,0,1,0,0,0,10.0,199,40,4.975
0,1,12,0,2,0,3,1,0,1,0,2,0,0,5,0,1,1,6.0,497,99,5.02020202020202
1,4,48,3,0,2,2,0,0,0,0,0,0,0,1,0,0,0,3.0,155,30,5.166666666666667
1,4,2,0,1,1,2,0,1,0,2,2,0,0,1,0,0,0,1.0,123,21,5.857142857142857
0,0,3,0,0,6,4,0,1,0,0,0,0,0,2,0,0,0,10.0,252,44,5.7272727272727275
0,1,3,6,0,4,0,0,1,0,0,0,0,0,1,50,0,0,6.0,601,110,5.463636363636364
1,6,9,131,0,0,1,0,0,2,1,2,0,0,1,300,1,0,6.0,400,72,5.555555555555555
1,2,2,3,0,0,2,0,1,1,0,2,0,0,3,0,0,0,8.0,450,80,5.625
1,24,154,0,1,5,2,0,0,2,2,2,2,0,1,0,0,0,5.0,841,169,4.976331360946745
1,2,2,3,1,2,2,0,1,1,0,2,0,0,1,0,0,0,2.0,14,3,4.666666666666667
1,2,2,0,1,1,2,0,1,1,1,1,1,0,1,0,6,0,1.0,75,12,6.25
0,5,1,0,1,2,3,0,1,0,0,0,0,0,2,0,1,0,2.0,40,7,5.714285714285714
1,2,23,11,1,0,1,0,1,1,0,2,1,0,1,0,3,0,1.0,465,82,5.670731707317073
1,2,2,0,0,1,0,0,1,0,2,2,0,0,1,0,0,0,1.0,70,13,5.384615384615385
0,4,3,0,0,1,6,0,1,1,0,0,0,0,1,0,0,0,4.0,414,89,4.651685393258427
1,36,39,3,1,0,1,0,2,1,1,1,1,0,1,0,0,0,1.0,202,38,5.315789473684211
1,8,13,33,1,1,4,1,0,1,0,0,2,0,1,50,0,0,4.0,111,17,6.529411764705882
0,0,3,0,2,0,5,3,0,0,0,0,0,0,6,0,0,0,5.0,155,31,5.0
1,6,19,7,0,2,3,0,1,1,2,2,0,0,1,200,3,0,2.0,116,17,6.823529411764706
1,10,2,3,1,5,2,0,1,1,0,1,1,0,1,0,0,0,1.0,29,5,5.8
0,4,3,0,0,6,0,0,0,0,0,2,0,0,1,0,2,0,4.0,609,130,4.684615384615385
1,24,34,28,0,5,2,0,1,1,2,2,2,0,1,0,9,0,0.0,36,8,4.5
0,4,30,48,1,0,2,0,1,1,0,0,0,0,1,50,0,0,5.0,96,18,5.333333333333333
0,3,3,6,2,2,3,0,0,1,0,0,0,0,5,0,1,0,1.0,122,22,5.545454545454546
1,7,2,0,1,5,2,0,1,1,2,2,2,0,1,200,0,0,5.0,215,38,5.657894736842105
0,3,4,9,0,0,3,1,1,1,0,0,0,0,1,80,0,0,5.0,293,57,5.140350877192983
0,2,1,0,2,4,5,0,1,1,0,0,0,0,3,0,0,0,4.0,86,16,5.375
0,2,3,0,1,1,3,0,0,0,0,2,2,0,1,0,1,0,4.0,14,3,4.666666666666667
1,2,2,0,0,1,4,0,1,0,2,2,1,0,1,200,3,0,4.0,70,14,5.0
0,5,3,0,1,1,2,0,0,0,1,1,1,0,1,0,1,0,4.0,39,8,4.875
0,1,1,0,0,4,5,0,2,1,0,0,0,0,1,0,0,0,3.0,99,17,5.823529411764706
1,5,2,0,1,0,1,0,2,0,2,2,0,0,1,0,6,0,3.0,271,51,5.313725490196078
0,78,105,0,0,1,2,0,1,2,2,2,2,0,1,0,0,0,1.0,56,13,4.3076923076923075
1,4,2,0,0,2,0,0,1,1,2,2,0,0,1,0,0,0,2.0,354,69,5.130434782608695
1,2,2,0,2,0,1,3,1,1,0,0,1,0,5,0,2,0,1.0,787,149,5.281879194630872
0,212,3,9,2,0,4,1,0,0,2,2,1,0,3,0,1,0,3.0,239,46,5.195652173913044
1,5,2,0,0,1,2,0,0,0,2,2,0,0,1,0,0,0,5.0,289,44,6.568181818181818
0,3,1,0,1,0,1,1,0,1,0,2,0,0,1,1,0,0,3.0,21,4,5.25
0,2,1,0,0,2,2,0,0,1,1,1,1,0,1,0,3,0,6.0,271,47,5.76595744680851
1,2,2,0,0,0,1,0,1,0,2,2,0,0,1,50,3,0,2.0,154,21,7.333333333333333
0,84,4,0,1,2,3,1,1,2,1,1,1,1,1,0,1,0,2.0,322,60,5.366666666666666
1,2,2,3,2,0,5,1,1,0,0,2,0,0,2,0,3,0,2.0,141,29,4.862068965517241
1,0,2,3,2,0,1,0,1,0,0,0,2,0,6,0,3,0,4.0,311,67,4.641791044776119
1,2,37,3,1,1,2,0,1,0,1,1,0,0,1,0,0,0,4.0,118,21,5.619047619047619
0,2,4,0,0,0,0,0,0,0,0,0,0,0,1,0,1,0,3.0,88,19,4.631578947368421
0,2,3,0,2,0,1,1,1,1,0,0,0,0,4,0,0,0,20.0,1003,172,5.8313953488372094
1,2,2,0,1,1,6,4,1,0,0,0,0,0,1,0,0,0,6.0,132,27,4.888888888888889
1,0,69,0,2,0,1,4,0,1,0,0,0,0,8,0,0,0,5.0,1346,273,4.930402930402931
1,9,2,0,1,0,1,0,1,0,2,2,2,0,1,0,0,0,2.0,33,7,4.714285714285714
1,10,2,0,1,1,0,0,0,0,2,2,1,0,1,0,0,0,5.0,63,11,5.7272727272727275
1,3,2,0,0,0,2,0,0,1,1,1,1,0,1,0,1,0,2.0,42,7,6.0
1,2,2,0,0,0,1,0,1,0,2,2,0,0,1,0,0,0,2.0,200,42,4.761904761904762
1,1,2,0,1,0,1,0,1,0,1,1,0,0,1,0,0,0,5.0,141,23,6.130434782608695
0,1,1,0,1,0,1,3,1,1,0,0,0,0,1,0,5,0,3.0,322,64,5.03125
1,5,2,0,1,2,2,0,1,0,2,2,2,0,1,0,1,0,4.0,67,12,5.583333333333333
1,3,2,0,0,1,2,0,0,0,0,2,2,0,1,0,0,0,3.0,134,25,5.36
1,3,2,0,1,1,0,0,1,0,2,2,0,0,1,0,0,0,9.0,258,44,5.863636363636363
1,2,2,0,1,0,1,1,1,0,0,2,0,0,2,0,3,0,7.0,295,47,6.276595744680851
0,1,1,0,0,0,0,0,0,0,0,2,0,0,1,0,0,1,13.0,498,103,4.834951456310679
1,0,2,3,2,1,0,0,1,0,1,1,1,0,2,0,0,0,5.0,169,34,4.970588235294118
1,4,2,0,1,1,6,0,1,0,2,2,0,0,2,0,0,0,8.0,207,38,5.447368421052632
0,2,1,0,0,1,2,0,2,1,0,2,1,0,1,0,0,0,2.0,38,7,5.428571428571429
1,3,2,0,1,1,2,0,1,0,2,2,0,0,1,0,0,0,1.0,123,21,5.857142857142857
0,5,3,0,0,0,0,0,0,0,2,0,1,0,1,0,1,0,4.0,649,127,5.110236220472441
0,1,3,0,1,1,2,0,1,0,0,2,0,0,1,0,0,0,9.0,450,80,5.625
1,12,2,79,0,0,1,0,1,0,1,1,0,0,1,0,0,0,3.0,721,138,5.22463768115942
1,1,2,3,1,0,1,1,1,0,0,0,0,0,2,0,5,0,2.0,1124,221,5.085972850678733
1,1,2,0,2,0,1,1,1,0,0,0,0,0,6,0,0,0,5.0,83,15,5.533333333333333
0,2,3,0,1,5,2,0,1,0,2,2,0,0,1,100,1,0,5.0,895,172,5.203488372093023
1,48,2,0,0,0,1,0,1,0,0,1,0,0,1,0,3,0,2.0,186,41,4.536585365853658
1,1,2,0,1,6,4,0,1,0,2,2,0,0,1,10,3,0,1.0,350,66,5.303030303030303
1,18,2,39,0,2,2,0,1,0,2,2,0,0,1,0,2,0,2.0,350,76,4.605263157894737
0,2,3,0,1,0,4,1,1,0,0,2,0,0,1,0,1,0,1.0,36,5,7.2
1,12,2,0,1,2,2,0,1,1,2,2,2,0,1,0,2,3,11.0,1584,283,5.597173144876325
1,2,2,3,2,0,4,1,1,0,0,0,0,0,3,0,0,0,0.0,312,67,4.656716417910448
0,3,1,0,1,3,0,0,1,1,0,0,0,0,1,0,0,0,6.0,24,4,6.0
0,3,30,0,2,1,5,3,0,0,0,2,0,0,6,0,9,0,2.0,435,83,5.240963855421687
0,2,3,26,0,0,3,0,1,0,0,2,0,0,1,0,1,0,14.0,1462,259,5.644787644787645
0,2,3,0,0,0,1,1,0,0,0,2,0,0,2,0,0,0,5.0,53,9,5.888888888888889
1,1,2,3,1,0,1,0,1,1,0,2,0,0,1,0,0,0,5.0,248,36,6.888888888888889
0,2,1,0,2,0,3,1,0,1,0,0,0,0,3,0,0,0,3.0,4,1,4.0
0,3,1,0,1,2,3,1,1,1,2,0,0,0,1,0,0,0,3.0,442,87,5.080459770114943
1,3,2,0,1,0,1,0,1,1,2,2,0,0,1,0,0,0,6.0,508,96,5.291666666666667
1,4,2,3,1,1,2,0,0,0,0,0,0,0,1,0,0,0,2.0,139,25,5.56
1,3,2,0,0,1,3,0,0,0,0,0,0,0,1,0,1,0,3.0,369,78,4.730769230769231
1,18,9,0,1,0,1,1,0,0,2,2,0,0,2,400,0,0,2.0,1085,194,5.592783505154639
0,8,105,0,1,0,5,0,1,1,2,2,2,0,1,0,1,0,1.0,60,9,6.666666666666667
1,2,2,0,1,0,1,0,1,1,2,2,0,0,1,0,0,0,4.0,212,41,5.170731707317073
0,2,3,0,0,4,2,0,0,0,0,0,0,0,1,50,0,0,4.0,172,30,5.733333333333333
1,4,2,0,1,0,0,0,1,0,0,2,0,1,1,0,0,0,6.0,514,110,4.672727272727273
0,2,3,0,1,1,0,0,0,0,0,0,0,0,1,0,1,0,1.0,293,56,5.232142857142857
1,60,48,0,0,1,2,0,0,0,1,1,0,1,1,0,1,0,1.0,151,27,5.592592592592593
1,15,19,21,1,0,2,0,0,0,2,2,0,0,1,0,2,0,0.0,57,10,5.7
0,4,3,0,1,0,3,1,0,0,0,0,0,0,1,0,0,0,3.0,264,59,4.47457627118644
0,2,10,9,1,1,0,0,0,1,1,1,0,0,1,0,0,0,3.0,102,17,6.0
0,3,3,0,0,5,2,0,1,0,1,2,0,0,1,0,0,0,3.0,113,17,6.647058823529412
0,6,3,0,2,4,5,1,2,0,2,2,1,0,2,0,1,0,5.0,166,33,5.03030303030303
1,2,2,0,1,6,0,0,1,0,0,0,0,0,1,0,0,0,5.0,1236,230,5.373913043478261
1,36,2,0,0,1,2,0,1,1,0,0,0,1,1,1,0,0,2.0,332,64,5.1875
1,9,25,58,0,0,2,0,2,1,2,2,0,0,1,0,0,0,7.0,12,2,6.0
1,6,2,0,1,0,2,0,1,0,2,2,2,0,1,0,0,0,15.0,320,65,4.923076923076923
0,4,1,0,1,0,3,1,1,1,0,2,1,0,1,0,0,0,4.0,137,22,6.2272727272727275
0,3,0,0,1,0,1,0,0,1,0,2,0,0,2,50,1,0,3.0,1217,236,5.156779661016949
1,1,2,0,1,2,2,0,1,1,0,0,0,0,1,0,0,0,2.0,380,70,5.428571428571429
0,1,30,0,1,0,2,0,0,1,0,2,0,1,1,0,0,0,1.0,272,54,5.037037037037037
1,60,2,0,0,5,2,0,0,1,1,1,1,0,1,0,1,0,4.0,98,18,5.444444444444445
1,10,158,3,1,5,2,0,1,0,1,1,1,0,2,0,1,0,5.0,412,82,5.024390243902439
1,2,2,0,1,1,4,3,1,0,0,0,0,0,1,0,0,0,3.0,302,54,5.592592592592593
0,1,30,0,1,3,0,0,1,0,0,0,0,0,1,0,0,0,1.0,233,38,6.131578947368421
1,4,34,0,1,1,2,0,1,0,2,2,0,0,1,400,1,0,6.0,431,72,5.986111111111111
1,36,2,3,0,0,1,1,1,2,2,2,2,0,2,250,1,0,2.0,257,42,6.119047619047619
0,29,3,0,0,0,1,0,1,0,2,2,2,0,1,90,1,0,11.0,2050,343,5.97667638483965
1,3,2,0,1,0,1,0,1,1,0,2,0,0,1,0,0,0,4.0,209,41,5.097560975609756
1,1,14,3,1,5,2,0,1,0,1,1,0,0,1,0,0,0,5.0,182,29,6.275862068965517
1,1,2,0,0,0,2,0,1,0,0,0,0,0,1,0,0,0,4.0,1027,189,5.4338624338624335
1,3,14,3,1,1,0,0,1,0,2,2,0,0,1,0,0,1,2.0,577,102,5.6568627450980395
0,2,64,44,0,3,2,0,0,1,0,2,0,0,1,0,2,0,2.0,49,9,5.444444444444445
0,12,1,0,1,1,0,0,1,1,2,2,0,0,1,0,0,0,5.0,282,62,4.548387096774194
0,3,78,26,2,6,4,0,1,0,1,2,0,0,2,50,1,0,4.0,126,24,5.25
0,1,3,9,1,0,2,0,1,1,0,0,0,0,1,0,3,0,3.0,174,31,5.612903225806452
0,1,3,0,1,0,1,1,1,0,0,0,0,0,1,0,0,0,2.0,633,120,5.275
1,12,2,0,1,2,2,0,2,1,2,0,2,0,1,0,0,0,2.0,184,32,5.75
1,2,2,0,1,0,2,0,1,0,2,2,0,0,1,0,2,0,2.0,387,74,5.22972972972973
0,3,4,0,1,6,0,0,2,2,0,2,1,0,1,0,0,0,1.0,449,69,6.507246376811594
1,3,2,0,1,0,4,0,1,1,0,2,0,0,1,0,0,0,5.0,375,70,5.357142857142857
0,24,3,9,0,4,5,0,1,0,2,2,2,0,1,0,0,0,5.0,1202,225,5.342222222222222
0,6,3,0,0,0,0,0,1,0,1,1,1,0,1,0,1,0,3.0,82,12,6.833333333333333
0,7,17,22,0,0,1,0,1,0,2,2,0,0,4,0,3,0,2.0,530,96,5.520833333333333
0,5,3,0,1,1,3,1,1,0,1,1,1,0,1,0,0,0,5.0,812,151,5.377483443708609
0,0,3,6,0,0,2,0,1,0,0,0,0,0,1,0,0,1,10.0,1152,213,5.408450704225352
0,48,3,0,0,0,3,1,2,0,2,2,2,0,1,0,0,0,6.0,309,54,5.722222222222222
1,1,2,0,0,1,2,0,0,0,0,0,0,0,1,0,0,0,6.0,480,98,4.8979591836734695
1,0,147,0,1,0,1,0,0,0,0,0,0,1,1,0,1,0,2.0,489,92,5.315217391304348
1,21,2,0,1,1,2,0,1,0,2,2,2,0,1,0,0,0,4.0,222,41,5.414634146341464
0,12,1,6,1,0,2,0,1,1,0,2,0,0,1,0,1,0,2.0,252,37,6.8108108108108105
1,3,2,0,2,0,1,1,1,0,0,0,0,0,3,0,0,0,7.0,715,140,5.107142857142857
1,2,2,0,0,0,0,0,0,0,0,0,0,0,1,0,1,0,4.0,157,25,6.28
0,36,7,5,0,4,2,0,2,1,2,2,2,0,1,0,0,0,3.0,345,64,5.390625
1,3,2,0,1,1,0,0,1,1,2,2,0,0,1,0,0,0,7.0,420,74,5.675675675675675
1,48,9,21,1,2,0,0,0,1,2,2,2,0,2,330,0,0,4.0,1099,191,5.7539267015706805
1,1,2,0,0,0,2,0,1,0,0,0,0,0,1,0,0,0,1.0,348,64,5.4375
0,2,113,10,0,4,4,1,1,1,0,2,0,0,1,100,0,0,4.0,217,38,5.7105263157894735
0,7,3,0,0,1,0,0,2,0,0,0,0,0,2,0,1,0,3.0,154,24,6.416666666666667
1,10,8,0,0,0,2,0,2,0,2,2,0,0,1,500,5,0,1.0,160,32,5.0
1,2,2,3,0,1,2,0,1,1,0,2,0,0,1,0,0,0,4.0,12,2,6.0
1,24,8,0,0,0,2,0,3,1,2,2,2,0,1,0,2,0,3.0,220,34,6.470588235294118
0,8,12,0,1,1,0,0,1,1,0,0,1,0,1,0,0,0,4.0,170,29,5.862068965517241
1,4,14,0,1,2,2,0,2,1,2,2,0,0,1,0,13,0,1.0,195,39,5.0
1,91,9,0,1,1,0,0,0,1,2,2,2,0,1,0,1,0,1.0,262,50,5.24
0,2,3,0,0,4,2,0,1,0,0,2,0,0,2,0,0,0,2.0,424,79,5.367088607594937
0,3,3,20,1,6,0,0,0,0,2,2,2,0,1,0,1,0,1.0,78,13,6.0
0,3,3,0,0,6,2,0,0,0,0,2,0,0,1,0,1,0,1.0,1317,260,5.065384615384615
1,2,2,0,0,1,2,0,1,0,0,2,0,0,1,0,0,0,3.0,416,80,5.2
0,1,3,26,1,0,1,3,0,0,0,2,0,1,1,0,1,0,16.0,1752,344,5.093023255813954
1,3,2,64,1,1,4,0,2,0,2,2,0,0,1,0,0,3,15.0,347,53,6.547169811320755
0,14,3,0,1,1,0,0,1,0,2,2,2,0,1,0,0,0,3.0,326,67,4.865671641791045
1,36,34,0,0,1,2,0,0,0,2,2,2,0,1,100,1,0,1.0,101,21,4.809523809523809
0,2,1,0,1,4,2,0,0,1,1,1,1,0,1,0,0,1,5.0,466,76,6.131578947368421
0,1,86,59,0,0,6,3,1,0,0,0,0,0,5,0,1,0,5.0,71,15,4.733333333333333
0,2,31,0,2,0,0,0,0,0,0,0,0,0,3,0,0,0,11.0,462,84,5.5
1,36,48,42,2,1,2,0,0,0,2,2,2,0,2,0,1,0,3.0,1,1,1.0
0,3,1,0,2,0,3,0,1,1,0,0,0,0,3,0,0,0,1.0,49,11,4.454545454545454
1,36,9,0,0,0,2,0,1,0,2,2,1,0,1,0,1,0,2.0,150,24,6.25
0,3,4,6,2,0,4,1,1,2,0,2,0,0,4,100,0,0,4.0,337,61,5.524590163934426
0,8,3,118,1,2,0,0,0,1,0,0,0,0,2,0,1,0,2.0,171,30,5.7
0,3,3,0,1,0,0,0,1,1,0,0,0,0,1,0,1,0,5.0,737,143,5.153846153846154
1,4,2,3,1,1,0,0,0,1,1,2,2,0,1,0,0,0,2.0,83,13,6.384615384615385
1,2,2,0,2,0,1,0,1,0,1,1,1,1,2,0,1,0,2.0,2150,366,5.8743169398907105
0,3,3,0,0,1,6,0,0,0,2,2,0,0,1,0,0,0,6.0,612,103,5.941747572815534
0,10,75,8,1,1,2,0,1,0,0,0,0,0,1,0,0,0,2.0,333,67,4.970149253731344
0,2,3,0,1,4,5,1,1,1,2,2,0,0,1,0,0,0,1.0,150,29,5.172413793103448
1,1,2,3,1,2,2,0,1,0,0,0,0,0,1,0,3,0,1.0,115,23,5.0
1,2,132,3,0,0,1,2,1,1,0,2,0,0,1,50,0,0,5.0,184,33,5.575757575757576
1,10,13,0,0,5,2,0,0,1,2,2,0,0,1,0,1,0,0.0,60,10,6.0
1,1,2,3,2,0,1,2,1,1,0,2,0,0,4,0,1,0,5.0,353,63,5.603174603174603
0,2,1,0,1,0,4,1,1,1,0,0,0,0,1,0,0,0,2.0,132,23,5.739130434782608
0,2,3,0,0,3,2,0,1,0,0,0,0,0,1,0,0,0,4.0,66,9,7.333333333333333
0,2,36,1,2,0,1,3,0,2,0,1,0,0,3,0,0,0,3.0,172,33,5.212121212121212
1,16,5,3,0,1,2,0,1,0,2,2,2,0,1,300,0,0,1.0,499,76,6.565789473684211
0,5,3,9,2,6,3,1,1,0,0,0,2,0,3,0,0,0,3.0,218,36,6.055555555555555
0,12,3,0,1,0,0,0,1,0,0,2,2,0,1,30,0,0,1.0,593,114,5.201754385964913
1,14,2,0,1,1,4,0,0,0,2,2,2,0,1,80,0,0,3.0,262,45,5.822222222222222
0,3,3,46,1,1,4,0,0,0,0,0,0,1,1,0,0,0,6.0,568,113,5.0265486725663715
1,1,8,3,0,0,1,0,1,1,0,0,0,0,1,0,1,0,2.0,83,17,4.882352941176471
0,36,7,0,0,4,5,3,1,1,1,1,1,0,1,0,1,0,4.0,255,56,4.553571428571429
0,24,3,0,2,0,6,1,0,0,0,0,2,0,6,0,2,0,4.0,274,50,5.48
1,24,34,15,2,1,2,0,0,2,0,2,0,0,2,0,1,0,4.0,309,54,5.722222222222222
0,16,3,0,1,0,0,0,2,0,0,0,0,0,1,0,0,0,5.0,464,94,4.9361702127659575
1,2,2,0,1,1,2,0,1,0,2,2,0,0,1,0,0,1,5.0,296,60,4.933333333333334
0,12,3,0,1,1,2,0,1,0,0,0,0,0,1,0,6,0,1.0,36,7,5.142857142857143
0,12,3,0,1,0,1,1,1,0,2,2,0,0,1,100,0,0,3.0,36,6,6.0
0,1,1,0,0,0,1,0,0,1,0,0,0,0,1,0,0,1,1.0,171,31,5.516129032258065
0,2,31,0,1,0,0,0,0,0,0,0,0,0,1,0,1,0,4.0,162,28,5.785714285714286
1,1,2,0,1,1,2,0,1,0,2,2,1,0,1,0,0,0,6.0,281,49,5.73469387755102
0,12,3,0,0,6,4,1,2,0,0,0,0,0,1,0,1,0,4.0,276,52,5.3076923076923075
0,2,3,0,2,0,6,3,1,0,0,0,0,0,4,0,0,0,12.0,142,24,5.916666666666667
0,1,3,0,0,1,3,1,1,0,0,0,0,0,1,0,0,0,2.0,185,38,4.868421052631579
0,24,3,9,2,0,0,0,2,1,2,2,2,0,2,0,2,0,5.0,829,122,6.795081967213115
0,2,7,1,0,4,5,0,1,2,0,0,0,0,1,0,0,0,3.0,215,45,4.777777777777778
1,156,2,0,1,0,1,0,1,1,2,2,1,0,1,0,0,0,1.0,328,62,5.290322580645161
0,3,3,0,1,0,5,1,1,0,0,0,1,0,2,0,0,0,4.0,86,17,5.0588235294117645
1,4,2,3,1,1,0,0,1,0,2,2,0,0,1,50,0,0,4.0,158,26,6.076923076923077
0,12,3,0,0,3,2,0,1,0,2,2,2,0,1,0,5,0,1.0,124,22,5.636363636363637
1,6,2,0,0,3,2,0,1,0,1,1,1,0,1,0,2,0,0.0,199,38,5.2368421052631575
1,2,70,3,0,1,2,0,1,0,1,1,0,0,1,0,0,0,2.0,88,16,5.5
0,1,1,26,0,3,2,0,0,1,0,0,0,1,1,0,0,0,7.0,322,62,5.193548387096774
0,3,3,9,1,4,4,1,1,0,0,0,0,0,1,0,3,0,4.0,186,38,4.894736842105263
0,2,10,6,0,4,5,0,0,1,0,0,0,0,1,0,0,0,1.0,446,68,6.5588235294117645
1,3,152,3,1,1,2,0,1,0,2,2,0,0,1,0,0,0,3.0,148,28,5.285714285714286
0,9,3,0,0,2,0,0,0,0,0,0,0,0,1,0,0,0,2.0,82,15,5.466666666666667
0,2,3,0,1,0,0,0,1,0,0,0,0,0,1,0,0,0,4.0,131,26,5.038461538461538
1,67,8,0,0,0,2,0,2,2,2,2,0,0,1,0,0,0,1.0,95,16,5.9375
1,48,9,0,0,0,2,0,0,1,2,2,0,0,1,0,1,0,0.0,161,31,5.193548387096774
0,1,1,0,0,4,4,0,1,1,0,2,0,0,1,50,0,0,5.0,648,117,5.538461538461538
1,3,2,0,1,0,1,0,2,2,2,2,1,0,2,0,0,0,4.0,439,80,5.4875
0,60,122,0,1,1,6,3,1,2,2,2,0,0,1,0,5,0,11.0,476,91,5.230769230769231
1,2,2,0,1,1,0,0,1,0,0,2,0,0,1,0,2,0,1.0,297,59,5.033898305084746
1,60,2,0,0,0,2,0,1,0,2,2,2,0,1,0,0,0,3.0,166,32,5.1875
1,1,2,0,1,1,0,0,1,0,0,0,0,0,1,50,0,0,1.0,59,11,5.363636363636363
1,0,34,0,0,2,2,0,1,1,1,1,1,0,1,0,1,0,5.0,333,68,4.897058823529412
0,1,1,0,0,6,4,0,1,1,0,0,0,0,1,0,0,0,9.0,229,50,4.58
1,24,57,3,1,0,1,2,1,0,2,2,2,0,5,0,3,0,1.0,573,104,5.509615384615385
1,1,135,0,1,1,2,0,1,1,0,0,0,0,1,0,1,0,4.0,168,38,4.421052631578948
1,1,2,0,1,0,1,0,1,1,0,0,0,0,1,0,2,0,3.0,703,131,5.366412213740458
1,1,2,0,0,1,0,0,1,1,0,0,0,0,1,0,1,0,12.0,167,30,5.566666666666666
1,6,2,0,1,0,1,0,1,0,2,2,0,0,1,0,0,0,4.0,1085,215,5.046511627906977
1,1,2,0,1,1,0,0,1,1,2,2,0,0,1,0,0,0,4.0,248,41,6.048780487804878
0,1,3,9,2,0,3,1,1,0,0,2,1,0,5,0,0,0,5.0,867,143,6.062937062937063
0,8,4,0,0,6,0,0,1,2,0,2,0,0,1,0,0,0,5.0,694,138,5.028985507246377
1,8,2,0,1,0,2,0,1,0,2,2,2,0,1,0,3,0,2.0,714,140,5.1
1,48,2,0,1,1,2,0,0,1,2,2,1,0,1,0,1,0,2.0,678,127,5.338582677165355
0,8,3,0,0,4,2,0,1,0,0,2,2,0,1,0,0,0,3.0,762,146,5.219178082191781
1,2,2,3,1,1,2,0,1,1,2,2,0,0,1,0,1,0,1.0,176,37,4.756756756756757
0,2,3,0,1,0,3,0,0,0,0,2,0,1,1,0,0,0,5.0,1210,223,5.426008968609866
1,8,48,0,0,0,1,0,0,0,1,1,0,0,1,0,1,0,2.0,435,68,6.397058823529412
1,60,23,0,1,0,2,0,1,1,2,2,2,0,1,0,0,0,0.0,85,18,4.722222222222222
0,2,3,0,1,0,3,1,0,0,0,2,0,0,1,0,0,0,1.0,326,71,4.591549295774648
1,24,2,0,0,1,0,0,1,0,2,2,2,0,1,0,0,0,5.0,369,69,5.3478260869565215
0,2,26,0,1,0,5,1,0,0,0,0,0,0,1,50,0,0,5.0,384,80,4.8
1,6,2,0,1,0,2,0,2,0,0,0,0,1,1,0,0,0,2.0,49,10,4.9
1,9,20,66,1,6,4,0,1,1,2,2,0,0,1,0,0,0,1.0,771,126,6.119047619047619
0,3,4,0,0,0,1,0,1,1,0,0,0,0,1,0,1,0,2.0,335,59,5.677966101694915
0,4,3,0,0,0,1,4,1,0,0,0,0,0,1,0,0,0,4.0,84,15,5.6
0,2,3,6,1,0,3,1,0,1,0,2,0,0,2,100,0,0,10.0,391,64,6.109375
0,3,1,0,2,0,0,0,1,1,0,0,0,0,2,0,0,0,3.0,165,25,6.6
1,2,2,0,1,1,2,0,1,2,0,0,0,0,1,0,5,0,1.0,76,14,5.428571428571429
0,4,7,6,0,0,0,0,1,1,2,2,0,0,1,0,0,0,3.0,366,57,6.421052631578948
1,2,2,0,1,0,1,0,1,0,1,2,0,0,1,0,0,0,3.0,164,31,5.290322580645161
1,15,2,0,0,0,2,0,2,1,2,2,2,0,1,0,1,0,1.0,495,104,4.759615384615385
0,24,7,0,1,0,3,1,2,1,2,2,2,0,1,0,3,0,2.0,36,5,7.2
1,5,2,0,2,0,1,1,1,0,0,0,0,0,4,0,0,0,4.0,139,30,4.633333333333334
1,60,21,0,1,0,3,0,1,1,1,1,1,0,1,0,0,0,2.0,214,42,5.095238095238095
1,1,2,3,0,5,2,0,0,1,0,0,0,0,4,0,3,0,0.0,243,47,5.170212765957447
1,2,2,0,0,0,1,0,1,0,2,2,0,0,1,0,0,0,12.0,326,64,5.09375
0,5,0,0,1,0,3,1,1,0,0,2,0,1,3,0,1,0,5.0,484,85,5.694117647058824
1,32,34,0,1,1,2,0,0,0,2,2,2,0,1,500,0,0,3.0,61,10,6.1
1,3,2,0,0,0,0,0,1,0,0,0,0,0,1,0,1,0,1.0,100,13,7.6923076923076925
1,3,2,0,1,1,2,0,1,0,2,2,0,0,1,0,0,0,7.0,308,62,4.967741935483871
1,1,2,0,0,0,2,0,1,0,0,2,0,0,1,0,1,0,4.0,41,10,4.1
0,2,36,0,0,3,0,0,0,1,0,2,0,0,1,0,0,0,5.0,394,85,4.635294117647059
1,2,2,0,0,1,3,0,1,0,2,2,1,0,2,0,0,0,5.0,229,40,5.725
1,2,2,0,0,4,2,0,1,0,0,0,0,0,1,20,3,0,2.0,141,25,5.64
1,12,34,0,0,2,2,0,0,1,0,0,0,0,1,0,0,0,3.0,31,6,5.166666666666667
0,3,3,0,1,0,1,4,1,0,0,0,0,0,2,0,0,0,3.0,110,23,4.782608695652174
0,2,3,0,1,1,2,0,0,1,0,0,0,0,1,0,2,0,1.0,152,29,5.241379310344827
1,1,2,0,0,5,2,0,1,2,0,0,0,0,1,0,1,0,1.0,40,8,5.0
1,2,2,3,1,0,0,0,1,1,0,2,0,1,1,0,0,0,5.0,12,2,6.0
1,4,2,0,0,1,2,0,1,0,2,2,0,0,1,0,0,0,4.0,443,89,4.977528089887641
1,5,2,0,0,1,2,0,1,0,2,2,2,0,1,0,0,0,5.0,206,34,6.0588235294117645
1,1,2,3,2,0,1,5,2,0,2,2,0,0,7,0,0,5,30.0,347,53,6.547169811320755
0,2,3,0,2,0,5,0,1,1,0,2,0,0,2,0,1,0,4.0,353,60,5.883333333333334
1,8,69,0,0,1,0,0,1,0,2,2,2,0,1,120,0,0,10.0,2812,486,5.7860082304526745
1,2,2,0,0,1,2,0,1,0,0,0,0,0,1,0,0,0,1.0,144,28,5.142857142857143
0,24,3,0,1,6,2,0,1,0,2,2,0,0,1,0,1,0,6.0,52,10,5.2
1,1,2,0,2,0,1,0,1,0,0,2,0,0,6,0,1,0,3.0,454,86,5.27906976744186
0,3,3,6,2,4,3,1,0,0,0,0,0,0,3,0,0,0,12.0,459,83,5.530120481927711
1,18,2,0,1,2,0,0,0,0,2,2,2,0,1,100,0,0,3.0,121,21,5.761904761904762
0,2,3,0,2,0,0,0,1,0,0,0,0,0,2,0,1,1,9.0,76,13,5.846153846153846
0,6,3,0,0,0,2,0,1,0,2,2,0,0,1,0,0,0,1.0,83,15,5.533333333333333
0,36,3,0,0,0,1,0,2,0,2,2,2,0,1,0,1,0,1.0,460,91,5.054945054945055
1,3,2,0,1,1,4,0,1,1,1,1,1,0,1,0,3,0,19.0,438,78,5.615384615384615
0,1,1,6,1,0,1,3,1,1,0,0,0,0,2,0,1,0,7.0,541,106,5.10377358490566
1,1,2,0,1,0,1,0,1,1,2,2,0,0,1,0,0,0,5.0,353,71,4.971830985915493
1,12,19,0,0,0,3,1,1,0,2,2,2,0,1,200,0,0,3.0,65,14,4.642857142857143
0,1,3,0,1,1,2,0,0,0,0,0,0,0,1,0,1,0,1.0,328,50,6.56
0,2,10,0,1,1,0,0,0,0,1,1,1,0,1,0,1,0,4.0,276,53,5.2075471698113205
0,3,10,0,0,5,2,0,1,0,0,0,0,0,1,0,0,2,3.0,616,119,5.176470588235294
1,0,2,0,1,1,2,0,1,0,0,0,2,0,1,0,0,0,5.0,113,25,4.52
0,3,1,0,1,5,2,0,1,1,0,0,0,0,1,0,0,0,1.0,300,60,5.0
1,2,2,3,1,0,2,0,1,0,1,1,1,0,1,0,0,0,3.0,367,72,5.097222222222222
1,2,2,3,1,1,2,0,0,1,0,2,2,0,1,0,0,0,0.0,52,10,5.2
1,2,2,0,1,0,1,0,1,0,0,0,0,0,1,0,1,0,1.0,189,35,5.4
1,12,2,0,0,4,4,0,1,0,2,2,2,0,1,0,0,0,1.0,160,30,5.333333333333333
1,2,2,3,1,1,2,0,2,0,0,0,0,0,1,0,1,0,5.0,317,58,5.4655172413793105
0,20,1,0,0,3,0,0,1,1,2,2,2,0,1,0,0,0,4.0,32,6,5.333333333333333
1,60,33,0,0,0,1,0,1,1,2,2,2,1,1,0,0,0,2.0,234,43,5.441860465116279
1,2,2,0,0,0,2,0,1,0,0,2,0,0,1,0,0,0,6.0,398,75,5.306666666666667
0,2,0,1,0,0,0,0,1,2,0,0,0,0,1,0,0,0,2.0,341,63,5.412698412698413
1,38,2,0,0,2,0,0,1,1,2,2,0,0,1,80,0,0,2.0,144,26,5.538461538461538
0,2,3,81,1,0,2,0,2,0,0,0,0,0,1,0,0,0,5.0,437,72,6.069444444444445
1,3,2,0,1,1,5,2,1,0,2,2,2,0,3,0,2,0,6.0,227,36,6.305555555555555
0,12,78,88,1,3,2,0,1,1,2,2,0,0,1,160,0,0,3.0,371,64,5.796875
1,12,34,0,0,1,2,0,0,1,2,2,0,0,1,300,0,0,5.0,546,115,4.747826086956522
0,12,3,0,1,0,0,0,1,0,0,2,0,0,7,0,2,0,5.0,139,23,6.043478260869565
1,24,2,0,0,1,4,1,1,0,1,1,0,0,1,0,0,0,2.0,382,78,4.897435897435898
1,2,14,3,0,4,0,0,1,0,0,2,0,0,1,0,0,0,2.0,118,21,5.619047619047619
1,12,2,0,1,0,2,0,1,1,2,2,2,0,1,0,9,0,3.0,27,4,6.75
1,24,2,0,0,0,1,0,1,1,2,2,2,0,1,0,5,0,4.0,201,39,5.153846153846154
0,7,3,0,1,3,0,0,1,0,0,0,1,0,2,0,0,0,3.0,247,44,5.613636363636363
1,6,2,0,1,0,0,0,1,1,2,2,0,0,1,0,0,0,5.0,499,99,5.040404040404041
0,2,1,0,2,0,1,3,1,1,0,0,0,0,4,0,0,0,3.0,397,78,5.089743589743589
0,12,1,0,0,3,0,0,0,1,1,1,1,1,1,1,1,0,5.0,459,93,4.935483870967742
1,4,2,0,1,1,2,0,1,1,2,2,2,0,1,0,0,0,3.0,426,75,5.68
0,3,1,0,1,0,5,1,1,1,0,2,1,0,1,0,0,0,1.0,563,90,6.2555555555555555
0,2,12,0,1,3,2,0,1,0,0,0,0,0,1,20,0,0,1.0,443,89,4.977528089887641
1,1,2,0,1,0,1,0,1,1,0,0,0,0,1,0,3,0,1.0,132,22,6.0
1,4,2,0,1,2,2,0,1,0,2,2,0,0,1,0,0,0,1.0,162,32,5.0625
1,36,13,53,1,0,1,1,2,1,2,2,2,0,1,0,0,0,14.0,330,63,5.238095238095238
1,2,2,0,1,0,1,2,1,0,2,2,0,0,1,0,0,0,2.0,85,17,5.0
1,1,2,0,1,1,4,0,1,0,0,0,0,0,2,0,1,0,2.0,28,5,5.6
1,2,2,0,1,1,2,0,1,0,2,2,2,0,1,0,2,0,4.0,288,53,5.433962264150943
0,2,3,0,1,0,0,0,0,0,0,2,0,0,1,0,0,0,3.0,624,119,5.243697478991597
0,1,1,0,2,1,5,3,1,1,0,0,0,0,4,0,1,0,8.0,416,83,5.0120481927710845
0,6,1,0,0,1,5,0,1,1,2,2,2,0,1,0,0,0,1.0,199,34,5.852941176470588
0,1,12,0,0,0,0,0,0,0,0,0,0,0,1,0,1,0,2.0,11,3,3.6666666666666665
0,1,1,0,1,1,4,0,0,0,2,2,0,0,1,0,0,0,3.0,296,61,4.852459016393443
0,36,141,9,1,0,1,0,1,0,2,2,2,0,1,0,1,0,5.0,1479,291,5.082474226804123
1,12,2,0,1,1,4,1,1,1,1,1,1,1,1,0,9,0,3.0,255,51,5.0
1,3,2,0,1,1,0,0,1,0,2,2,0,0,1,0,0,0,3.0,338,63,5.365079365079365
0,5,3,0,1,2,2,0,2,0,2,2,0,0,1,0,0,0,5.0,16,3,5.333333333333333
0,3,4,0,0,3,0,0,1,2,2,2,0,0,1,0,1,0,4.0,12,2,6.0
0,12,3,0,1,1,0,0,1,1,0,0,1,0,1,0,0,0,5.0,20,4,5.0
0,12,3,9,1,6,3,1,1,0,0,0,2,0,1,0,0,0,3.0,173,37,4.675675675675675
0,3,7,20,1,0,5,1,1,0,0,0,0,0,1,0,1,0,1.0,91,17,5.352941176470588
1,9,2,0,0,0,0,0,1,0,2,2,2,0,1,0,1,0,14.0,231,48,4.8125
0,9,81,0,0,1,0,0,1,0,2,2,2,0,1,0,2,0,1.0,162,33,4.909090909090909
1,27,34,0,1,0,2,0,1,1,2,2,0,0,1,200,0,0,2.0,691,147,4.700680272108843
0,6,1,0,1,0,1,0,1,1,0,0,0,0,1,0,1,0,1.0,69,10,6.9
1,3,2,3,1,0,1,1,1,0,0,2,0,0,2,0,0,0,2.0,568,118,4.813559322033898
0,4,3,23,1,0,1,5,1,1,0,2,0,0,1,0,1,0,1.0,376,61,6.163934426229508
1,2,2,3,0,1,2,0,1,0,0,0,0,0,1,0,0,0,3.0,208,44,4.7272727272727275
1,2,2,0,2,0,1,0,1,0,2,2,0,0,2,0,0,1,4.0,595,106,5.613207547169812
1,96,2,3,1,1,6,2,1,1,2,2,2,0,1,0,1,0,3.0,221,40,5.525
0,1,3,0,1,1,0,0,0,0,0,2,0,0,1,0,0,0,1.0,179,38,4.7105263157894735
1,1,2,0,2,0,1,1,1,0,0,0,0,0,8,0,0,0,3.0,738,157,4.7006369426751595
1,7,2,3,0,0,1,4,1,0,2,2,1,0,1,0,5,0,0.0,140,29,4.827586206896552
1,2,2,0,2,0,0,0,1,0,0,2,1,0,2,0,0,0,5.0,405,69,5.869565217391305
1,3,5,0,0,0,2,0,2,2,2,2,0,0,1,0,1,0,1.0,39,7,5.571428571428571
0,3,3,0,0,1,2,0,1,0,0,0,0,0,1,0,0,0,3.0,50,8,6.25
1,24,2,0,1,1,0,0,1,1,2,2,2,0,1,0,0,0,5.0,426,79,5.3924050632911396
0,2,1,6,2,0,3,1,0,1,0,0,0,0,3,0,1,0,6.0,41,7,5.857142857142857
1,6,2,0,1,1,2,0,1,0,2,2,2,0,1,0,0,0,1.0,672,135,4.977777777777778
0,4,3,0,0,1,6,1,1,0,2,2,0,0,1,0,0,0,24.0,386,80,4.825
1,4,20,7,1,4,4,1,2,1,2,2,0,0,1,0,0,1,21.0,345,52,6.634615384615385
1,2,2,0,1,4,0,0,1,0,0,2,0,0,1,0,0,0,3.0,318,57,5.578947368421052
1,24,2,0,0,0,5,0,1,1,1,1,1,0,1,0,1,0,4.0,568,99,5.737373737373737
1,2,2,0,1,1,2,0,1,0,0,0,0,0,1,20,3,0,1.0,117,20,5.85
0,3,3,0,0,0,3,1,1,0,0,2,0,0,1,0,0,0,5.0,757,157,4.821656050955414
0,7,3,0,1,1,0,0,1,1,0,0,0,0,2,0,1,0,2.0,33,6,5.5
0,4,3,0,1,1,4,3,1,0,0,0,0,0,1,0,1,0,2.0,268,50,5.36
0,1,3,0,1,0,1,0,0,0,0,0,0,0,1,0,8,0,1.0,228,38,6.0
0,2,3,0,1,0,0,0,0,0,0,0,0,0,4,0,0,0,3.0,163,31,5.258064516129032
1,48,23,3,1,0,1,0,2,0,2,2,2,0,1,0,0,0,2.0,1223,229,5.3406113537117905
0,2,1,0,0,0,4,3,2,1,2,2,2,0,1,0,0,0,1.0,26,4,6.5
0,9,3,9,1,1,5,3,1,0,0,0,0,0,2,0,0,0,8.0,242,53,4.566037735849057
0,3,3,0,0,0,0,0,1,1,2,2,2,0,1,0,1,0,3.0,463,93,4.978494623655914
1,4,2,0,2,0,1,2,0,1,0,0,0,0,6,0,0,0,1.0,168,31,5.419354838709677
0,3,0,0,2,1,6,1,1,1,0,2,0,0,2,60,0,0,4.0,1120,204,5.490196078431373
1,16,2,0,1,0,1,1,1,0,2,2,2,0,1,0,5,0,5.0,855,136,6.286764705882353
1,1,2,0,1,2,0,0,2,1,0,0,0,0,1,0,3,0,2.0,320,60,5.333333333333333
1,1,2,3,0,0,2,0,1,0,0,2,0,0,2,0,0,0,4.0,426,85,5.011764705882353
1,2,2,7,0,0,0,0,1,0,0,0,0,0,1,0,0,0,7.0,324,57,5.684210526315789
1,1,2,0,1,1,0,0,1,0,0,0,0,0,1,0,2,0,1.0,692,129,5.364341085271318
1,72,20,0,0,4,2,0,2,2,2,2,0,0,1,0,0,0,2.0,406,82,4.951219512195122
0,4,1,6,1,0,1,3,1,0,0,0,0,0,2,0,5,0,0.0,622,125,4.976
0,1,3,0,1,0,1,5,1,0,0,0,0,0,1,0,0,1,18.0,330,59,5.593220338983051
1,55,28,0,0,0,1,1,1,0,2,2,1,0,1,80,1,0,1.0,223,36,6.194444444444445
0,24,7,0,1,0,0,0,0,2,1,0,1,0,1,0,1,0,1.0,662,116,5.706896551724138
1,1,2,0,0,0,1,4,1,1,0,0,0,0,3,0,0,0,4.0,326,64,5.09375
1,3,2,0,0,0,0,0,1,0,0,2,0,0,1,0,0,0,3.0,164,26,6.3076923076923075
0,10,0,0,1,0,0,0,0,1,2,2,2,0,1,0,0,0,1.0,58,11,5.2727272727272725
0,2,3,0,2,0,1,1,1,0,0,0,0,0,2,0,2,0,3.0,452,81,5.580246913580247
1,1,2,0,0,0,2,0,1,0,0,0,0,0,1,0,0,0,1.0,18,3,6.0
0,1,4,0,2,0,0,0,0,2,0,0,0,0,2,0,0,0,5.0,187,39,4.794871794871795
0,60,10,0,1,1,2,0,2,0,2,2,2,0,1,0,1,0,2.0,57,9,6.333333333333333
1,1,2,4,1,0,1,0,1,0,2,2,2,0,1,0,0,0,12.0,364,66,5.515151515151516
1,24,11,0,0,1,0,0,1,0,2,1,0,0,1,1,0,0,1.0,20,3,6.666666666666667
1,1,2,0,1,0,1,1,0,0,1,1,0,0,1,0,8,0,3.0,24,3,8.0
0,6,1,0,2,0,5,1,1,1,0,2,0,0,4,0,0,0,5.0,317,49,6.469387755102041
1,3,2,3,1,0,1,0,1,1,2,2,0,0,1,0,0,0,2.0,12,2,6.0
0,0,3,0,2,3,2,0,0,0,0,0,0,0,3,0,5,0,2.0,73,13,5.615384615384615
1,5,2,3,1,6,4,1,1,1,0,0,0,0,1,0,1,0,2.0,74,12,6.166666666666667
0,1,3,0,0,0,0,0,1,0,0,2,0,0,1,0,1,0,2.0,56,9,6.222222222222222
1,1,2,0,1,0,0,0,1,0,0,2,0,0,2,0,0,0,8.0,447,89,5.022471910112359
1,8,23,3,0,0,1,0,1,0,2,1,1,0,1,0,0,0,3.0,74,13,5.6923076923076925
0,2,3,0,0,5,2,0,0,0,0,0,0,0,1,0,0,0,4.0,54,10,5.4
0,6,3,0,1,3,2,0,1,1,0,0,2,1,1,0,0,0,4.0,279,50,5.58
0,3,3,0,0,0,0,0,1,0,2,2,2,0,1,0,0,0,15.0,368,68,5.411764705882353
1,4,2,0,1,2,2,0,1,0,2,2,0,0,1,0,0,0,6.0,514,93,5.526881720430108
0,1,1,0,2,0,6,1,0,0,0,0,0,0,4,0,0,0,1.0,74,11,6.7272727272727275
0,5,3,0,0,1,6,4,2,1,0,0,0,0,1,0,0,0,5.0,736,139,5.294964028776978
1,7,9,0,2,1,6,1,0,0,2,2,0,0,2,500,0,0,1.0,572,104,5.5
1,2,2,0,1,4,2,0,1,0,0,0,0,0,1,20,3,0,1.0,122,21,5.809523809523809
1,18,2,0,0,0,1,1,1,0,2,2,2,0,1,0,0,0,6.0,174,32,5.4375
0,2,1,46,0,1,4,1,1,1,2,2,0,0,1,50,0,0,11.0,1159,201,5.766169154228856
1,36,2,0,0,1,2,0,1,0,2,2,2,0,2,0,0,0,3.0,733,139,5.273381294964029
1,2,2,0,1,0,2,0,1,0,2,0,0,0,1,0,0,0,1.0,786,136,5.779411764705882
1,1,2,0,1,0,1,0,1,0,0,0,0,0,1,0,0,0,4.0,386,81,4.765432098765432
1,1,2,0,2,1,4,1,1,0,0,2,0,0,2,0,0,0,23.0,994,181,5.49171270718232
0,1,108,0,1,3,0,0,0,1,1,1,1,1,1,1,0,0,3.0,225,40,5.625
0,3,1,0,1,1,2,0,0,1,0,0,0,0,1,0,1,0,2.0,383,66,5.803030303030303
1,2,2,0,0,0,1,0,2,0,2,2,0,0,1,0,0,0,5.0,446,87,5.126436781609195
1,4,2,0,1,2,2,0,1,0,1,1,0,0,1,0,0,0,1.0,249,50,4.98
0,1,1,9,0,4,0,0,1,1,0,0,0,0,1,50,0,0,9.0,856,161,5.316770186335404
0,12,1,0,0,3,2,0,1,1,2,2,2,0,1,0,1,0,2.0,430,90,4.777777777777778
1,4,9,0,1,0,1,1,0,1,2,2,0,0,1,0,0,0,2.0,207,38,5.447368421052632
1,3,2,0,1,4,2,0,1,0,1,1,1,0,1,0,3,0,3.0,250,47,5.319148936170213
0,1,3,0,2,0,4,3,1,1,0,0,0,0,4,0,0,0,4.0,202,32,6.3125
0,4,1,0,1,0,5,1,2,1,0,0,1,0,1,0,0,0,2.0,131,22,5.954545454545454
0,3,10,57,1,0,1,0,0,2,0,0,0,0,1,0,5,0,4.0,197,36,5.472222222222222
1,60,9,0,1,0,0,0,0,1,1,2,2,0,1,0,0,0,1.0,461,94,4.904255319148936
0,8,76,69,0,0,3,1,1,1,2,2,1,0,1,100,5,0,5.0,136,27,5.037037037037037
0,12,30,0,0,0,0,0,2,1,0,0,0,0,1,0,0,0,3.0,315,57,5.526315789473684
1,24,2,107,1,0,1,1,1,1,1,1,1,0,1,0,1,0,5.0,2074,383,5.415143603133159
0,2,3,26,1,1,2,0,1,0,0,0,0,1,1,15,0,0,1.0,211,44,4.795454545454546
0,3,3,0,2,6,3,1,1,0,0,2,0,0,5,30,1,0,1.0,62,13,4.769230769230769
1,3,2,0,1,3,2,0,1,0,0,2,0,0,3,0,0,0,5.0,94,14,6.714285714285714
1,1,2,0,0,0,1,0,1,1,0,2,0,0,1,0,1,0,7.0,101,18,5.611111111111111
0,2,7,1,0,5,2,0,1,2,0,0,0,0,1,350,1,0,4.0,141,25,5.64
0,6,1,6,1,0,0,0,1,1,0,0,0,0,1,89,0,0,2.0,630,94,6.702127659574468
1,2,2,0,1,5,2,0,0,0,0,0,0,0,1,0,0,0,1.0,212,43,4.930232558139535
1,5,2,0,1,4,2,0,1,1,1,1,1,0,1,0,2,0,3.0,557,101,5.514851485148514
1,2,2,11,2,1,0,0,1,0,1,1,1,0,2,0,0,0,2.0,83,15,5.533333333333333
0,2,3,0,1,1,3,0,1,0,0,0,0,0,1,0,1,0,1.0,23,4,5.75
0,2,7,6,0,5,2,0,1,2,0,2,0,0,1,100,0,0,5.0,657,121,5.429752066115703
0,6,3,0,1,3,2,0,0,0,0,2,2,0,1,0,2,0,3.0,822,185,4.443243243243243
0,12,1,0,0,0,0,0,1,1,2,2,2,0,1,0,9,0,3.0,80,15,5.333333333333333
1,2,2,0,0,1,0,0,1,1,2,2,0,0,1,0,0,0,4.0,226,46,4.913043478260869
0,2,3,0,1,3,0,0,1,0,2,2,2,0,1,0,0,0,4.0,220,43,5.116279069767442
1,1,2,0,1,0,1,0,0,0,0,0,0,0,2,0,0,0,4.0,271,48,5.645833333333333
0,2,3,0,1,0,4,1,0,0,2,2,0,0,1,0,0,0,2.0,127,22,5.7727272727272725
1,2,2,3,0,1,4,0,1,1,0,0,0,0,1,0,0,0,1.0,124,21,5.904761904761905
1,3,2,0,0,0,2,0,1,0,0,2,0,0,1,0,0,0,4.0,384,73,5.260273972602739
0,30,3,0,1,0,3,0,0,0,0,2,2,0,1,0,1,0,4.0,157,34,4.617647058823529
0,2,1,26,0,4,2,0,1,1,0,0,0,0,1,150,0,0,4.0,251,49,5.122448979591836
0,6,3,0,1,0,0,0,1,0,0,0,0,0,1,0,0,0,3.0,304,54,5.62962962962963
1,5,2,0,0,1,4,0,0,0,2,2,2,0,1,10,1,0,3.0,77,12,6.416666666666667
1,2,2,0,1,0,1,0,1,1,2,2,0,0,1,0,1,0,14.0,387,75,5.16
1,2,2,3,2,0,1,0,1,0,0,0,0,0,5,0,0,0,4.0,144,27,5.333333333333333
0,8,3,9,1,0,1,0,1,0,0,0,0,0,1,0,9,0,1.0,204,32,6.375
0,36,26,0,1,0,5,1,1,1,2,2,2,0,1,0,1,0,10.0,452,82,5.512195121951219
1,1,2,0,1,0,0,0,1,0,0,1,1,0,1,0,0,0,1.0,252,44,5.7272727272727275
0,3,3,9,1,4,5,2,1,1,0,2,0,0,1,0,1,0,0.0,87,15,5.8
0,4,3,0,0,5,2,0,1,0,0,2,2,0,1,0,1,0,2.0,78,11,7.090909090909091
1,24,2,0,1,1,2,0,1,0,0,2,0,0,1,1,8,0,2.0,386,73,5.287671232876712
0,1,3,0,0,0,0,0,0,0,0,0,0,0,1,0,0,0,7.0,227,47,4.829787234042553
0,3,3,0,1,3,0,0,0,0,0,0,0,0,1,0,5,0,5.0,61,12,5.083333333333333
0,4,3,0,0,0,1,1,2,0,0,0,0,0,1,0,1,0,3.0,1,1,1.0
1,3,2,0,1,1,0,0,1,0,1,1,0,0,1,0,0,0,1.0,11,2,5.5
1,24,100,3,1,1,0,0,1,1,2,2,2,0,1,0,9,0,1.0,85,16,5.3125
1,2,2,31,1,0,1,0,1,1,2,2,0,0,1,0,0,0,3.0,200,40,5.0
1,120,9,0,0,3,0,0,0,1,1,1,1,0,1,0,0,0,2.0,664,126,5.26984126984127
0,12,3,0,0,5,2,0,2,0,1,1,1,0,1,0,1,0,1.0,124,20,6.2
1,3,2,0,1,0,1,1,1,0,0,0,0,0,1,0,3,0,1.0,117,20,5.85
0,1,1,0,1,3,0,0,0,2,1,1,1,0,3,0,0,0,3.0,98,15,6.533333333333333
1,8,2,0,1,2,2,0,0,1,1,1,1,0,1,0,0,0,6.0,696,154,4.51948051948052
1,2,2,0,1,0,1,0,0,0,1,1,0,0,1,0,0,0,3.0,417,75,5.56
1,6,2,0,2,0,2,0,1,1,0,0,0,0,4,0,0,0,2.0,151,28,5.392857142857143
0,2,3,0,0,6,0,0,1,1,0,0,0,0,1,0,0,0,3.0,16,3,5.333333333333333
0,2,3,0,1,3,2,0,0,0,0,0,0,0,1,0,0,0,3.0,175,34,5.147058823529412
1,24,2,0,1,5,2,0,1,0,1,1,1,0,1,0,1,0,2.0,535,99,5.404040404040404
0,32,24,0,1,0,6,1,1,0,2,2,2,0,1,0,0,0,0.0,93,19,4.894736842105263
0,16,3,0,1,0,0,0,1,0,2,2,2,0,1,50,0,0,13.0,1033,189,5.465608465608466
0,18,3,8,1,1,0,0,2,0,0,2,0,0,1,0,1,0,4.0,22,3,7.333333333333333
1,2,2,0,1,1,2,0,1,1,2,2,0,0,2,0,0,0,3.0,420,74,5.675675675675675
1,2,2,0,0,0,1,0,1,1,2,2,0,0,1,0,0,0,2.0,175,34,5.147058823529412
0,7,24,9,1,1,4,3,1,1,2,2,2,0,1,100,0,0,4.0,346,48,7.208333333333333
0,12,1,0,1,0,3,1,1,1,0,2,2,0,1,0,0,0,2.0,352,68,5.176470588235294
0,2,3,0,0,0,3,1,0,0,1,1,1,0,1,0,0,0,7.0,126,25,5.04
1,1,2,3,1,0,1,0,1,0,0,0,0,0,1,0,0,0,5.0,96,17,5.647058823529412
1,17,2,0,0,0,0,0,1,0,2,2,2,0,1,0,1,0,3.0,1871,370,5.056756756756757
1,36,33,0,1,0,0,0,0,1,2,2,2,0,1,0,0,0,5.0,521,100,5.21
0,1,3,0,1,0,0,0,1,0,0,2,0,0,1,0,1,0,2.0,112,19,5.894736842105263
0,12,3,0,1,4,3,1,1,0,0,0,0,0,1,0,0,0,8.0,513,93,5.516129032258065
0,1,3,0,1,0,3,1,1,0,0,2,0,0,1,0,0,0,7.0,655,128,5.1171875
1,1,2,3,2,1,2,0,2,0,0,0,0,0,3,0,0,0,5.0,669,124,5.395161290322581
1,1,2,0,1,4,4,0,1,1,1,1,1,0,1,0,6,0,1.0,60,10,6.0
1,84,2,0,0,1,3,0,2,0,1,1,1,0,1,0,0,0,5.0,1124,221,5.085972850678733
0,1,3,0,2,1,3,0,0,0,0,0,0,0,3,0,5,0,4.0,124,23,5.391304347826087
1,9,34,0,0,1,2,0,0,1,2,2,0,0,1,0,0,0,3.0,271,46,5.891304347826087
1,1,2,3,1,1,6,1,0,0,0,2,0,0,1,0,9,0,2.0,50,12,4.166666666666667
1,4,2,0,0,1,3,0,2,0,2,2,0,0,1,0,0,0,3.0,263,54,4.87037037037037
0,1,3,0,1,6,0,0,0,0,0,0,0,1,1,1,0,0,16.0,1016,190,5.347368421052631
0,24,61,0,1,1,3,0,2,2,0,2,0,0,1,0,1,0,1.0,59,9,6.555555555555555
1,1,2,0,1,1,2,0,1,0,0,0,0,0,1,20,3,0,1.0,122,21,5.809523809523809
1,2,2,3,2,0,1,2,1,0,0,0,0,0,5,150,0,0,24.0,608,114,5.333333333333333
1,2,2,0,2,0,1,0,1,0,0,2,0,0,3,0,1,0,5.0,268,48,5.583333333333333
1,6,2,0,0,5,2,0,1,1,2,2,0,0,1,0,0,0,6.0,172,32,5.375
0,24,3,0,0,3,0,0,1,0,1,1,2,0,1,0,0,0,2.0,608,114,5.333333333333333
1,6,2,0,0,0,0,0,1,1,2,2,1,0,1,0,1,0,1.0,69,12,5.75
1,3,2,0,0,0,0,0,1,1,2,2,0,0,1,0,0,0,5.0,63,13,4.846153846153846
1,6,2,0,0,0,1,2,1,0,2,2,2,0,1,0,0,0,1.0,503,90,5.588888888888889
0,2,3,0,2,4,0,0,0,0,0,0,0,0,2,0,0,0,2.0,241,49,4.918367346938775
0,3,3,0,1,3,2,0,1,0,0,0,0,0,2,0,0,0,4.0,68,12,5.666666666666667
1,5,34,0,0,1,2,0,0,1,2,2,2,0,1,0,0,0,2.0,433,77,5.623376623376624
0,13,1,6,1,5,2,0,1,1,2,2,0,0,2,0,0,0,3.0,244,41,5.951219512195122
1,2,2,0,0,1,6,0,1,1,0,2,0,0,1,50,0,0,5.0,771,154,5.0064935064935066
0,3,1,0,2,1,5,2,1,1,0,2,0,0,2,1,0,0,7.0,26,4,6.5
1,10,2,0,0,4,2,0,1,1,2,0,2,0,1,0,5,0,1.0,154,25,6.16
0,2,1,9,2,0,1,1,0,1,0,0,0,0,2,0,9,0,5.0,369,63,5.857142857142857
1,2,2,0,0,0,1,0,1,0,0,0,0,0,1,1,5,0,3.0,450,89,5.056179775280899
1,6,2,0,0,1,0,0,1,0,2,2,0,0,1,0,1,0,3.0,39,8,4.875
1,2,2,0,0,1,0,0,1,0,0,0,0,0,1,0,0,0,2.0,365,64,5.703125
1,48,9,0,1,1,4,0,1,1,2,2,0,0,1,0,0,0,5.0,29,5,5.8
1,2,2,0,1,1,0,0,1,0,2,2,0,0,2,0,1,0,3.0,510,87,5.862068965517241
1,17,2,0,0,0,1,0,1,0,0,0,0,0,1,0,5,0,6.0,168,25,6.72
0,60,10,6,0,0,4,0,2,1,2,2,2,0,1,160,0,0,4.0,89,17,5.235294117647059
1,19,2,0,1,5,2,0,2,0,0,2,0,0,1,0,0,1,13.0,705,122,5.778688524590164
0,2,0,9,2,0,0,0,1,0,0,0,0,0,7,0,1,0,6.0,370,77,4.805194805194805
0,1,26,0,1,0,5,3,2,1,0,0,0,0,1,0,0,0,4.0,31,6,5.166666666666667
1,36,2,0,1,1,2,0,1,0,2,2,2,0,1,0,0,0,1.0,35,6,5.833333333333333
1,2,2,0,1,1,0,0,1,0,0,0,0,0,1,0,0,1,8.0,280,57,4.912280701754386
0,10,0,0,0,6,0,0,1,0,2,2,2,0,1,0,9,0,6.0,485,85,5.705882352941177
0,4,3,0,0,4,0,0,1,0,2,2,0,0,1,0,1,6,7.0,1099,205,5.360975609756098
0,30,3,0,0,3,0,0,1,0,2,2,2,0,1,0,0,2,19.0,1140,230,4.956521739130435
0,4,3,9,2,0,0,0,0,0,0,0,0,0,3,0,0,0,2.0,88,15,5.866666666666666
0,3,10,26,0,1,4,1,0,0,2,2,0,0,1,0,0,0,3.0,195,38,5.131578947368421
1,3,2,0,0,1,2,0,1,1,0,2,0,0,1,0,2,0,2.0,417,96,4.34375
1,19,2,0,1,0,1,2,0,0,0,2,0,0,1,0,1,0,4.0,326,60,5.433333333333334
0,2,3,0,1,0,0,0,1,0,2,2,0,0,1,0,0,0,1.0,64,12,5.333333333333333
1,4,2,0,1,0,1,0,1,0,0,0,0,0,1,0,0,0,1.0,31,7,4.428571428571429
0,22,3,0,1,1,0,0,1,1,2,2,2,0,1,0,1,0,1.0,706,145,4.86896551724138
1,4,2,0,0,0,2,0,2,1,2,2,0,0,1,0,0,0,5.0,1558,287,5.428571428571429
1,2,2,63,1,1,2,0,1,1,2,2,0,0,1,0,1,0,2.0,109,22,4.954545454545454
1,48,2,0,1,1,2,0,1,1,2,2,2,0,1,0,6,0,2.0,109,20,5.45
1,120,48,0,0,0,1,0,1,0,2,2,2,0,1,0,1,0,1.0,117,23,5.086956521739131
1,2,2,0,1,1,2,0,1,0,0,2,0,0,1,0,0,0,4.0,368,71,5.183098591549296
1,54,20,0,0,4,2,0,2,1,1,1,0,1,1,0,5,0,6.0,1601,279,5.738351254480286
1,3,2,0,0,0,1,0,1,0,2,2,0,0,1,0,0,0,4.0,291,58,5.017241379310345
1,4,25,3,1,0,4,0,1,0,2,2,2,0,1,0,0,0,6.0,1163,223,5.2152466367713
0,2,3,0,0,3,2,0,1,0,2,2,0,0,1,0,1,0,3.0,164,27,6.074074074074074
1,21,8,3,1,1,4,1,1,0,0,0,0,0,1,0,0,0,1.0,26,3,8.666666666666666
1,2,2,0,1,1,2,0,0,0,0,0,0,0,1,0,9,0,2.0,81,14,5.785714285714286
0,2,3,0,0,2,2,0,0,0,0,0,0,0,1,50,0,0,2.0,164,25,6.56
0,3,1,0,2,0,3,1,1,1,0,0,0,0,2,0,0,0,5.0,480,88,5.454545454545454
0,2,0,0,0,4,0,0,1,0,0,2,0,0,1,0,0,0,2.0,298,55,5.418181818181818
1,3,20,3,0,1,2,0,2,1,1,1,0,0,1,0,0,0,1.0,87,17,5.117647058823529
0,4,0,0,2,6,3,1,1,1,0,0,0,0,2,0,5,0,5.0,163,30,5.433333333333334
0,1,3,0,2,0,5,3,0,0,0,0,0,0,4,0,0,0,0.0,213,37,5.756756756756757
0,3,3,0,0,0,3,1,1,0,0,0,0,0,1,0,0,0,3.0,242,42,5.761904761904762
1,6,2,0,1,1,2,0,1,0,2,2,0,1,1,0,1,0,4.0,525,98,5.357142857142857
0,12,3,0,2,0,0,0,1,0,2,2,2,0,2,10,1,0,3.0,893,160,5.58125
1,36,2,0,0,0,0,0,1,1,0,0,0,0,1,0,2,0,5.0,582,115,5.060869565217391
1,7,13,3,1,1,0,0,1,1,1,1,2,0,1,0,0,0,5.0,165,30,5.5
0,2,1,0,1,1,4,1,1,1,0,2,0,0,1,0,1,2,4.0,1629,280,5.817857142857143
0,12,7,0,1,1,4,0,1,1,2,2,0,0,1,400,0,0,5.0,365,75,4.866666666666666
0,1,3,0,0,4,0,0,0,0,0,0,0,0,1,0,1,0,3.0,150,30,5.0
0,1,3,0,2,0,5,1,1,0,0,2,0,0,4,0,0,0,3.0,632,129,4.89922480620155
1,1,2,0,0,0,1,0,1,0,2,2,0,0,1,0,0,0,4.0,460,78,5.897435897435898
0,3,3,0,1,0,5,1,1,0,2,2,0,0,1,0,0,0,1.0,25,3,8.333333333333334
0,12,1,0,1,5,2,0,1,1,1,1,1,0,1,0,6,0,1.0,9,1,9.0
0,3,3,9,2,0,5,3,0,0,0,0,0,0,3,0,0,0,5.0,34,7,4.857142857142857
0,4,3,0,1,0,2,0,1,0,0,0,0,0,1,0,8,0,6.0,250,46,5.434782608695652
0,21,0,0,0,6,0,0,1,0,2,2,2,0,1,0,0,0,4.0,177,31,5.709677419354839
1,3,2,3,2,0,1,1,1,0,2,2,0,0,5,0,0,0,5.0,180,33,5.454545454545454
0,6,3,0,0,0,0,0,1,0,2,2,2,0,2,0,0,0,11.0,343,72,4.763888888888889
0,10,3,0,0,5,2,0,1,0,2,2,2,1,1,0,0,0,2.0,424,78,5.435897435897436
1,2,2,0,1,0,1,1,1,1,0,2,0,0,1,100,0,0,3.0,42,6,7.0
0,60,1,1,2,0,5,1,1,1,2,2,2,0,2,0,0,0,3.0,172,31,5.548387096774194
0,1,3,0,1,0,3,1,0,0,0,2,0,0,1,0,1,0,1.0,12,2,6.0
1,3,2,0,0,0,1,0,1,0,0,0,0,0,1,0,0,0,3.0,120,23,5.217391304347826
1,1,2,3,0,0,1,0,1,0,0,2,0,0,1,150,0,1,10.0,351,72,4.875
0,2,3,0,1,4,2,0,0,0,0,2,0,0,1,0,0,0,1.0,151,29,5.206896551724138
0,4,3,0,0,0,5,1,0,0,0,0,0,0,2,0,1,0,7.0,17,3,5.666666666666667
0,1,3,0,0,1,0,0,0,0,0,0,0,0,1,0,1,0,5.0,128,21,6.095238095238095
0,5,3,0,0,0,1,3,0,1,2,2,0,0,1,0,1,0,4.0,139,27,5.148148148148148
1,1,2,0,1,0,1,5,1,0,0,2,0,0,1,0,0,0,4.0,56,10,5.6
1,6,2,3,0,0,5,1,2,0,2,2,0,0,1,100,9,0,4.0,182,34,5.352941176470588
1,2,2,3,1,0,1,0,1,0,1,2,1,0,1,200,1,0,3.0,63,10,6.3
1,2,2,0,0,0,1,1,1,0,0,0,0,0,1,0,0,0,3.0,436,78,5.589743589743589
0,10,3,0,1,1,4,0,1,0,0,0,0,0,1,0,1,0,2.0,17,3,5.666666666666667
1,5,44,39,0,0,0,0,0,1,2,2,0,0,1,0,0,0,10.0,24,4,6.0
1,9,2,3,0,1,5,0,1,1,0,2,2,0,1,0,2,0,1.0,133,28,4.75
0,4,3,0,1,0,2,0,1,0,2,2,2,0,1,0,0,0,2.0,230,39,5.897435897435898
1,1,9,3,0,1,4,1,0,1,2,2,0,0,3,100,0,1,9.0,262,49,5.346938775510204
0,12,26,0,1,0,6,1,1,0,2,2,2,0,1,0,0,0,1.0,362,64,5.65625
0,2,10,0,1,3,0,0,0,0,0,0,0,0,1,0,1,0,4.0,183,37,4.945945945945946
1,4,43,3,0,0,1,5,2,1,0,2,0,0,1,0,0,0,12.0,1160,215,5.395348837209302
0,4,3,0,1,1,5,1,0,0,2,2,0,0,1,0,1,0,4.0,87,15,5.8
0,3,3,0,0,0,3,1,1,0,0,0,0,0,1,0,0,0,5.0,141,24,5.875
1,24,2,3,1,0,2,0,1,1,2,2,2,0,1,0,0,0,5.0,14,3,4.666666666666667
1,4,14,3,1,0,2,0,1,0,1,1,1,0,2,0,3,0,5.0,129,23,5.608695652173913
1,1,2,3,1,1,0,0,1,1,2,2,0,0,1,0,0,0,1.0,12,2,6.0
1,3,2,0,0,1,2,0,1,0,2,2,0,0,1,0,0,0,5.0,164,29,5.655172413793103
1,88,20,0,0,1,6,0,1,1,2,2,1,0,1,0,2,0,4.0,150,24,6.25
0,3,3,0,1,2,2,0,1,1,2,2,0,0,1,0,0,0,1.0,263,50,5.26
1,238,2,0,0,5,2,0,1,0,2,2,2,0,1,0,3,0,10.0,164,29,5.655172413793103
0,11,4,0,0,0,0,0,1,0,0,0,0,0,1,50,0,0,2.0,374,76,4.921052631578948
0,2,3,26,2,0,2,0,1,0,0,0,0,0,2,0,0,0,1.0,138,21,6.571428571428571
1,2,2,0,1,0,1,0,1,0,0,2,1,0,1,0,3,0,1.0,9,2,4.5
0,2,3,0,2,0,3,1,0,0,0,0,0,0,5,0,0,0,0.0,147,25,5.88
0,6,3,0,0,5,2,0,1,0,2,2,2,0,1,100,1,0,1.0,67,9,7.444444444444445
1,48,8,0,1,0,1,5,2,1,2,2,0,0,1,0,2,0,1.0,456,85,5.364705882352941
1,24,2,0,1,0,1,0,0,1,2,2,2,0,1,100,3,0,3.0,706,135,5.229629629629629
1,60,19,0,0,3,2,0,1,1,2,2,2,0,1,0,1,0,3.0,242,44,5.5
1,2,2,0,1,2,2,0,1,0,0,2,0,1,1,0,1,0,1.0,533,99,5.383838383838384
1,38,104,0,0,4,4,1,1,1,2,2,0,0,1,0,0,0,1.0,62,9,6.888888888888889
0,2,3,0,1,0,0,0,1,0,0,2,0,0,1,0,0,0,5.0,571,103,5.543689320388349
0,1,3,0,1,1,6,0,0,0,0,0,0,0,1,0,1,0,5.0,186,38,4.894736842105263
0,12,1,6,1,1,2,0,1,1,2,2,2,0,1,100,0,0,3.0,52,3,17.333333333333332
0,2,3,6,2,0,1,4,1,0,0,2,2,0,4,0,0,0,4.0,371,69,5.3768115942028984
1,72,39,0,1,1,2,0,1,1,2,2,0,0,1,0,0,0,4.0,807,156,5.173076923076923
1,18,20,0,0,4,2,0,2,0,2,2,0,0,1,200,0,0,3.0,521,103,5.058252427184466
0,0,92,0,2,0,6,1,0,1,0,1,1,0,3,0,0,0,1.0,192,38,5.052631578947368
0,1,3,0,2,3,0,0,0,0,0,0,0,0,2,0,5,0,3.0,98,17,5.764705882352941
0,6,3,0,0,0,0,0,1,0,0,0,0,0,1,0,0,0,3.0,172,32,5.375
1,1,2,0,1,0,1,1,1,0,0,0,0,0,1,0,1,0,1.0,167,35,4.771428571428571
0,3,7,1,0,6,2,0,0,1,0,0,0,0,1,0,0,0,5.0,41,5,8.2
0,18,3,0,0,5,2,0,1,0,0,2,2,0,1,0,1,0,1.0,181,33,5.484848484848484
0,10,3,0,1,3,0,0,1,0,0,0,0,0,1,0,0,0,4.0,95,20,4.75
1,12,2,0,0,0,0,0,1,1,2,2,2,1,1,0,3,0,5.0,35,9,3.888888888888889
1,3,2,0,0,5,2,0,1,0,0,0,0,0,1,0,0,0,1.0,212,43,4.930232558139535
0,0,0,9,0,4,5,0,1,0,0,2,0,0,1,0,0,0,13.0,537,94,5.712765957446808
0,4,3,0,1,2,3,0,1,0,1,1,0,0,1,50,0,0,1.0,707,130,5.438461538461539
1,24,2,0,1,5,2,0,1,0,2,2,2,0,1,0,0,0,15.0,271,52,5.211538461538462
1,48,34,0,1,2,2,0,0,1,2,2,2,0,1,250,0,0,4.0,358,69,5.188405797101449
0,1,10,8,0,2,0,0,0,0,0,0,1,0,2,0,1,0,1.0,204,36,5.666666666666667
1,4,2,0,0,1,2,0,1,0,2,2,0,0,1,0,0,0,5.0,2,1,2.0
1,2,2,0,0,0,0,0,1,0,0,2,0,0,1,200,1,0,3.0,161,29,5.551724137931035
1,24,44,3,0,0,1,2,1,0,1,1,1,0,1,0,0,0,1.0,931,185,5.032432432432432
0,2,3,0,1,3,0,0,0,0,0,0,0,0,1,0,1,0,5.0,37,7,5.285714285714286
0,5,3,0,0,4,4,1,1,0,0,2,0,0,1,0,1,0,5.0,292,53,5.509433962264151
0,5,3,0,1,5,2,0,1,0,0,2,0,0,1,0,1,0,3.0,1276,239,5.338912133891213
0,7,3,0,0,5,2,0,0,0,2,2,2,0,1,30,0,0,4.0,44,7,6.285714285714286
1,2,2,0,0,2,2,0,1,0,2,2,0,0,1,0,0,1,5.0,334,50,6.68
0,4,93,0,2,0,1,1,1,1,0,0,0,0,3,0,0,0,5.0,926,174,5.32183908045977
1,1,2,0,0,0,2,0,1,1,0,2,0,0,1,0,0,0,4.0,387,72,5.375
1,2,2,0,1,1,2,0,1,1,2,2,0,0,1,0,0,0,2.0,221,44,5.0227272727272725
1,1,2,3,0,2,2,0,1,1,0,2,0,0,1,0,0,0,1.0,14,3,4.666666666666667
1,1,2,0,0,0,0,0,1,0,0,0,0,0,1,0,0,0,8.0,409,74,5.527027027027027
0,3,3,16,0,0,0,0,1,0,2,2,0,0,2,0,0,0,2.0,69,13,5.3076923076923075
0,2,3,0,0,0,2,0,0,1,0,2,0,0,1,0,2,0,1.0,206,39,5.282051282051282
0,21,3,0,1,0,3,1,1,1,1,2,2,0,1,0,0,0,8.0,475,98,4.846938775510204
1,48,2,3,1,0,0,0,1,0,2,2,2,0,1,0,0,0,3.0,147,4,36.75
1,1,20,3,1,6,2,0,1,1,2,2,0,0,1,0,1,0,10.0,165,29,5.689655172413793
1,2,70,3,1,0,1,0,1,0,1,1,0,0,1,0,0,0,3.0,134,25,5.36
0,2,3,0,2,0,1,1,1,0,0,0,0,0,3,1,0,0,1.0,457,81,5.6419753086419755
0,3,78,23,2,0,1,1,1,2,0,2,0,0,3,100,0,0,2.0,141,24,5.875
1,24,34,2,1,0,1,0,0,2,2,2,2,0,1,250,0,0,2.0,1699,285,5.96140350877193
1,75,8,3,1,0,2,0,1,0,2,2,2,0,1,0,0,0,2.0,138,26,5.3076923076923075
1,2,22,3,1,1,0,0,1,0,0,0,0,0,1,0,0,0,4.0,574,105,5.466666666666667
0,2,3,0,2,1,6,1,1,0,0,0,0,0,2,0,0,0,13.0,965,163,5.920245398773006
0,13,10,10,0,2,0,0,2,0,2,2,0,0,1,0,3,0,6.0,639,117,5.461538461538462
0,2,59,0,0,2,0,0,2,2,1,1,1,0,1,350,0,0,2.0,202,42,4.809523809523809
1,2,2,3,0,0,1,1,1,0,2,2,0,0,1,0,0,1,3.0,333,64,5.203125
0,4,3,0,1,5,2,0,0,0,0,2,0,1,1,0,1,0,4.0,758,130,5.8307692307692305
1,1,2,3,2,1,4,1,1,0,0,0,0,0,5,0,1,0,5.0,122,22,5.545454545454546
0,8,3,26,1,0,3,1,1,1,0,0,2,0,1,0,0,0,1.0,239,44,5.431818181818182
0,3,3,0,0,0,0,0,0,0,0,0,0,0,2,0,0,0,23.0,871,173,5.034682080924855
1,24,48,3,0,0,1,0,1,0,2,2,2,1,1,160,1,0,6.0,334,68,4.911764705882353
1,2,8,3,0,0,1,1,1,0,2,2,1,0,1,0,1,0,2.0,10,2,5.0
0,4,0,9,0,1,3,1,1,0,2,2,0,0,1,0,1,0,13.0,1034,178,5.808988764044944
0,5,1,0,2,0,1,4,0,1,0,0,0,0,4,0,1,0,12.0,42,7,6.0
0,2,3,0,1,0,0,0,1,0,2,2,0,0,1,0,1,0,7.0,827,159,5.20125786163522
1,12,2,0,1,1,0,0,1,0,2,2,2,0,1,250,0,0,4.0,89,18,4.944444444444445
1,10,2,0,0,0,1,0,1,0,2,2,2,0,1,0,0,0,5.0,422,80,5.275
1,5,2,0,1,0,0,0,1,1,2,1,1,0,1,0,0,0,5.0,259,51,5.078431372549019
0,24,3,0,0,3,2,0,2,0,2,2,2,0,1,0,1,0,8.0,783,163,4.803680981595092
0,1,3,0,2,0,5,1,0,0,0,0,0,0,3,0,1,0,4.0,130,24,5.416666666666667
0,8,1,0,0,3,0,0,1,1,0,0,0,0,1,0,0,0,3.0,289,58,4.982758620689655
1,2,2,0,1,1,4,1,1,0,0,0,0,0,1,0,0,0,3.0,432,80,5.4
1,12,23,107,0,0,0,0,2,2,2,2,0,0,1,400,0,0,4.0,65,12,5.416666666666667
0,8,4,16,0,0,0,0,1,2,2,2,2,0,1,0,0,0,4.0,1995,369,5.40650406504065
1,1,2,3,2,1,6,0,0,0,0,0,0,0,3,0,1,0,3.0,94,20,4.7
0,4,3,0,1,1,0,0,0,0,0,2,0,0,1,0,1,0,3.0,221,40,5.525
0,4,1,0,1,0,6,1,0,1,2,2,2,0,1,0,9,0,3.0,355,53,6.69811320754717
1,5,5,3,1,5,2,0,1,1,2,1,0,0,1,0,0,0,2.0,113,18,6.277777777777778
1,1,2,0,2,1,4,1,1,0,0,0,0,0,9,0,0,0,7.0,667,129,5.170542635658915
0,2,3,0,0,0,3,0,1,0,0,0,0,0,2,0,0,0,4.0,279,54,5.166666666666667
1,2,2,0,0,0,0,0,0,0,0,0,0,0,1,0,2,0,2.0,222,38,5.842105263157895
0,6,3,9,2,4,2,0,1,0,2,2,2,0,2,0,1,0,6.0,530,103,5.145631067961165
1,1,2,0,1,0,1,0,1,0,0,0,0,0,1,20,3,0,1.0,122,21,5.809523809523809
0,12,3,0,1,0,1,1,1,0,0,0,0,0,1,0,1,0,1.0,125,23,5.434782608695652
1,24,2,3,2,0,1,0,1,0,0,0,2,0,2,0,0,0,0.0,876,167,5.245508982035928
0,2,3,8,0,0,0,0,1,0,0,0,0,0,1,0,8,0,1.0,54,12,4.5
1,8,2,0,1,0,2,0,1,1,2,2,2,0,1,0,0,0,1.0,579,114,5.078947368421052
1,4,2,0,1,1,0,0,1,1,2,2,1,0,1,0,0,2,3.0,259,50,5.18
1,3,2,0,1,1,5,1,1,0,2,2,0,0,1,50,0,0,1.0,52,11,4.7272727272727275
1,2,2,0,1,0,1,0,1,0,2,2,0,0,1,80,0,0,9.0,208,37,5.621621621621622
0,2,1,0,1,5,2,0,1,1,0,0,0,0,1,0,0,0,1.0,431,85,5.070588235294117
0,48,3,0,1,0,3,1,2,0,2,2,2,0,1,0,0,0,1.0,171,32,5.34375
0,12,31,0,0,0,2,0,0,1,2,2,2,0,1,50,0,0,1.0,665,115,5.782608695652174
0,2,0,0,1,1,4,0,1,1,0,0,0,0,1,100,0,0,2.0,176,32,5.5
0,2,3,0,0,0,3,1,1,0,0,0,0,0,1,0,0,0,0.0,67,12,5.583333333333333
0,1,3,9,2,0,3,1,1,0,0,2,1,0,5,0,0,0,1.0,867,143,6.062937062937063
1,24,166,0,1,1,5,0,1,0,2,2,2,0,1,0,10,0,1.0,209,35,5.9714285714285715
0,2,3,77,1,0,0,0,0,0,0,2,0,0,1,0,0,0,4.0,114,18,6.333333333333333
1,1,2,3,2,0,1,3,1,0,0,0,0,0,3,0,0,0,7.0,281,57,4.9298245614035086
0,2,1,0,1,0,4,3,1,1,1,1,1,0,1,0,3,0,1.0,363,69,5.260869565217392
0,42,3,0,0,0,2,0,2,0,2,2,2,0,1,0,1,0,4.0,99,20,4.95
0,3,1,0,1,2,2,0,0,1,2,0,0,1,1,0,0,0,4.0,66,14,4.714285714285714
0,5,4,0,0,4,0,0,1,2,0,2,0,0,1,40,0,0,6.0,292,48,6.083333333333333
0,6,3,0,0,3,2,0,1,0,2,2,2,0,2,0,1,0,5.0,522,101,5.1683168316831685
0,18,3,0,1,3,0,0,0,0,0,2,2,0,4,0,3,1,2.0,45,7,6.428571428571429
0,1,3,0,0,0,1,0,0,0,1,1,1,1,1,0,1,0,4.0,32,8,4.0
0,4,3,0,1,4,3,1,0,0,2,2,0,0,1,0,1,0,4.0,502,99,5.070707070707071
0,3,3,0,1,3,0,0,1,0,0,2,0,0,1,50,0,0,7.0,957,174,5.5
0,3,3,0,0,6,2,0,0,0,2,2,0,0,1,0,1,0,6.0,68,10,6.8
0,3,3,0,0,3,0,0,0,0,2,2,2,0,1,50,0,0,8.0,455,85,5.352941176470588
1,1,2,0,1,2,2,0,1,1,0,0,0,0,1,0,0,0,3.0,126,23,5.478260869565218
0,12,3,0,1,1,4,1,1,0,0,0,0,0,1,0,0,3,11.0,241,49,4.918367346938775
1,8,2,0,2,0,1,2,1,0,2,2,0,0,2,0,0,0,8.0,408,74,5.513513513513513
1,6,2,0,0,0,1,1,1,0,2,2,2,0,1,150,1,0,11.0,278,48,5.791666666666667
1,12,2,3,0,1,4,1,1,0,1,1,2,0,2,0,0,0,20.0,1876,331,5.667673716012085
