Type,Age,Breed1,Breed2,Gender,Color1,Color2,Color3,MaturitySize,FurLength,Vaccinated,Dewormed,Sterilized,Health,Quantity,Fee,State,VideoAmt,PhotoAmt,desc_length,desc_words,average_word_length
0,2,1,0,1,3,2,0,1,1,0,0,0,0,1,0,0,0,6.0,79,13,6.076923076923077
0,0,6,0,2,4,3,1,1,1,0,0,1,0,10,0,1,0,0.0,111,20,5.55
1,12,2,0,0,0,2,0,1,0,0,0,0,0,1,0,5,0,4.0,236,44,5.363636363636363
0,1,3,0,2,0,1,1,0,0,0,0,0,0,3,0,0,0,1.0,94,17,5.529411764705882
1,1,2,0,2,0,1,0,1,0,1,1,0,0,9,0,0,0,3.0,118,25,4.72
1,9,2,0,0,1,4,0,1,0,2,2,1,0,1,0,3,0,2.0,358,70,5.114285714285714
1,36,2,0,1,0,1,0,1,0,2,2,2,0,5,0,0,0,1.0,277,51,5.431372549019608
1,2,2,0,1,1,4,0,1,0,0,2,0,0,1,0,5,0,1.0,148,30,4.933333333333334
0,6,1,0,1,2,0,0,1,1,0,2,0,0,1,50,0,0,4.0,126,21,6.0
1,2,2,3,1,0,5,1,2,0,0,0,0,0,6,0,3,0,5.0,559,108,5.175925925925926
1,3,2,0,1,1,2,0,1,0,0,0,0,0,1,0,0,0,4.0,188,36,5.222222222222222
0,12,1,0,0,0,2,0,1,1,0,0,0,0,1,0,0,0,1.0,384,72,5.333333333333333
1,2,2,0,0,0,1,0,1,0,0,1,0,0,1,0,0,0,3.0,146,31,4.709677419354839
0,7,26,19,1,0,5,1,1,0,2,2,0,0,1,0,0,0,7.0,16,3,5.333333333333333
0,1,30,0,1,6,0,0,0,0,0,0,0,0,1,0,1,0,3.0,393,74,5.3108108108108105
0,2,3,0,1,0,4,0,1,0,0,2,0,0,1,0,0,0,3.0,58,10,5.8
0,72,3,0,0,0,0,0,1,0,2,2,2,0,1,0,0,0,10.0,1671,329,5.079027355623101
1,2,2,0,0,2,2,0,1,1,1,1,0,0,1,0,0,0,1.0,88,16,5.5
1,24,2,0,1,1,0,0,1,0,2,2,2,0,1,0,0,0,24.0,490,87,5.632183908045977
0,2,1,0,0,2,2,0,0,1,1,1,1,0,1,0,3,0,6.0,271,47,5.76595744680851
1,2,2,3,1,0,1,0,1,1,0,0,0,0,1,0,0,0,1.0,249,41,6.073170731707317
1,3,2,11,0,2,2,0,1,0,0,2,2,0,1,0,1,0,6.0,62,12,5.166666666666667
1,5,2,0,0,0,1,0,1,0,1,1,1,0,1,0,0,0,0.0,10,2,5.0
1,60,34,28,1,1,2,0,0,2,2,2,2,0,1,0,0,0,3.0,12,2,6.0
0,3,3,6,1,0,5,1,1,0,0,2,0,0,4,0,0,0,5.0,644,128,5.03125
0,4,1,0,1,2,2,0,1,1,1,1,1,0,1,0,1,1,4.0,198,38,5.2105263157894735
0,13,7,6,1,0,3,0,1,1,2,2,0,0,1,0,0,0,3.0,570,103,5.533980582524272
0,1,3,0,0,0,0,0,0,0,1,1,1,0,1,0,3,0,1.0,74,14,5.285714285714286
0,8,0,0,0,4,2,0,1,0,2,2,2,0,1,0,0,0,2.0,99,17,5.823529411764706
1,14,2,0,0,1,2,0,2,1,2,2,2,0,1,0,5,0,3.0,24,5,4.8
1,3,2,30,0,2,0,0,1,1,0,0,0,0,1,0,3,0,4.0,491,90,5.455555555555556
1,7,2,0,1,1,2,0,1,0,2,2,0,0,1,0,1,0,1.0,425,80,5.3125
1,2,2,0,1,0,6,0,1,1,2,2,0,0,1,0,0,0,4.0,246,45,5.466666666666667
1,1,2,0,1,0,1,1,0,0,0,0,0,0,1,0,0,0,1.0,16,3,5.333333333333333
1,36,13,7,1,5,2,0,1,1,2,2,2,0,1,0,1,0,2.0,43,9,4.777777777777778
0,2,3,0,2,5,2,0,1,0,0,2,0,0,3,0,5,0,4.0,418,79,5.291139240506329
1,12,2,3,1,1,2,0,1,1,0,2,0,0,1,0,3,0,1.0,23,4,5.75
1,3,2,0,1,0,1,1,1,1,2,2,0,0,1,0,0,0,4.0,152,30,5.066666666666666
1,3,2,0,1,4,2,0,1,0,2,2,2,0,1,0,3,0,7.0,84,15,5.6
0,6,3,0,0,0,0,0,1,0,1,1,1,0,1,0,1,0,3.0,82,12,6.833333333333333
1,48,9,0,0,0,2,0,0,1,2,2,0,0,1,0,1,0,0.0,161,31,5.193548387096774
1,3,2,0,0,0,0,0,1,0,2,2,0,0,1,0,0,0,1.0,817,168,4.863095238095238
1,3,42,3,1,0,0,0,0,1,1,2,0,0,1,0,0,0,1.0,285,54,5.277777777777778
0,2,3,0,1,0,5,0,0,0,0,0,0,0,2,0,0,0,4.0,670,128,5.234375
1,6,2,0,1,0,2,0,1,1,0,2,0,0,1,0,0,1,4.0,535,100,5.35
0,36,3,0,1,0,3,1,1,1,0,0,2,0,1,0,1,0,4.0,212,39,5.435897435897436
1,2,2,0,1,1,0,0,1,1,1,1,0,0,1,0,0,0,2.0,124,22,5.636363636363637
1,4,43,3,0,0,1,5,2,1,0,2,0,0,1,0,0,0,12.0,1160,215,5.395348837209302
1,8,2,0,0,1,0,0,1,0,0,0,0,0,1,0,2,0,1.0,437,94,4.648936170212766
1,4,2,38,0,0,1,0,1,0,0,0,0,0,1,0,1,0,2.0,48,8,6.0
0,4,3,0,1,1,0,0,0,0,1,2,0,0,1,0,1,0,7.0,240,41,5.853658536585366
0,4,3,26,0,0,3,0,0,0,0,0,0,0,1,0,0,0,5.0,219,40,5.475
0,17,3,0,1,0,1,5,1,0,2,2,0,0,1,0,0,0,5.0,480,89,5.393258426966292
0,10,3,0,1,0,1,4,0,0,2,2,2,0,1,0,0,0,23.0,836,156,5.358974358974359
0,1,3,0,0,0,0,0,1,0,0,2,0,0,1,0,1,0,2.0,295,55,5.363636363636363
0,12,3,0,2,0,5,1,2,0,2,2,2,0,5,0,1,0,5.0,199,32,6.21875
1,36,50,3,0,0,1,1,2,0,2,2,2,0,1,0,0,0,10.0,433,79,5.481012658227848
0,2,3,0,1,6,3,1,0,0,1,1,1,0,3,0,0,0,5.0,175,32,5.46875
0,24,3,0,1,0,5,3,2,0,2,2,2,0,2,0,0,6,11.0,1185,224,5.290178571428571
0,3,0,0,0,1,2,0,1,0,1,1,1,0,1,0,5,0,3.0,42,10,4.2
1,3,2,0,1,0,5,0,1,1,2,2,0,0,1,0,0,0,8.0,584,99,5.898989898989899
1,1,2,0,1,1,2,0,1,1,0,2,0,0,1,0,1,0,0.0,106,21,5.0476190476190474
1,60,51,0,0,1,2,0,0,2,2,2,2,0,1,150,0,0,2.0,540,105,5.142857142857143
1,0,2,0,2,0,1,1,1,0,0,0,0,0,8,0,0,0,7.0,113,19,5.947368421052632
1,3,2,0,0,0,1,0,1,0,2,2,0,0,1,0,0,0,2.0,45,10,4.5
0,6,1,9,1,0,1,0,0,1,2,2,2,0,1,30,0,0,3.0,35,5,7.0
1,12,2,0,0,2,2,0,1,0,0,2,0,0,1,0,0,0,3.0,8,1,8.0
0,5,3,0,2,0,0,0,0,0,2,2,2,0,6,0,0,0,5.0,106,20,5.3
1,2,2,0,2,1,2,0,1,0,0,2,0,0,2,0,0,0,5.0,380,75,5.066666666666666
0,4,3,0,0,0,3,1,1,1,0,0,0,0,2,0,4,0,2.0,116,22,5.2727272727272725
0,3,3,0,1,3,2,0,1,0,0,0,0,0,2,0,0,0,4.0,68,12,5.666666666666667
0,2,3,0,0,0,1,0,0,0,0,2,0,0,1,50,0,0,5.0,356,63,5.650793650793651
0,36,3,19,1,0,1,1,1,0,2,2,2,0,1,0,0,0,4.0,1233,222,5.554054054054054
1,1,2,3,0,0,1,1,1,1,0,2,0,0,1,0,0,0,1.0,14,3,4.666666666666667
1,5,2,0,1,0,1,2,1,0,2,2,2,0,2,0,0,0,4.0,162,31,5.225806451612903
0,3,1,0,0,6,4,1,1,1,1,2,1,0,1,0,1,0,1.0,285,55,5.181818181818182
0,2,30,20,0,0,6,3,1,0,0,2,0,0,1,8,0,0,10.0,967,186,5.198924731182796
1,8,5,0,1,1,0,0,1,0,2,2,2,0,1,0,0,0,1.0,144,30,4.8
1,4,2,0,0,1,6,0,1,0,2,2,0,0,1,150,1,0,8.0,506,89,5.685393258426966
0,92,61,0,1,0,1,1,1,2,2,0,2,0,1,50,1,0,3.0,103,21,4.904761904761905
0,3,3,0,2,0,1,4,1,0,0,0,0,0,2,0,1,0,9.0,20,3,6.666666666666667
0,3,26,0,1,0,5,1,1,0,0,2,0,0,1,50,7,0,3.0,526,93,5.655913978494624
0,7,3,0,1,0,1,3,1,0,0,0,0,0,1,1,0,0,1.0,220,39,5.641025641025641
1,2,2,3,0,0,1,1,1,0,0,0,0,0,8,0,0,0,7.0,50,7,7.142857142857143
1,4,2,0,0,1,2,0,1,0,1,2,1,0,1,0,1,0,1.0,18,3,6.0
0,1,1,0,1,3,0,0,1,1,0,0,0,0,1,0,0,0,3.0,230,44,5.2272727272727275
1,5,2,0,1,0,0,0,2,0,2,2,0,0,1,0,1,0,1.0,204,36,5.666666666666667
1,9,2,0,0,3,2,0,1,0,1,2,0,0,1,0,0,0,4.0,212,42,5.0476190476190474
0,1,3,0,0,0,1,2,1,0,0,0,0,0,5,0,0,0,26.0,142,29,4.896551724137931
1,30,68,0,0,2,0,0,1,0,2,2,0,0,1,0,1,0,5.0,1587,302,5.254966887417218
1,2,2,0,0,2,0,0,1,0,0,0,0,0,1,0,2,0,1.0,127,23,5.521739130434782
1,8,2,0,0,4,4,3,0,1,2,2,2,0,1,0,0,0,2.0,185,32,5.78125
0,18,3,0,1,1,4,0,1,1,0,0,0,0,1,0,0,0,4.0,33,7,4.714285714285714
1,84,9,0,0,1,4,1,0,2,2,2,2,1,1,0,0,0,1.0,938,168,5.583333333333333
0,2,3,0,1,0,1,2,0,0,0,2,0,0,1,0,1,0,3.0,257,49,5.244897959183674
0,2,3,0,0,0,0,0,1,0,0,2,0,0,1,0,1,0,3.0,170,30,5.666666666666667
0,5,0,48,1,0,3,0,1,0,1,1,0,0,1,0,1,0,1.0,191,42,4.5476190476190474
0,3,3,0,2,0,3,1,1,1,0,2,0,0,2,0,1,0,8.0,581,105,5.533333333333333
1,1,2,0,1,1,4,0,1,0,0,0,0,0,2,0,1,0,2.0,28,5,5.6
1,96,2,3,1,1,6,2,1,1,2,2,2,0,1,0,1,0,3.0,221,40,5.525
1,1,2,0,2,0,4,0,2,0,0,0,0,0,5,0,3,0,10.0,126,23,5.478260869565218
1,7,2,0,0,2,0,0,1,0,2,2,2,0,1,0,2,0,5.0,741,138,5.369565217391305
1,36,5,42,0,0,0,0,1,0,2,2,2,0,1,0,0,0,5.0,382,75,5.093333333333334
0,3,3,0,0,0,1,0,0,0,0,0,0,0,2,0,0,0,2.0,74,17,4.352941176470588
1,2,2,0,1,0,1,0,1,0,2,2,0,0,1,0,0,0,7.0,607,111,5.468468468468468
1,1,2,0,2,0,4,1,0,0,0,0,0,0,6,0,1,0,2.0,245,48,5.104166666666667
1,1,2,0,1,0,2,0,1,0,0,0,0,0,6,0,0,0,8.0,414,74,5.594594594594595
1,3,2,0,1,5,2,0,1,0,0,0,0,0,1,0,0,0,1.0,279,52,5.365384615384615
1,5,2,0,0,1,6,1,1,0,1,1,1,0,1,0,1,0,9.0,777,144,5.395833333333333
1,3,2,3,0,2,2,0,1,0,2,2,2,0,1,0,0,0,2.0,230,46,5.0
0,2,3,0,1,5,2,0,1,0,0,0,0,0,1,0,3,0,0.0,203,44,4.613636363636363
0,1,1,0,1,1,2,0,0,1,0,2,0,0,1,0,0,0,2.0,69,15,4.6
0,4,3,0,0,5,2,0,0,0,2,2,0,0,1,0,7,0,4.0,130,25,5.2
1,6,2,0,1,0,2,0,1,0,2,2,2,0,1,0,0,0,4.0,390,76,5.131578947368421
0,12,1,0,1,0,5,0,1,1,2,2,2,0,1,0,0,0,1.0,88,17,5.176470588235294
1,1,2,3,2,0,0,0,1,0,2,2,0,0,5,0,0,1,2.0,417,80,5.2125
0,12,3,0,0,0,1,0,2,0,2,2,2,0,1,200,0,1,5.0,484,75,6.453333333333333
0,5,0,0,0,6,4,0,1,0,2,2,0,0,1,0,0,0,4.0,353,67,5.268656716417911
1,3,2,0,1,0,1,0,2,0,1,1,0,0,1,0,0,0,2.0,119,21,5.666666666666667
1,2,2,0,1,4,5,0,1,1,0,0,0,0,1,0,0,0,2.0,133,28,4.75
0,1,3,0,1,0,5,1,0,0,0,0,0,0,2,0,0,0,3.0,131,24,5.458333333333333
1,7,2,0,1,1,4,0,0,0,0,2,0,0,1,0,6,0,2.0,334,58,5.758620689655173
1,36,2,0,1,2,0,0,1,1,1,1,2,0,1,0,0,0,1.0,528,105,5.0285714285714285
1,1,2,0,2,0,1,1,1,0,0,0,0,0,7,0,0,0,6.0,20,3,6.666666666666667
0,2,0,0,1,0,0,0,1,0,0,2,0,0,1,0,0,0,1.0,88,11,8.0
0,12,3,0,0,0,0,0,1,0,2,2,2,0,1,0,1,0,1.0,34,7,4.857142857142857
1,36,34,0,0,5,2,0,0,0,1,1,1,0,1,0,0,0,3.0,155,32,4.84375
1,2,2,0,0,1,2,0,1,0,0,0,0,0,1,0,1,0,1.0,117,22,5.318181818181818
1,2,2,0,1,0,1,1,0,0,1,1,1,0,1,0,0,0,1.0,323,63,5.126984126984127
1,6,2,0,0,1,4,1,0,0,2,2,0,0,1,0,0,0,3.0,71,15,4.733333333333333
1,1,13,3,1,0,1,1,1,0,0,2,0,0,1,100,0,0,6.0,358,60,5.966666666666667
0,5,3,0,2,3,0,0,0,0,2,2,2,0,2,0,1,0,5.0,30,5,6.0
1,7,20,0,1,4,2,0,2,2,1,2,0,1,1,0,0,0,3.0,26,7,3.7142857142857144
1,2,2,0,0,2,2,0,1,1,2,2,0,0,1,0,0,0,9.0,143,26,5.5
1,24,2,0,1,2,2,0,1,0,2,2,2,0,1,80,0,0,3.0,113,16,7.0625
1,2,2,0,1,1,2,0,1,1,2,2,0,0,1,0,0,0,2.0,221,44,5.0227272727272725
1,3,2,0,1,1,0,0,2,0,1,1,0,0,1,0,0,0,2.0,119,21,5.666666666666667
0,12,3,0,0,6,2,0,1,0,2,2,2,0,2,0,0,0,5.0,768,138,5.565217391304348
0,1,1,0,0,4,2,0,1,1,0,2,0,0,1,0,0,0,1.0,232,41,5.658536585365853
1,2,2,0,1,1,4,1,1,0,0,2,0,1,1,0,1,0,4.0,531,99,5.363636363636363
0,3,3,9,1,0,3,1,1,0,0,2,0,0,1,0,1,0,12.0,178,29,6.137931034482759
0,2,1,0,1,1,4,1,0,1,0,0,0,0,1,0,0,0,5.0,597,109,5.477064220183486
1,50,9,0,0,3,0,0,0,0,2,2,2,0,1,0,0,0,4.0,711,145,4.903448275862069
1,3,2,11,2,0,1,0,1,0,1,1,1,0,3,0,3,0,1.0,232,41,5.658536585365853
1,24,2,0,1,0,2,0,1,1,1,1,1,0,1,0,1,0,2.0,575,100,5.75
0,10,1,0,0,5,2,0,1,1,1,1,0,0,1,0,0,0,1.0,699,127,5.503937007874016
0,3,3,0,0,0,3,1,1,0,0,0,0,0,1,0,0,0,5.0,141,24,5.875
0,3,3,20,1,6,0,0,0,0,2,2,2,0,1,0,1,0,1.0,78,13,6.0
0,3,81,0,1,0,5,1,1,1,0,2,0,0,1,0,0,0,3.0,261,55,4.745454545454545
0,2,1,0,0,6,0,0,1,1,0,2,0,0,1,0,1,0,4.0,44,10,4.4
0,19,1,6,1,0,5,1,2,1,2,1,2,0,1,0,0,0,0.0,219,42,5.214285714285714
0,2,3,0,2,0,3,1,1,0,0,2,0,0,2,0,0,0,14.0,1095,185,5.918918918918919
0,7,1,9,1,0,0,0,1,1,1,1,1,0,2,0,0,0,9.0,320,55,5.818181818181818
1,48,23,31,1,0,1,0,2,2,2,2,2,0,1,0,0,0,3.0,14,3,4.666666666666667
1,5,2,0,0,0,1,0,2,0,2,2,0,0,1,0,5,0,8.0,329,61,5.39344262295082
0,3,40,0,1,3,2,0,0,0,0,2,0,0,1,0,1,0,2.0,16,4,4.0
1,24,2,0,1,2,2,0,1,1,2,2,2,0,1,100,0,0,1.0,116,23,5.043478260869565
0,8,26,0,1,0,6,0,0,0,2,2,2,1,1,0,0,0,1.0,42,8,5.25
0,1,86,59,0,0,6,3,1,0,0,0,0,0,5,0,1,0,5.0,71,15,4.733333333333333
1,1,2,3,2,1,0,0,2,1,0,0,0,0,2,0,0,0,4.0,277,56,4.946428571428571
1,1,2,4,1,0,1,0,1,0,2,2,2,0,1,0,0,0,14.0,430,80,5.375
1,1,2,0,2,0,1,1,0,0,0,0,0,0,6,0,3,0,2.0,47,11,4.2727272727272725
1,84,88,0,0,5,2,0,2,2,2,2,1,1,1,280,1,0,2.0,183,29,6.310344827586207
1,1,90,3,1,0,0,0,1,0,1,1,0,0,1,0,0,0,4.0,127,22,5.7727272727272725
0,1,1,0,1,0,3,0,1,0,0,2,0,0,1,0,0,0,5.0,486,84,5.785714285714286
1,2,2,0,1,0,1,0,1,1,2,2,1,0,2,0,1,0,1.0,353,69,5.115942028985507
0,3,92,61,0,3,0,0,0,0,0,2,0,0,1,0,0,0,3.0,370,72,5.138888888888889
0,12,3,0,0,1,0,0,1,1,0,0,0,0,1,0,1,0,0.0,52,8,6.5
0,8,7,0,0,4,5,0,2,1,2,2,2,0,1,0,0,0,3.0,524,104,5.038461538461538
1,2,2,0,1,1,0,0,1,0,2,2,0,0,1,0,1,0,1.0,46,9,5.111111111111111
0,3,3,0,2,0,4,3,0,0,2,2,0,0,4,0,0,0,12.0,482,90,5.355555555555555
1,65,83,0,1,5,2,0,0,1,2,2,1,0,1,0,1,0,1.0,377,77,4.896103896103896
1,2,14,3,0,3,0,0,1,1,0,0,0,0,1,0,1,0,1.0,73,16,4.5625
1,84,27,0,0,1,2,0,1,0,2,2,0,0,1,0,1,0,1.0,136,24,5.666666666666667
0,2,7,9,2,0,1,1,0,1,0,0,0,0,3,0,0,0,3.0,675,115,5.869565217391305
1,8,96,3,1,6,4,1,1,2,2,2,0,0,1,0,0,0,5.0,310,43,7.209302325581396
1,12,48,0,0,1,2,0,0,0,1,1,1,0,1,0,0,0,1.0,329,62,5.306451612903226
0,2,10,9,1,1,4,0,0,1,0,0,0,0,1,100,3,2,18.0,5289,936,5.6506410256410255
1,2,2,0,1,0,2,0,1,0,0,0,0,0,1,0,0,0,1.0,265,50,5.3
0,3,4,0,1,0,1,3,1,1,0,0,1,0,3,0,0,0,5.0,20,3,6.666666666666667
0,36,4,0,0,5,2,0,1,2,0,2,0,0,1,150,0,0,2.0,221,48,4.604166666666667
1,2,2,0,1,1,2,0,1,1,2,2,0,0,2,0,0,0,3.0,420,74,5.675675675675675
0,2,0,0,2,3,2,0,1,0,0,2,0,0,2,0,1,0,2.0,159,28,5.678571428571429
1,1,2,0,0,0,0,0,1,1,1,1,0,0,1,0,0,0,1.0,88,16,5.5
1,1,2,0,1,1,4,0,1,1,0,0,0,0,1,0,3,0,6.0,31,5,6.2
1,2,2,0,1,2,0,0,0,0,2,2,0,0,1,50,0,0,3.0,18,3,6.0
0,3,3,10,2,0,1,1,0,1,0,2,0,0,5,0,1,0,5.0,191,34,5.617647058823529
0,1,3,0,1,0,1,1,0,0,0,0,0,0,3,0,0,0,4.0,112,26,4.3076923076923075
1,2,2,0,0,2,0,0,1,0,0,2,0,0,1,0,0,0,1.0,38,6,6.333333333333333
1,2,2,0,2,1,4,1,1,0,2,2,0,0,4,35,1,0,6.0,185,37,5.0
0,12,3,6,2,3,0,0,1,1,2,2,2,0,3,0,1,0,10.0,291,51,5.705882352941177
0,1,3,0,2,0,1,3,0,0,0,0,0,0,5,0,1,0,6.0,238,33,7.212121212121212
1,1,2,0,2,1,4,0,1,0,2,2,2,0,2,0,0,0,3.0,157,26,6.038461538461538
1,3,2,0,0,0,1,0,1,0,1,1,1,0,1,0,0,0,4.0,290,54,5.37037037037037
0,2,3,0,0,4,2,0,0,0,0,0,0,0,1,0,0,0,1.0,327,63,5.190476190476191
1,3,2,0,1,0,0,0,1,1,2,2,0,0,1,150,0,0,3.0,124,20,6.2
0,2,81,0,0,4,2,0,1,0,0,2,0,0,1,100,0,0,3.0,108,22,4.909090909090909
0,12,59,61,0,0,3,1,1,1,1,1,1,0,1,0,1,0,1.0,172,36,4.777777777777778
1,3,2,3,1,0,1,0,0,0,0,2,0,0,2,0,7,0,4.0,3,1,3.0
1,4,2,0,1,1,6,0,1,0,2,2,0,0,2,0,0,0,8.0,207,38,5.447368421052632
1,48,11,0,0,1,0,0,0,0,0,0,0,0,1,0,0,0,3.0,520,97,5.360824742268041
1,6,2,0,1,0,2,0,1,0,2,2,0,0,1,0,1,0,2.0,39,8,4.875
1,2,2,0,0,0,1,0,1,0,2,2,0,0,1,0,0,0,10.0,475,84,5.654761904761905
0,2,3,0,2,0,1,1,1,0,2,2,0,0,4,0,1,0,4.0,441,81,5.444444444444445
1,2,2,0,1,0,1,0,1,1,2,2,0,0,1,0,0,0,1.0,274,52,5.269230769230769
1,60,28,0,0,1,4,1,1,0,2,2,0,0,1,0,1,0,1.0,325,58,5.603448275862069
0,8,3,0,0,1,2,0,1,1,2,2,1,0,1,0,1,0,3.0,129,26,4.961538461538462
1,2,2,3,1,0,1,0,1,1,2,2,0,0,1,0,0,0,3.0,14,3,4.666666666666667
0,12,1,0,0,4,2,0,1,1,0,2,2,1,1,0,0,0,3.0,446,82,5.439024390243903
0,12,3,0,1,1,4,1,0,0,2,2,2,0,1,0,1,0,1.0,14,3,4.666666666666667
0,1,3,0,2,6,0,0,0,0,0,0,0,0,2,0,5,0,5.0,111,19,5.842105263157895
1,36,2,0,0,1,2,0,1,0,2,2,2,0,1,0,0,0,3.0,19,3,6.333333333333333
1,4,14,0,0,1,6,0,1,1,2,2,0,0,1,0,8,0,25.0,132,25,5.28
1,12,2,0,1,0,2,0,1,0,2,0,1,0,1,0,0,0,0.0,102,17,6.0
1,1,2,0,1,0,0,0,1,1,2,2,0,0,1,0,2,0,1.0,104,19,5.473684210526316
1,72,20,0,0,4,2,0,2,2,2,2,0,0,1,0,0,0,2.0,406,82,4.951219512195122
0,12,92,0,2,0,1,1,1,0,1,1,1,0,6,0,2,0,3.0,253,52,4.865384615384615
0,2,3,0,2,1,5,1,0,0,0,0,0,0,3,0,0,0,4.0,83,13,6.384615384615385
1,6,2,0,0,0,4,1,0,0,2,2,0,0,1,0,0,0,2.0,71,15,4.733333333333333
1,1,2,0,2,0,1,0,1,0,0,0,0,0,2,0,1,0,2.0,161,30,5.366666666666666
1,2,2,0,2,1,0,0,1,0,0,0,0,0,4,0,1,0,1.0,70,13,5.384615384615385
0,1,3,0,1,0,1,1,0,0,0,2,0,0,1,20,1,1,3.0,762,152,5.0131578947368425
0,9,3,0,0,0,0,0,1,0,2,2,0,0,1,0,1,0,3.0,455,88,5.170454545454546
1,1,2,0,0,0,1,0,1,0,2,2,0,0,1,0,0,0,12.0,667,125,5.336
1,1,2,0,2,0,5,0,0,0,2,2,0,0,3,0,1,0,9.0,310,57,5.43859649122807
0,8,1,0,1,0,0,0,1,1,1,1,1,0,1,0,0,0,5.0,826,165,5.006060606060606
0,2,3,0,0,3,2,0,1,0,0,0,0,0,1,0,0,0,4.0,66,9,7.333333333333333
1,2,2,0,0,1,2,0,1,0,2,2,0,0,1,0,1,0,3.0,816,165,4.945454545454545
0,3,1,0,1,0,0,0,1,1,0,0,1,0,1,0,0,0,4.0,464,96,4.833333333333333
1,24,72,0,0,1,2,0,1,2,2,2,0,0,1,400,0,0,1.0,81,16,5.0625
1,2,2,0,0,0,2,0,1,0,0,0,0,0,1,0,1,0,1.0,102,20,5.1
0,4,26,6,1,1,5,1,1,1,2,2,0,0,1,150,0,0,1.0,483,92,5.25
0,1,1,0,1,6,2,0,0,1,0,0,0,0,1,0,0,0,1.0,11,2,5.5
1,10,25,0,0,0,1,0,1,0,0,0,0,0,1,0,0,0,1.0,116,22,5.2727272727272725
0,4,36,20,1,0,3,1,0,0,0,2,0,0,1,250,0,0,3.0,620,100,6.2
0,5,3,9,2,0,6,1,1,0,0,0,0,0,3,0,0,0,2.0,184,31,5.935483870967742
1,21,23,30,0,0,0,0,2,1,2,2,2,0,1,0,3,0,1.0,33,6,5.5
1,15,2,0,1,0,1,1,1,0,0,2,2,0,1,0,6,0,1.0,249,42,5.928571428571429
0,2,3,0,1,3,0,0,0,0,0,0,0,0,1,0,1,0,5.0,37,7,5.285714285714286
1,36,9,0,0,2,2,0,1,0,2,2,1,0,1,80,2,0,3.0,64,11,5.818181818181818
0,4,3,0,0,6,0,0,0,0,0,0,0,1,1,0,1,0,3.0,238,49,4.857142857142857
1,2,2,3,2,0,1,1,1,0,0,0,1,0,3,0,0,0,8.0,1472,287,5.128919860627177
1,24,2,0,0,1,0,0,1,2,1,1,1,2,1,0,2,0,3.0,460,81,5.679012345679013
1,2,57,3,0,0,0,0,1,1,0,2,0,0,1,0,1,0,5.0,50,9,5.555555555555555
0,15,3,6,2,0,3,1,1,0,2,2,0,0,3,0,1,0,2.0,402,75,5.36
1,2,2,0,1,1,2,0,1,1,0,2,0,0,1,0,2,0,2.0,23,5,4.6
1,2,2,3,1,1,2,0,1,0,1,2,0,0,1,0,1,0,4.0,153,27,5.666666666666667
1,3,2,0,1,0,1,0,1,0,0,0,0,0,1,0,1,0,1.0,39,9,4.333333333333333
1,3,2,0,0,0,2,0,1,1,0,2,0,0,1,0,1,0,5.0,97,16,6.0625
1,4,2,0,1,1,2,0,1,0,2,2,2,0,1,0,1,0,5.0,588,115,5.113043478260869
0,5,30,0,0,5,2,0,1,0,2,2,0,0,1,0,3,0,1.0,223,46,4.8478260869565215
0,15,1,0,1,4,0,0,1,1,2,1,1,0,1,1,1,0,1.0,13,2,6.5
1,1,2,0,1,0,1,0,1,0,0,0,0,0,1,0,0,0,2.0,187,31,6.032258064516129
1,12,11,3,1,5,2,0,0,0,2,2,1,0,1,0,0,0,2.0,509,100,5.09
1,2,2,0,0,1,4,0,1,1,0,2,0,0,1,0,1,0,1.0,142,26,5.461538461538462
1,72,2,0,0,2,2,0,1,1,2,2,2,0,1,0,0,0,5.0,638,120,5.316666666666666
1,18,2,4,1,0,6,2,1,0,2,2,2,0,1,0,0,0,10.0,214,42,5.095238095238095
0,12,1,6,0,6,2,0,1,2,0,0,0,0,1,0,2,0,5.0,211,33,6.393939393939394
1,2,2,0,1,0,1,0,1,0,0,0,0,0,1,0,1,0,1.0,189,35,5.4
1,2,2,3,1,5,2,0,1,0,0,0,0,0,1,0,0,0,2.0,177,36,4.916666666666667
1,3,2,0,0,1,4,0,0,2,1,1,1,0,1,0,0,0,1.0,159,31,5.129032258064516
1,2,2,3,0,0,2,0,1,0,0,0,0,0,1,0,0,0,3.0,369,76,4.855263157894737
0,2,3,9,2,1,6,1,1,0,0,0,0,0,3,0,0,0,5.0,126,22,5.7272727272727275
0,48,3,0,2,0,0,0,1,0,0,0,0,0,5,0,0,0,4.0,37,8,4.625
1,2,5,3,1,0,1,0,1,2,0,0,0,0,2,0,2,0,1.0,292,54,5.407407407407407
0,7,7,0,1,0,2,0,1,2,0,0,0,0,1,0,1,0,5.0,669,133,5.030075187969925
0,12,1,0,0,1,0,0,2,1,2,2,0,0,2,0,0,0,6.0,242,50,4.84
1,12,2,0,1,5,2,0,1,0,0,0,0,0,1,0,1,0,4.0,983,188,5.2287234042553195
1,2,2,3,1,0,1,2,1,1,0,0,0,0,3,0,0,0,3.0,227,39,5.82051282051282
1,36,2,0,0,1,4,1,1,1,2,2,2,0,1,0,2,0,4.0,901,176,5.119318181818182
0,4,3,0,2,1,3,1,0,0,0,0,0,0,2,0,1,0,4.0,29,4,7.25
1,9,2,33,1,0,1,1,1,1,2,2,2,0,1,0,0,0,7.0,1381,246,5.6138211382113825
0,2,4,57,2,1,3,1,0,1,2,2,0,0,3,0,1,0,4.0,870,166,5.240963855421687
1,12,2,11,1,5,2,0,1,0,1,1,2,0,1,0,0,0,2.0,457,88,5.193181818181818
1,36,9,0,1,1,0,0,0,2,2,2,2,0,1,0,2,0,1.0,1533,296,5.179054054054054
1,1,2,0,1,1,0,0,1,0,1,1,0,0,1,0,0,0,3.0,117,19,6.157894736842105
0,12,10,0,0,1,4,0,2,0,0,2,0,1,1,0,0,0,3.0,169,26,6.5
0,3,3,0,2,1,0,0,0,0,0,0,0,0,4,0,0,0,4.0,760,120,6.333333333333333
1,1,2,0,1,0,1,0,1,0,0,0,0,0,1,20,3,0,1.0,122,21,5.809523809523809
0,4,4,0,2,0,2,0,0,2,0,0,0,0,2,50,0,0,4.0,179,29,6.172413793103448
1,15,72,0,1,5,2,0,2,1,2,2,1,0,1,150,0,0,2.0,717,139,5.158273381294964
0,18,4,0,1,0,2,0,2,2,2,2,0,0,1,300,0,0,2.0,295,49,6.020408163265306
1,4,2,0,1,1,2,0,1,0,2,2,0,0,1,0,0,0,2.0,428,86,4.976744186046512
1,2,2,0,1,2,2,0,1,0,0,0,0,0,1,0,1,0,1.0,257,47,5.468085106382978
0,2,36,0,0,3,0,0,0,1,0,2,0,0,1,0,0,0,5.0,394,85,4.635294117647059
1,2,2,0,1,0,1,0,1,1,0,0,0,0,1,20,3,0,1.0,142,25,5.68
0,3,3,6,0,0,0,0,0,0,2,2,0,0,1,30,0,0,4.0,144,29,4.9655172413793105
0,4,3,0,0,0,2,0,0,0,0,2,0,0,1,0,3,0,4.0,127,28,4.535714285714286
1,60,2,0,1,1,0,0,1,1,2,2,2,0,1,0,9,0,4.0,1313,261,5.030651340996169
1,24,5,75,0,0,1,1,1,2,2,2,2,0,2,200,1,0,1.0,267,45,5.933333333333334
0,2,3,0,0,1,2,0,0,0,0,0,0,0,1,20,0,0,2.0,27,7,3.857142857142857
1,10,2,0,0,0,2,0,1,0,2,2,2,0,1,0,1,0,6.0,29,6,4.833333333333333
1,76,2,0,0,1,4,1,1,0,2,2,2,0,1,0,1,0,1.0,394,72,5.472222222222222
0,1,0,0,2,1,4,1,0,0,0,0,0,1,4,0,0,0,1.0,729,142,5.133802816901408
1,84,16,0,0,0,1,1,1,0,2,2,2,0,1,0,3,0,2.0,74,16,4.625
0,3,115,0,0,0,0,0,1,0,2,2,0,0,2,0,0,0,4.0,691,138,5.007246376811594
0,2,3,9,2,0,1,5,1,0,0,0,0,0,3,0,0,0,1.0,204,36,5.666666666666667
1,1,2,3,2,0,1,1,0,0,0,0,0,0,6,0,0,0,5.0,217,42,5.166666666666667
1,1,2,0,1,0,1,0,1,0,0,2,0,0,1,0,8,0,2.0,683,135,5.059259259259259
0,24,36,8,1,3,2,0,2,1,1,2,2,0,1,150,1,0,1.0,133,28,4.75
0,2,1,0,1,0,5,1,1,1,0,0,0,0,1,100,0,0,4.0,247,46,5.369565217391305
1,2,2,0,0,1,2,0,1,0,2,2,0,0,1,0,0,0,3.0,243,52,4.673076923076923
1,2,2,0,0,1,4,0,1,1,2,2,0,0,1,0,0,0,4.0,392,77,5.090909090909091
0,1,3,0,2,3,2,0,0,0,0,2,0,0,2,0,2,0,5.0,110,23,4.782608695652174
0,3,7,9,1,0,6,1,1,1,0,0,0,0,1,50,0,0,5.0,677,122,5.549180327868853
1,1,2,0,1,2,2,0,0,0,0,0,0,0,1,0,0,0,1.0,109,21,5.190476190476191
0,4,3,0,1,0,0,0,0,0,0,2,0,0,1,0,3,0,3.0,126,28,4.5
1,24,19,0,1,0,1,2,1,2,2,2,1,0,1,0,5,0,0.0,40,6,6.666666666666667
0,36,3,0,1,1,4,1,2,0,2,2,2,0,1,0,0,0,2.0,267,54,4.944444444444445
1,2,2,0,1,1,2,0,1,0,2,2,0,0,1,0,0,1,5.0,296,60,4.933333333333334
0,2,3,9,0,0,0,0,0,0,0,0,1,0,2,0,1,0,5.0,944,179,5.273743016759776
1,17,8,0,0,0,2,0,1,0,2,2,0,0,1,0,0,0,0.0,121,24,5.041666666666667
1,36,2,3,1,0,2,0,2,0,2,2,0,0,1,0,6,0,4.0,914,180,5.0777777777777775
1,1,2,0,1,1,2,0,1,0,2,2,2,0,1,0,0,0,1.0,206,42,4.904761904761905
1,8,2,0,1,3,2,0,1,0,2,2,2,0,1,0,5,0,2.0,890,171,5.204678362573099
0,3,4,9,2,6,4,1,1,1,0,0,0,0,4,0,1,0,5.0,130,22,5.909090909090909
1,24,2,0,0,2,2,0,1,1,1,1,1,0,1,0,0,0,2.0,115,24,4.791666666666667
1,3,2,0,1,0,1,2,2,0,1,1,0,0,2,0,1,0,2.0,576,109,5.284403669724771
1,1,2,0,1,2,2,0,1,0,0,2,0,0,1,0,0,0,1.0,537,98,5.479591836734694
0,1,85,0,0,0,1,1,1,1,0,0,0,1,1,0,0,0,3.0,61,13,4.6923076923076925
1,12,2,0,0,0,1,1,1,1,2,2,2,0,1,0,5,0,6.0,1540,270,5.703703703703703
1,21,63,0,0,0,1,2,0,0,0,0,0,0,1,500,0,0,1.0,153,26,5.884615384615385
1,36,19,0,0,5,2,0,0,0,2,2,0,0,1,0,1,0,1.0,39,8,4.875
1,2,23,3,1,0,1,0,1,1,1,1,0,0,1,0,0,0,3.0,132,22,6.0
0,1,3,0,0,0,4,0,0,0,0,2,0,0,1,0,0,0,4.0,544,100,5.44
1,48,34,0,1,2,2,0,0,1,2,2,2,0,1,250,0,0,4.0,358,69,5.188405797101449
1,120,2,3,1,1,2,0,1,1,0,0,2,0,1,0,6,0,1.0,251,51,4.921568627450981
1,6,20,0,0,4,2,0,2,2,2,2,0,0,1,0,0,0,1.0,160,22,7.2727272727272725
0,6,0,0,2,3,0,0,0,0,0,2,0,0,2,0,5,0,1.0,444,82,5.414634146341464
1,4,2,3,0,1,0,0,1,1,2,2,0,0,1,0,0,0,2.0,12,2,6.0
0,7,7,9,2,1,0,0,1,1,2,2,0,0,2,250,1,0,16.0,17,3,5.666666666666667
1,3,2,0,1,0,2,0,1,0,0,2,0,0,1,0,0,0,3.0,74,14,5.285714285714286
0,24,3,0,0,3,0,0,1,0,0,0,2,0,1,0,0,0,1.0,25,5,5.0
0,1,3,8,2,0,3,1,0,0,0,0,0,0,3,0,5,0,4.0,102,20,5.1
0,14,3,0,1,0,1,0,1,0,0,0,2,0,1,0,1,0,3.0,89,17,5.235294117647059
1,48,63,2,0,0,1,2,0,0,2,2,0,0,1,0,0,0,3.0,48,7,6.857142857142857
1,84,48,2,0,0,1,1,0,0,2,2,0,0,2,0,0,0,11.0,1028,193,5.3264248704663215
0,15,1,0,1,5,2,0,1,1,0,2,0,0,1,0,2,0,1.0,61,10,6.1
1,1,2,0,2,1,4,1,1,0,0,0,0,0,7,0,0,0,15.0,227,42,5.404761904761905
1,1,2,0,2,1,4,1,1,1,0,0,0,0,3,0,0,0,4.0,193,34,5.676470588235294
1,2,2,3,1,0,0,0,1,1,0,2,0,0,1,0,0,0,4.0,12,2,6.0
1,60,34,0,1,2,0,0,0,1,1,1,2,0,1,250,0,0,3.0,181,36,5.027777777777778
1,2,2,0,0,5,2,0,0,0,2,2,0,0,1,0,0,0,3.0,91,16,5.6875
1,24,48,3,1,0,2,0,1,0,2,2,2,0,1,0,0,0,4.0,558,108,5.166666666666667
0,3,1,0,0,0,1,1,1,1,0,2,1,0,1,0,0,0,6.0,525,89,5.898876404494382
1,3,2,0,0,1,0,0,2,1,1,1,0,0,1,0,0,0,3.0,80,13,6.153846153846154
1,2,2,0,0,1,6,0,1,1,0,2,0,0,1,50,0,0,3.0,771,154,5.0064935064935066
0,8,3,9,1,3,0,0,1,0,2,2,0,0,1,0,0,0,5.0,108,20,5.4
1,2,2,0,1,0,1,0,1,1,2,2,0,0,1,0,2,0,1.0,243,45,5.4
0,2,3,0,0,0,3,1,0,1,2,2,0,0,1,0,0,0,4.0,612,119,5.142857142857143
1,3,2,0,1,1,0,0,0,0,2,2,0,1,1,0,1,0,2.0,246,47,5.23404255319149
1,2,2,0,1,1,2,0,1,0,0,0,0,0,1,0,0,0,1.0,168,33,5.090909090909091
1,1,2,0,0,1,4,0,1,0,0,0,0,0,2,0,1,0,2.0,9,2,4.5
1,1,2,3,1,1,2,0,1,1,2,2,0,0,1,0,0,0,2.0,12,2,6.0
1,3,2,0,1,0,1,0,1,0,0,0,0,0,1,0,0,1,13.0,940,184,5.108695652173913
1,1,2,0,1,0,2,0,0,0,0,0,0,0,2,0,0,0,1.0,299,63,4.746031746031746
0,1,3,6,1,2,2,0,1,0,0,0,0,0,1,0,1,0,1.0,245,52,4.711538461538462
1,2,2,3,1,1,0,0,1,0,2,2,1,0,1,50,0,0,3.0,195,38,5.131578947368421
0,2,1,0,2,4,0,0,0,1,0,2,0,0,5,0,0,0,6.0,344,65,5.292307692307692
0,11,1,0,0,1,5,1,1,1,0,2,0,0,1,0,1,0,2.0,118,25,4.72
0,3,4,0,0,3,0,0,1,2,2,2,0,0,1,0,1,0,4.0,12,2,6.0
0,2,3,0,0,0,1,0,0,0,2,2,1,0,1,0,1,0,1.0,23,4,5.75
1,2,2,0,0,1,6,1,1,0,2,2,0,0,1,0,0,0,4.0,195,40,4.875
1,3,2,0,2,0,1,1,1,0,2,2,2,0,4,0,2,0,3.0,327,60,5.45
0,4,3,0,2,0,2,0,1,0,0,0,0,0,2,0,0,0,3.0,450,84,5.357142857142857
0,2,1,0,1,0,0,0,0,1,0,0,0,0,2,0,1,0,4.0,367,64,5.734375
1,1,2,0,1,0,1,3,1,1,0,0,1,0,4,0,0,0,5.0,223,43,5.186046511627907
1,8,2,0,1,1,2,0,1,0,2,2,2,0,1,0,1,0,4.0,141,22,6.409090909090909
1,12,2,0,0,0,2,0,1,0,2,2,2,0,1,0,5,0,2.0,248,52,4.769230769230769
1,3,2,0,1,0,0,0,1,0,2,2,0,0,1,0,0,0,1.0,94,18,5.222222222222222
0,4,0,0,1,6,0,0,1,0,2,2,1,0,1,0,0,0,2.0,55,8,6.875
0,2,7,6,1,0,5,1,1,1,0,0,0,0,1,50,0,0,4.0,339,62,5.467741935483871
0,3,3,9,2,0,5,3,0,1,0,0,0,0,6,0,0,0,5.0,51,10,5.1
0,6,30,0,0,0,0,0,1,0,2,2,2,0,1,0,0,0,6.0,118,21,5.619047619047619
0,6,10,9,0,1,0,0,1,0,2,2,2,0,1,0,1,0,2.0,589,115,5.121739130434783
1,24,14,3,0,1,4,1,2,0,0,0,0,0,3,0,5,1,5.0,907,167,5.431137724550898
0,3,1,6,1,3,0,0,0,1,0,0,0,0,1,0,0,0,12.0,7,1,7.0
1,48,16,0,1,3,2,0,0,1,2,2,2,0,1,0,1,0,3.0,533,104,5.125
1,72,9,0,0,1,4,0,0,1,2,2,2,0,1,0,0,0,4.0,107,17,6.294117647058823
1,2,2,0,0,0,1,0,2,0,2,2,0,0,1,0,0,0,5.0,446,87,5.126436781609195
1,5,2,0,2,0,1,1,1,1,2,2,2,0,3,0,0,0,5.0,563,110,5.118181818181818
0,2,3,9,0,6,2,0,0,0,0,2,0,0,1,0,0,0,1.0,341,68,5.014705882352941
1,2,2,0,0,0,1,1,1,0,1,1,0,0,1,0,0,0,1.0,126,21,6.0
1,24,2,3,1,5,2,0,2,1,2,2,0,0,1,0,0,0,5.0,400,77,5.194805194805195
0,24,3,0,0,6,2,0,1,0,0,0,0,1,1,0,1,0,2.0,732,132,5.545454545454546
0,3,3,0,0,0,0,0,1,0,2,2,0,0,1,0,0,0,2.0,548,96,5.708333333333333
1,2,2,3,1,2,2,0,1,1,0,2,0,0,1,0,0,0,5.0,12,2,6.0
0,1,94,0,1,0,1,1,0,0,0,0,0,0,1,0,1,0,2.0,549,110,4.990909090909091
0,1,1,0,0,6,0,0,1,1,0,0,0,0,1,0,0,0,5.0,393,76,5.171052631578948
1,12,2,3,1,0,0,0,1,0,2,2,2,0,1,0,0,0,7.0,1171,217,5.3963133640553
1,3,57,3,0,0,1,1,1,0,2,2,1,0,1,0,0,0,1.0,61,10,6.1
0,2,3,9,0,6,2,0,1,0,2,2,0,0,1,0,3,0,3.0,199,35,5.685714285714286
0,132,3,0,0,2,0,0,1,0,2,2,2,0,1,0,0,0,2.0,736,138,5.333333333333333
1,3,2,0,1,1,0,0,1,0,0,0,0,1,1,100,0,0,3.0,296,58,5.103448275862069
1,24,2,3,1,1,0,0,1,1,2,2,2,0,1,0,0,0,10.0,455,80,5.6875
1,3,100,3,1,0,0,0,1,1,2,2,2,0,1,200,0,0,1.0,364,53,6.867924528301887
1,2,2,0,1,0,0,0,1,0,0,2,0,0,1,0,0,0,1.0,390,69,5.6521739130434785
1,1,2,0,1,1,4,0,1,1,0,0,0,0,1,0,3,0,2.0,244,46,5.304347826086956
1,2,2,0,2,0,1,0,1,0,1,1,1,0,2,0,0,0,1.0,28,5,5.6
0,2,3,0,2,0,1,1,0,0,1,1,1,1,4,0,8,0,1.0,36,6,6.0
1,4,2,0,1,0,1,0,0,1,2,2,0,0,1,0,0,0,2.0,88,14,6.285714285714286
1,48,19,0,1,3,2,0,0,1,2,2,2,0,1,300,1,0,0.0,505,96,5.260416666666667
0,3,129,47,0,1,6,0,0,0,1,1,1,0,1,0,1,0,1.0,47,7,6.714285714285714
1,3,2,87,1,0,1,0,1,0,1,1,1,0,1,0,0,0,6.0,405,75,5.4
0,4,1,0,1,0,3,1,1,1,2,2,2,0,2,0,1,0,19.0,401,77,5.207792207792208
0,2,3,0,0,0,3,0,0,0,0,0,0,0,1,0,0,1,4.0,63,10,6.3
1,24,34,0,0,2,2,0,0,1,2,2,2,0,1,250,0,0,5.0,414,84,4.928571428571429
1,1,2,0,0,0,1,5,1,0,0,0,1,0,6,1,1,0,4.0,24,5,4.8
0,2,3,0,0,5,2,0,1,0,0,0,0,0,2,0,1,0,1.0,170,32,5.3125
0,2,3,0,1,1,2,0,1,0,2,2,0,0,1,100,1,0,8.0,763,144,5.298611111111111
1,1,2,0,1,0,1,0,1,1,0,0,0,0,1,0,2,0,1.0,705,132,5.340909090909091
1,8,2,0,0,0,1,0,1,0,1,1,2,0,1,0,0,0,2.0,314,63,4.984126984126984
0,1,0,0,1,0,0,0,0,0,0,0,0,0,1,0,0,0,2.0,165,29,5.689655172413793
1,0,2,3,2,0,1,1,0,0,0,0,0,0,8,0,0,0,2.0,92,16,5.75
1,3,2,58,1,0,1,0,1,0,2,2,0,0,1,200,0,0,5.0,668,119,5.61344537815126
1,11,14,0,0,2,2,0,2,1,2,2,0,0,1,0,1,0,4.0,168,34,4.9411764705882355
1,12,2,0,1,1,0,0,0,0,2,2,2,0,2,0,3,0,4.0,213,40,5.325
1,2,5,51,1,2,2,0,1,1,2,2,1,0,1,250,1,0,5.0,402,65,6.184615384615385
1,3,23,3,1,0,1,0,1,1,1,1,0,0,1,0,0,0,3.0,122,21,5.809523809523809
0,2,3,0,1,0,0,0,1,0,2,1,1,0,1,5,5,0,3.0,230,46,5.0
1,24,100,0,0,0,0,0,1,2,1,1,2,0,1,0,1,0,3.0,334,63,5.301587301587301
1,0,2,0,2,0,1,1,0,0,0,0,2,0,8,0,2,1,2.0,201,35,5.742857142857143
1,72,14,0,1,0,2,0,2,1,1,1,2,0,1,0,0,0,2.0,282,54,5.222222222222222
0,3,10,1,0,1,4,0,1,1,0,0,0,0,1,80,0,0,4.0,335,63,5.317460317460317
1,4,48,3,1,0,1,0,1,0,2,2,2,0,1,0,2,0,11.0,360,58,6.206896551724138
0,5,31,0,1,0,0,0,1,0,2,2,2,0,1,0,0,0,6.0,396,71,5.577464788732394
1,12,2,0,0,4,4,0,1,0,2,2,2,0,1,0,0,0,1.0,160,30,5.333333333333333
1,4,2,0,0,1,2,0,1,1,2,2,0,0,1,0,0,0,1.0,44,8,5.5
1,3,2,0,1,1,4,1,1,1,2,2,0,0,1,0,0,0,22.0,347,53,6.547169811320755
1,2,2,0,2,0,1,1,1,0,0,0,0,0,4,0,0,0,5.0,67,12,5.583333333333333
1,1,2,0,1,0,1,0,1,0,0,2,0,0,1,0,3,0,4.0,149,20,7.45
0,5,3,0,0,4,0,0,0,0,0,0,0,0,1,0,0,0,3.0,219,41,5.341463414634147
0,12,4,0,1,0,1,5,1,1,1,1,1,0,1,0,0,0,3.0,338,66,5.121212121212121
1,7,2,90,0,0,4,0,1,1,2,2,2,0,1,0,2,0,6.0,1275,236,5.4025423728813555
0,2,4,1,2,0,0,0,0,2,0,0,0,0,3,0,5,0,1.0,420,84,5.0
1,36,2,0,1,3,2,0,1,0,2,2,2,0,1,50,0,0,5.0,1148,220,5.218181818181818
0,2,3,0,2,1,3,0,0,0,0,0,0,0,3,0,7,0,3.0,212,36,5.888888888888889
0,2,3,0,1,1,6,1,1,0,0,0,0,0,1,10,0,0,4.0,105,23,4.565217391304348
1,3,14,3,1,1,0,0,1,0,1,1,0,0,1,0,0,0,1.0,113,18,6.277777777777778
1,5,23,3,1,0,1,0,1,0,2,2,2,0,1,0,0,0,2.0,226,40,5.65
1,7,23,31,0,0,5,1,1,1,2,2,2,0,1,0,1,0,5.0,584,108,5.407407407407407
0,11,3,0,1,0,5,1,1,0,2,2,2,0,1,100,0,0,4.0,242,48,5.041666666666667
1,2,2,0,0,0,1,0,1,1,2,0,0,0,1,40,3,0,3.0,370,63,5.873015873015873
0,1,12,48,2,1,6,0,0,0,0,0,0,0,2,0,0,0,1.0,165,31,5.32258064516129
0,7,3,10,1,4,3,1,1,1,0,1,2,0,1,0,0,0,2.0,198,38,5.2105263157894735
1,11,28,0,1,0,1,1,1,0,2,2,1,0,1,0,0,0,2.0,50,11,4.545454545454546
1,3,2,3,1,0,0,0,1,0,2,2,0,0,1,0,2,0,1.0,170,33,5.151515151515151
1,2,2,0,1,3,2,0,1,0,0,0,0,0,1,0,0,0,2.0,645,122,5.286885245901639
0,24,10,0,1,6,3,1,2,0,2,2,2,0,1,0,1,0,2.0,44,7,6.285714285714286
1,1,2,0,0,0,0,0,1,0,0,0,0,0,1,20,3,0,1.0,141,25,5.64
0,7,0,0,1,1,6,4,1,0,1,1,0,0,1,0,3,0,2.0,301,54,5.574074074074074
1,2,2,0,1,1,4,0,1,0,0,0,0,0,1,0,0,0,2.0,446,80,5.575
0,3,3,0,1,0,0,0,1,0,1,2,0,0,1,0,1,0,5.0,56,13,4.3076923076923075
0,3,3,0,1,0,2,0,0,0,0,0,0,1,1,0,1,0,1.0,18,3,6.0
1,48,2,3,0,0,1,0,2,1,1,2,0,0,1,0,8,0,2.0,598,125,4.784
0,11,3,0,1,1,3,1,1,0,2,2,2,0,1,0,0,0,3.0,270,47,5.74468085106383
0,4,115,9,1,1,5,2,0,0,0,0,0,0,1,0,0,0,3.0,453,76,5.9605263157894735
0,6,17,0,0,0,2,0,1,1,0,0,0,0,1,0,0,0,1.0,113,24,4.708333333333333
0,2,3,0,0,4,5,0,0,0,0,2,0,0,1,30,0,0,4.0,489,90,5.433333333333334
0,1,3,0,1,1,2,0,2,0,0,2,0,0,1,0,0,0,4.0,181,38,4.7631578947368425
0,1,3,0,1,0,1,5,1,1,0,0,0,0,1,0,0,0,4.0,68,12,5.666666666666667
1,3,2,3,0,1,2,0,1,0,0,2,0,0,1,0,0,0,4.0,228,45,5.066666666666666
0,13,1,0,2,6,3,1,0,1,0,0,0,0,4,50,0,0,1.0,287,48,5.979166666666667
1,20,2,12,1,1,3,1,1,0,2,2,2,0,2,0,1,0,11.0,912,173,5.271676300578035
0,12,1,0,0,0,0,0,1,1,2,2,0,0,1,0,9,0,3.0,192,38,5.052631578947368
0,3,3,6,0,4,5,2,1,0,0,0,0,0,1,0,0,0,5.0,694,123,5.642276422764228
0,6,30,0,1,0,0,0,0,0,0,0,0,0,1,30,0,0,1.0,398,84,4.738095238095238
1,3,2,0,0,2,2,0,1,0,2,2,0,0,1,0,2,0,4.0,260,54,4.814814814814815
1,84,69,0,1,5,2,0,1,0,2,2,2,0,1,0,0,0,1.0,105,20,5.25
0,2,3,26,0,0,0,0,1,0,2,2,0,0,1,100,1,0,4.0,308,51,6.03921568627451
0,2,1,0,2,6,0,0,0,1,0,0,0,0,5,0,0,0,2.0,180,31,5.806451612903226
0,1,1,0,0,0,3,0,0,1,0,0,0,0,1,0,1,0,2.0,1458,263,5.5437262357414445
0,4,3,0,0,4,0,0,1,0,2,2,0,0,1,0,1,6,7.0,1099,205,5.360975609756098
1,24,2,0,0,1,2,0,0,1,2,2,0,0,1,0,0,0,5.0,116,21,5.523809523809524
1,12,2,0,1,2,2,0,0,0,2,0,0,0,1,0,1,0,2.0,511,95,5.378947368421053
1,2,2,0,2,1,0,0,1,1,0,0,0,0,3,0,0,0,3.0,205,41,5.0
0,4,3,48,1,1,3,1,0,0,0,2,0,0,1,0,1,0,4.0,48,7,6.857142857142857
1,3,2,0,1,0,1,2,1,1,2,2,0,0,1,0,0,1,5.0,329,67,4.91044776119403
1,2,2,0,1,0,1,1,1,1,0,0,0,0,1,0,3,0,2.0,180,26,6.923076923076923
0,2,3,0,0,0,0,0,1,1,2,2,0,0,2,0,7,0,9.0,616,123,5.008130081300813
1,27,2,0,1,1,5,1,1,0,2,2,0,0,1,0,1,0,7.0,445,89,5.0
1,12,2,0,1,1,4,1,1,1,1,1,1,1,1,0,9,0,3.0,255,51,5.0
1,1,2,0,1,0,1,0,1,0,2,2,0,0,1,0,0,0,10.0,430,75,5.733333333333333
1,7,2,0,1,0,1,1,0,0,2,0,2,0,4,0,0,0,21.0,697,127,5.488188976377953
1,2,2,3,1,6,2,0,1,0,0,2,0,0,2,0,5,0,4.0,569,90,6.322222222222222
0,3,3,9,1,0,5,1,1,0,0,2,0,0,1,0,0,0,5.0,333,60,5.55
1,2,2,7,1,0,6,0,1,1,2,2,0,0,1,0,0,0,2.0,397,76,5.223684210526316
1,12,2,0,1,0,5,1,1,0,2,2,2,0,1,0,1,0,2.0,240,47,5.1063829787234045
0,11,4,0,0,0,0,0,1,0,0,0,0,0,1,50,0,0,2.0,374,76,4.921052631578948
1,2,2,0,2,0,2,0,1,0,2,2,0,0,2,0,0,0,8.0,488,92,5.304347826086956
0,2,3,0,1,3,2,0,1,1,0,2,0,0,1,0,1,0,19.0,103,17,6.0588235294117645
1,1,5,3,1,1,0,0,1,0,2,2,0,0,1,0,0,0,7.0,164,27,6.074074074074074
1,2,2,0,2,0,1,1,1,0,0,0,0,0,6,0,0,0,5.0,310,56,5.535714285714286
1,1,2,3,2,0,1,0,0,0,0,0,1,1,2,0,1,0,5.0,556,103,5.398058252427185
1,8,5,3,1,0,1,1,1,1,2,2,0,0,1,0,0,0,7.0,2110,387,5.452196382428941
1,1,2,0,2,0,1,1,1,0,1,1,0,0,8,0,0,0,8.0,132,19,6.947368421052632
0,2,0,9,0,3,2,0,1,1,0,0,0,0,1,25,0,0,5.0,174,33,5.2727272727272725
1,61,136,93,1,1,6,0,2,2,2,2,2,0,1,0,0,0,2.0,175,25,7.0
0,6,3,0,1,0,0,0,1,0,0,0,0,0,1,0,0,0,3.0,304,54,5.62962962962963
0,1,3,0,1,0,0,0,0,0,0,0,0,0,1,0,0,0,4.0,396,77,5.142857142857143
0,24,7,0,1,0,0,0,0,2,1,0,1,0,1,0,1,0,1.0,662,116,5.706896551724138
1,2,15,3,2,0,2,0,1,0,0,2,0,0,3,200,1,0,3.0,475,93,5.10752688172043
0,2,3,0,0,1,5,0,1,1,0,0,0,0,1,0,0,0,3.0,219,38,5.7631578947368425
1,2,2,0,2,1,6,4,2,0,1,1,0,0,5,0,1,0,3.0,279,53,5.264150943396227
1,2,2,0,0,1,0,0,1,0,0,0,0,0,1,0,3,0,1.0,107,22,4.863636363636363
1,1,2,0,0,0,1,0,1,0,1,1,0,0,1,0,0,0,2.0,99,20,4.95
0,12,3,0,1,0,3,1,1,0,2,2,0,0,3,0,1,0,2.0,150,24,6.25
0,3,82,0,0,0,0,0,0,1,0,0,0,0,1,0,0,0,2.0,364,67,5.432835820895522
0,3,26,0,1,0,5,1,1,1,0,2,0,0,1,80,1,0,5.0,799,156,5.121794871794871
0,2,3,9,2,0,3,0,0,0,0,0,0,0,3,0,7,0,3.0,119,22,5.409090909090909
1,8,19,28,1,2,2,0,1,1,2,2,2,0,1,0,0,0,5.0,342,61,5.60655737704918
1,18,34,0,1,1,2,0,0,2,1,2,1,0,1,0,0,0,1.0,484,95,5.094736842105263
1,4,2,0,1,1,2,0,1,1,2,2,0,0,1,0,0,0,1.0,157,26,6.038461538461538
0,6,3,0,0,0,0,0,1,0,2,2,1,0,1,0,1,0,6.0,51,10,5.1
1,3,2,0,1,0,5,0,2,0,1,2,1,0,2,0,0,0,1.0,122,21,5.809523809523809
0,1,3,0,2,0,0,0,1,0,0,0,0,0,4,0,0,0,0.0,132,20,6.6
0,10,3,0,1,1,6,1,0,0,2,2,0,0,1,0,1,0,4.0,187,40,4.675
1,12,53,0,1,4,0,0,0,1,2,2,0,0,1,0,3,0,3.0,748,137,5.45985401459854
0,6,10,10,0,1,0,0,1,2,0,0,0,0,1,0,0,0,1.0,18,4,4.5
0,1,3,0,1,0,1,5,0,0,0,2,0,0,1,0,0,0,4.0,1498,315,4.7555555555555555
1,24,63,0,1,0,1,0,0,0,2,2,2,0,1,0,1,0,5.0,418,71,5.887323943661972
0,3,26,6,1,0,1,1,0,1,0,2,0,0,1,0,1,0,3.0,1200,226,5.3097345132743365
1,60,34,0,1,5,2,0,0,1,2,2,1,0,1,1,5,0,1.0,238,45,5.288888888888889
1,3,2,0,0,0,2,0,1,1,1,1,1,0,1,0,0,2,1.0,357,73,4.890410958904109
0,4,10,26,1,3,0,0,1,0,2,2,0,0,2,0,0,0,4.0,373,74,5.04054054054054
0,2,24,0,1,0,1,5,0,1,2,2,1,0,1,20,0,0,9.0,485,84,5.773809523809524
0,2,94,26,2,0,3,1,0,0,0,0,0,0,5,0,0,0,5.0,122,22,5.545454545454546
1,2,2,7,2,0,1,1,1,0,0,0,0,0,3,0,0,0,5.0,588,111,5.297297297297297
1,8,2,0,1,5,2,0,1,2,2,2,2,0,1,0,6,0,4.0,97,20,4.85
0,2,3,0,2,6,3,1,1,1,0,2,0,0,2,0,0,0,4.0,932,175,5.325714285714286
0,2,59,0,1,1,3,1,1,2,2,2,0,0,1,400,0,1,11.0,1363,241,5.655601659751038
0,4,1,0,0,2,2,0,1,0,0,0,1,0,3,0,0,0,2.0,26,1,26.0
1,3,2,3,1,0,1,1,1,0,0,0,0,0,2,0,0,0,2.0,22,4,5.5
0,12,1,0,0,3,2,0,1,1,2,2,2,0,1,0,1,0,2.0,430,90,4.777777777777778
0,4,0,0,0,6,0,0,0,1,2,2,0,0,1,0,1,0,7.0,371,62,5.983870967741935
1,5,2,3,0,0,0,0,2,1,2,2,2,0,1,0,0,2,6.0,572,104,5.5
1,12,14,0,1,2,2,0,2,1,2,2,2,0,2,0,0,0,2.0,102,15,6.8
0,3,3,5,1,0,0,0,0,0,2,0,0,0,1,1,3,0,0.0,20,3,6.666666666666667
1,4,2,0,1,0,2,0,1,0,1,1,1,0,1,0,0,0,2.0,88,16,5.5
0,12,0,0,0,4,0,0,1,0,1,2,0,0,1,0,1,0,1.0,162,28,5.785714285714286
1,1,2,0,1,1,2,0,1,1,0,2,0,0,1,0,1,0,16.0,106,21,5.0476190476190474
0,13,4,10,1,0,6,1,1,2,2,2,0,0,1,0,0,0,4.0,126,23,5.478260869565218
0,2,7,0,0,3,2,0,2,2,0,0,0,0,1,500,3,0,2.0,322,54,5.962962962962963
1,48,19,0,0,2,0,0,0,1,2,2,2,1,1,100,1,0,2.0,138,23,6.0
0,2,10,9,2,5,2,0,0,0,0,0,0,0,2,0,9,0,1.0,24,4,6.0
0,4,1,0,0,0,1,2,0,1,1,1,1,0,1,0,0,0,2.0,900,178,5.056179775280899
0,2,1,0,1,0,1,0,1,1,0,0,0,0,1,0,0,0,8.0,1994,378,5.275132275132275
0,6,3,9,2,0,1,1,1,0,2,2,2,0,4,0,0,0,15.0,40,6,6.666666666666667
0,1,64,9,1,2,3,1,1,0,0,2,0,0,1,0,0,0,5.0,960,165,5.818181818181818
0,2,26,48,2,0,3,1,2,1,0,2,0,0,3,0,1,0,4.0,412,77,5.35064935064935
1,3,2,0,2,2,2,0,1,1,2,2,0,0,2,0,1,0,4.0,256,46,5.565217391304348
1,3,2,0,1,0,0,0,1,0,0,2,0,0,1,50,3,0,4.0,316,59,5.3559322033898304
1,2,2,0,0,0,2,0,2,0,0,0,0,0,1,0,0,0,3.0,533,111,4.801801801801802
1,12,2,0,1,5,2,0,2,0,1,1,1,0,1,0,1,0,3.0,37,6,6.166666666666667
0,6,3,0,0,2,2,0,1,0,2,2,0,0,1,0,0,0,4.0,16,3,5.333333333333333
1,24,2,3,1,2,0,0,1,1,2,2,2,0,1,0,1,0,2.0,469,83,5.650602409638554
1,60,2,0,1,0,2,0,1,1,2,2,2,0,1,0,0,0,11.0,471,95,4.957894736842105
1,1,2,0,1,0,1,5,0,1,0,0,0,0,1,0,0,0,4.0,40,7,5.714285714285714
0,13,10,0,1,3,2,0,1,0,2,0,0,0,1,0,0,0,0.0,65,14,4.642857142857143
1,60,20,0,1,4,2,0,2,2,2,2,0,0,1,0,0,0,1.0,186,33,5.636363636363637
1,84,125,64,0,0,2,0,2,2,2,2,0,0,1,0,1,0,4.0,349,51,6.8431372549019605
1,24,44,3,0,0,1,2,1,0,1,1,1,0,1,0,0,0,1.0,931,185,5.032432432432432
0,1,1,0,1,5,2,0,0,1,0,0,0,0,1,0,1,0,2.0,23,4,5.75
0,2,3,6,0,0,0,0,0,0,0,0,2,0,1,0,0,0,4.0,226,46,4.913043478260869
1,9,2,0,1,0,1,0,1,0,2,1,2,0,1,0,1,0,1.0,911,176,5.176136363636363
0,2,3,0,1,0,1,1,0,0,0,0,0,0,3,0,1,0,3.0,17,3,5.666666666666667
0,9,3,0,1,0,2,0,1,0,0,0,0,0,1,0,0,0,5.0,268,40,6.7
1,36,9,2,1,0,3,1,0,2,2,2,1,0,1,0,7,0,4.0,161,30,5.366666666666666
1,2,2,0,0,1,4,0,1,0,0,0,0,0,1,0,0,0,3.0,363,63,5.761904761904762
0,3,3,0,0,0,0,0,1,0,0,2,0,0,1,0,0,0,6.0,398,82,4.853658536585366
1,2,5,0,2,0,1,1,1,0,0,0,0,0,2,0,0,0,3.0,154,29,5.310344827586207
0,1,12,0,2,0,1,0,0,0,0,0,0,0,3,0,0,0,3.0,300,59,5.084745762711864
0,4,4,0,0,6,2,0,0,2,1,1,1,0,1,0,1,0,3.0,19,4,4.75
0,3,3,0,1,0,2,0,2,1,0,0,1,0,1,0,0,0,2.0,110,22,5.0
0,24,4,0,1,1,2,0,1,2,2,2,2,0,1,150,5,0,1.0,211,36,5.861111111111111
1,30,34,0,0,1,2,0,0,1,2,2,2,1,1,200,0,0,5.0,1376,255,5.396078431372549
0,15,7,6,0,1,4,1,2,1,2,2,2,0,1,0,0,0,1.0,554,107,5.177570093457944
1,3,2,0,2,0,1,1,1,0,0,2,0,0,4,0,0,0,6.0,292,52,5.615384615384615
1,2,2,3,1,0,2,0,1,1,2,2,0,0,1,0,1,0,3.0,279,47,5.9361702127659575
1,5,14,0,1,2,2,0,1,0,2,2,2,0,1,0,1,0,5.0,1101,228,4.828947368421052
0,5,4,0,1,3,2,0,1,1,0,2,0,1,1,100,3,0,6.0,331,70,4.728571428571429
0,15,120,0,1,0,1,1,0,1,0,0,0,0,1,0,0,0,5.0,206,44,4.681818181818182
1,2,2,0,1,0,2,0,1,0,0,0,0,0,1,0,0,0,1.0,112,22,5.090909090909091
0,48,3,0,1,1,4,1,2,0,2,2,1,0,1,0,1,0,1.0,301,66,4.5606060606060606
1,2,2,0,0,0,0,0,1,1,0,2,0,0,1,0,3,0,3.0,178,25,7.12
1,24,5,3,1,0,1,1,1,0,2,2,2,0,1,0,0,0,7.0,330,65,5.076923076923077
0,2,26,6,1,1,5,1,1,1,2,2,0,0,1,50,0,0,2.0,893,172,5.191860465116279
1,3,34,3,0,0,2,0,2,1,1,2,0,0,1,0,0,0,1.0,1435,292,4.914383561643835
1,8,2,0,0,0,1,2,1,1,2,2,2,0,2,0,0,0,1.0,315,61,5.163934426229508
1,1,2,0,1,0,0,0,1,1,0,0,0,0,1,0,0,0,5.0,410,75,5.466666666666667
1,3,2,0,1,0,1,0,1,0,0,0,0,0,2,0,0,0,2.0,120,23,5.217391304347826
1,2,2,0,1,5,2,0,1,0,0,0,0,0,1,20,3,0,1.0,141,25,5.64
1,2,2,3,1,1,3,0,1,0,2,2,0,0,2,0,0,0,2.0,340,50,6.8
0,2,1,0,2,0,3,0,1,1,0,0,0,0,4,0,0,0,3.0,396,78,5.076923076923077
0,4,3,0,0,0,5,1,1,1,0,0,0,0,1,0,1,0,5.0,205,44,4.659090909090909
1,4,2,3,1,1,0,0,1,1,0,2,0,0,1,0,1,0,7.0,138,20,6.9
0,1,3,0,1,6,0,0,0,0,0,0,0,1,1,1,0,0,16.0,1016,190,5.347368421052631
0,2,1,0,1,0,5,1,0,1,0,0,0,0,1,0,0,0,1.0,182,35,5.2
0,1,0,0,0,4,2,0,2,0,0,0,0,0,1,0,0,0,12.0,755,148,5.101351351351352
0,4,31,16,0,0,0,0,2,0,2,2,0,0,1,0,1,0,5.0,623,114,5.464912280701754
0,1,3,0,0,0,3,1,0,0,0,0,0,0,1,0,1,0,0.0,347,67,5.17910447761194
1,2,2,3,0,1,2,0,1,1,2,2,0,0,1,0,0,0,1.0,12,2,6.0
0,2,3,44,1,0,1,1,0,0,0,2,0,0,1,100,0,0,10.0,1022,191,5.350785340314136
0,12,36,0,0,1,2,0,1,1,2,2,0,0,1,350,0,0,4.0,363,67,5.417910447761194
0,8,1,9,0,6,4,1,1,0,0,2,0,0,10,0,1,0,4.0,173,33,5.242424242424242
1,12,5,0,1,2,2,0,0,0,1,1,1,0,1,0,1,0,5.0,352,66,5.333333333333333
0,6,3,0,1,0,1,0,1,0,2,2,2,0,1,100,1,0,1.0,64,7,9.142857142857142
1,1,2,0,0,1,6,2,1,1,0,2,0,0,1,0,0,0,5.0,259,29,8.931034482758621
1,6,11,3,1,1,0,0,1,1,2,2,2,0,1,0,0,0,3.0,354,68,5.205882352941177
1,1,2,0,2,0,1,0,1,0,0,0,2,0,7,20,0,0,1.0,31,7,4.428571428571429
1,6,2,0,1,1,2,0,0,0,2,2,0,0,1,0,0,0,2.0,71,15,4.733333333333333
1,2,2,0,0,1,2,0,1,0,2,2,0,0,1,0,0,0,3.0,377,76,4.9605263157894735
1,2,2,0,1,1,2,0,1,0,0,0,0,0,1,20,3,0,1.0,117,20,5.85
0,3,3,0,0,0,6,1,1,0,0,2,0,0,4,0,0,0,15.0,425,61,6.967213114754099
1,2,2,3,1,1,2,0,0,0,1,1,1,0,1,0,0,0,2.0,20,3,6.666666666666667
0,5,3,0,2,0,0,0,0,0,0,2,0,0,4,0,1,0,3.0,270,56,4.821428571428571
0,2,1,0,1,0,4,1,1,1,0,0,0,0,1,0,0,0,2.0,132,23,5.739130434782608
0,4,81,0,1,0,5,2,1,0,0,0,0,1,1,0,0,0,3.0,764,162,4.716049382716049
1,22,20,0,0,4,2,0,2,2,2,2,0,0,1,0,0,0,1.0,376,72,5.222222222222222
1,2,2,0,0,0,0,0,1,1,2,2,0,0,1,0,1,0,3.0,334,66,5.0606060606060606
0,1,10,9,1,1,4,0,1,0,0,0,0,0,1,0,3,0,1.0,60,8,7.5
1,2,2,0,1,0,1,1,1,0,0,2,0,0,1,0,0,3,5.0,344,63,5.4603174603174605
1,2,2,0,1,0,1,0,1,0,1,1,0,0,1,0,0,0,5.0,103,17,6.0588235294117645
1,24,2,0,0,1,0,0,1,1,2,2,2,0,1,50,3,0,5.0,346,60,5.766666666666667
0,2,3,0,0,0,1,2,0,0,2,2,0,0,2,0,0,0,2.0,273,52,5.25
0,3,3,0,1,0,1,1,1,0,0,0,0,0,1,15,0,0,2.0,214,48,4.458333333333333
0,2,29,9,0,5,2,0,0,0,0,0,0,0,1,50,0,0,2.0,163,25,6.52
1,2,2,0,1,1,2,0,2,1,2,2,0,0,1,0,0,0,11.0,439,88,4.988636363636363
0,3,3,0,1,1,0,0,0,0,0,2,0,0,1,0,0,0,2.0,68,12,5.666666666666667
0,1,1,0,1,0,3,1,0,0,0,0,0,0,1,0,1,0,11.0,584,120,4.866666666666666
1,3,2,0,2,0,1,0,0,0,0,0,0,0,14,0,1,0,0.0,4,1,4.0
1,2,2,51,1,0,1,0,1,0,2,2,0,0,1,0,3,0,6.0,236,39,6.051282051282051
0,14,7,0,1,3,2,0,1,1,2,2,0,0,1,0,10,0,9.0,37,6,6.166666666666667
0,12,3,0,1,0,2,0,0,0,2,2,2,0,1,100,1,0,3.0,227,34,6.676470588235294
0,1,30,0,0,2,2,0,0,0,0,0,0,0,1,0,0,0,1.0,48,9,5.333333333333333
1,42,34,3,0,2,2,0,0,1,2,2,2,0,1,200,0,0,3.0,364,53,6.867924528301887
0,7,10,0,0,5,2,0,2,1,0,2,1,0,1,0,0,0,1.0,98,17,5.764705882352941
0,1,3,0,0,0,2,0,0,0,0,0,0,0,1,0,1,0,4.0,216,46,4.695652173913044
0,7,3,0,1,0,0,0,1,0,1,1,0,0,1,0,0,0,3.0,33,5,6.6
0,8,3,0,2,4,2,0,1,0,1,1,1,0,2,0,5,0,5.0,85,15,5.666666666666667
0,3,3,0,1,6,0,0,1,0,2,2,0,0,2,0,0,0,5.0,77,14,5.5
1,2,2,0,1,0,1,0,1,1,2,2,0,0,1,0,0,0,7.0,135,22,6.136363636363637
0,5,3,0,1,6,0,0,1,0,0,2,0,0,1,0,1,0,3.0,1132,214,5.289719626168225
1,2,14,3,1,0,6,4,2,0,0,0,0,0,1,0,8,5,7.0,172,34,5.0588235294117645
0,1,56,0,2,0,4,1,1,0,0,0,0,0,6,0,0,0,2.0,398,80,4.975
0,2,1,0,0,3,2,0,0,1,0,0,0,0,1,0,0,0,3.0,268,51,5.254901960784314
0,4,3,0,2,1,6,1,0,0,0,2,0,0,5,0,0,0,9.0,363,60,6.05
0,1,3,0,0,3,0,0,1,0,2,2,0,0,1,0,5,0,2.0,365,74,4.9324324324324325
1,1,2,0,0,1,2,0,1,0,0,2,0,0,1,0,1,0,11.0,294,57,5.157894736842105
1,2,2,0,1,0,5,0,1,1,0,2,0,0,1,0,1,0,3.0,344,60,5.733333333333333
0,1,3,0,0,6,0,0,1,1,0,0,0,0,2,0,0,0,4.0,6,1,6.0
1,1,2,0,0,0,1,0,1,1,2,1,0,0,1,0,0,0,1.0,85,16,5.3125
0,3,1,0,1,3,0,0,0,1,1,1,1,0,1,0,0,0,2.0,107,20,5.35
0,5,3,26,0,0,1,0,0,0,1,1,1,0,1,0,1,0,5.0,350,70,5.0
0,2,78,9,1,1,5,1,1,0,0,2,0,0,1,0,0,0,3.0,582,104,5.596153846153846
0,4,1,6,1,0,1,3,1,0,0,0,0,0,2,0,5,0,0.0,622,125,4.976
1,1,2,0,1,0,1,0,1,0,0,0,0,0,1,0,0,0,4.0,386,81,4.765432098765432
1,1,2,0,1,0,1,1,1,0,1,2,0,0,2,0,0,0,6.0,153,27,5.666666666666667
0,3,3,0,0,0,2,0,1,0,2,2,0,0,1,0,0,0,6.0,485,86,5.6395348837209305
1,122,9,0,0,1,0,0,0,0,2,2,0,0,1,0,0,0,2.0,85,15,5.666666666666667
0,2,0,0,0,0,4,3,0,0,0,0,0,0,1,0,0,0,4.0,81,15,5.4
0,48,3,0,0,4,0,0,1,1,0,0,0,0,1,0,0,0,3.0,540,100,5.4
1,2,2,0,0,0,1,1,1,1,0,0,0,0,2,0,3,0,3.0,39,7,5.571428571428571
1,10,2,0,1,0,5,0,0,0,2,2,2,0,1,0,0,0,1.0,59,12,4.916666666666667
1,2,2,0,2,0,1,1,1,0,0,0,0,0,7,0,0,0,3.0,335,55,6.090909090909091
1,50,20,0,0,4,2,0,2,2,2,2,0,0,1,0,0,0,3.0,819,165,4.963636363636364
0,2,1,0,0,0,0,0,1,1,0,2,0,0,1,0,0,1,2.0,364,69,5.27536231884058
1,24,101,0,2,1,2,0,2,0,1,1,1,0,2,0,1,0,2.0,245,45,5.444444444444445
1,48,2,0,1,1,0,0,1,1,2,2,1,0,1,0,3,0,2.0,520,85,6.117647058823529
1,2,2,0,2,0,2,0,1,0,0,0,0,0,4,0,0,0,3.0,492,99,4.96969696969697
1,4,2,0,1,0,1,1,1,0,2,2,2,0,1,0,1,0,13.0,77,13,5.923076923076923
0,36,3,0,0,1,4,0,1,0,1,1,1,0,1,0,1,0,2.0,206,40,5.15
0,4,3,0,1,4,3,1,0,0,2,2,0,0,1,0,1,0,4.0,502,99,5.070707070707071
0,10,3,0,0,0,0,0,2,0,0,0,0,0,1,0,5,0,1.0,236,49,4.816326530612245
1,4,2,3,2,1,0,0,1,1,2,2,0,0,2,0,0,0,12.0,334,50,6.68
1,24,9,0,1,0,0,0,0,2,2,2,2,0,1,0,1,0,2.0,193,31,6.225806451612903
0,3,155,9,2,0,5,1,1,0,0,0,0,0,7,0,0,0,3.0,818,158,5.177215189873418
0,1,3,0,1,4,4,0,1,1,0,0,0,0,1,60,0,0,3.0,392,82,4.780487804878049
0,1,61,1,2,0,4,3,0,2,0,0,0,0,3,0,1,0,0.0,1070,216,4.953703703703703
1,36,9,2,0,1,4,0,0,2,2,2,2,0,2,0,3,0,3.0,171,34,5.029411764705882
0,0,3,0,2,0,5,1,0,0,0,0,0,0,4,100,0,0,0.0,190,34,5.588235294117647
1,62,28,0,0,0,1,1,0,0,2,2,2,0,1,0,0,0,7.0,218,33,6.606060606060606
1,24,34,0,0,2,0,0,0,0,1,1,0,0,1,0,0,0,1.0,144,30,4.8
1,3,2,0,1,0,4,0,1,0,1,1,1,0,1,0,3,1,17.0,432,76,5.684210526315789
1,1,2,0,2,1,4,1,1,0,1,1,1,0,3,100,3,0,3.0,197,36,5.472222222222222
0,2,3,0,1,4,2,0,1,0,0,0,0,0,1,0,0,0,3.0,56,10,5.6
0,24,1,0,2,0,1,0,0,1,0,0,0,0,6,0,1,0,5.0,117,24,4.875
1,24,34,3,1,2,2,0,0,1,1,2,2,0,1,300,0,0,2.0,8,1,8.0
1,4,2,0,1,0,1,1,1,0,2,2,0,0,1,0,0,0,4.0,47,6,7.833333333333333
1,1,2,0,1,0,1,2,1,0,0,0,0,0,2,0,3,0,2.0,37,8,4.625
0,6,3,0,0,5,2,0,1,0,2,2,0,0,1,0,0,0,1.0,226,47,4.808510638297872
1,24,9,0,0,3,0,0,0,2,2,2,2,0,1,0,1,0,2.0,217,38,5.7105263157894735
1,1,2,0,2,0,1,2,1,0,0,0,2,0,9,0,2,0,18.0,33,6,5.5
0,2,24,9,1,0,6,2,0,0,0,2,0,0,1,0,0,0,10.0,227,38,5.973684210526316
0,1,1,0,0,0,0,0,0,1,0,0,0,0,1,0,1,0,4.0,125,20,6.25
0,1,3,0,2,4,5,3,1,0,0,0,0,0,4,0,1,0,7.0,471,77,6.116883116883117
1,36,25,0,0,0,1,0,2,0,2,2,0,0,1,150,0,0,1.0,317,53,5.981132075471698
0,2,1,9,1,3,2,0,0,1,0,0,2,0,1,0,0,0,1.0,355,72,4.930555555555555
1,48,57,0,0,0,0,0,1,0,2,2,2,1,1,0,0,0,4.0,439,75,5.8533333333333335
0,1,108,0,1,3,0,0,0,1,1,1,1,1,1,1,0,0,3.0,225,40,5.625
1,3,5,3,0,1,0,0,1,0,0,0,0,0,1,0,0,0,2.0,276,50,5.52
0,1,7,8,0,5,2,0,0,1,0,0,0,0,1,108,5,0,2.0,104,19,5.473684210526316
1,2,2,3,0,1,4,1,1,1,1,1,0,0,1,0,0,0,4.0,273,55,4.963636363636364
1,72,28,0,1,1,5,1,1,1,2,2,1,0,1,0,1,0,0.0,417,77,5.415584415584416
0,2,3,0,1,4,3,1,0,0,1,1,1,0,1,0,1,0,5.0,1076,211,5.099526066350711
0,7,94,109,2,0,1,1,1,0,0,0,0,0,5,0,0,0,4.0,429,86,4.988372093023256
0,2,3,0,1,5,2,0,1,0,2,2,0,0,1,30,0,0,1.0,364,66,5.515151515151516
0,3,3,0,1,3,0,0,1,0,0,0,0,0,1,0,0,0,6.0,883,155,5.696774193548387
1,36,2,0,1,0,2,0,1,0,2,2,2,0,1,0,0,0,10.0,457,86,5.313953488372093
1,2,2,0,2,0,1,1,1,0,2,2,0,0,4,0,0,0,6.0,586,111,5.2792792792792795
1,4,2,0,1,5,2,0,1,0,2,2,0,0,1,0,0,0,12.0,1365,273,5.0
0,12,3,0,1,0,1,1,1,0,2,2,2,0,1,0,0,0,3.0,234,39,6.0
1,3,2,0,1,0,0,0,1,0,0,0,0,0,1,0,0,0,13.0,824,155,5.316129032258065
1,2,2,0,2,1,2,0,1,0,0,0,0,0,4,0,0,0,5.0,424,81,5.234567901234568
0,4,3,0,0,6,0,0,1,0,0,2,0,0,1,0,0,0,6.0,697,132,5.28030303030303
0,3,95,0,0,0,3,1,0,1,0,0,0,0,1,0,3,0,3.0,183,28,6.535714285714286
0,5,3,9,0,0,2,0,1,0,2,2,2,0,1,0,0,0,1.0,169,30,5.633333333333334
0,1,1,10,2,0,1,1,0,2,0,0,0,0,2,0,5,0,1.0,133,25,5.32
1,3,14,33,0,1,2,0,1,0,1,1,1,0,1,0,3,0,2.0,629,121,5.198347107438017
1,16,2,0,2,1,5,1,1,0,1,1,1,0,5,0,3,0,5.0,607,118,5.1440677966101696
1,3,2,0,1,0,2,0,1,0,0,0,0,0,1,0,0,0,2.0,352,71,4.957746478873239
0,24,1,0,1,3,2,0,1,1,0,2,0,0,1,0,0,1,4.0,635,122,5.204918032786885
1,2,2,7,0,0,0,0,1,0,0,0,0,0,1,0,0,0,7.0,324,57,5.684210526315789
0,15,3,23,1,0,1,1,0,0,2,2,2,0,1,0,0,0,1.0,823,155,5.309677419354839
1,32,34,0,0,2,2,0,0,1,2,2,0,0,1,200,0,0,5.0,3134,631,4.966719492868463
0,8,3,0,0,2,0,0,1,0,2,1,2,0,1,200,2,0,3.0,233,41,5.682926829268292
1,6,2,0,0,1,2,0,0,0,2,2,0,0,1,0,0,0,3.0,71,15,4.733333333333333
0,2,3,0,1,1,5,2,0,0,0,0,0,0,1,0,1,0,5.0,914,167,5.473053892215569
1,12,132,0,0,0,1,1,1,2,2,2,0,0,1,500,3,0,3.0,826,161,5.130434782608695
0,1,1,0,0,0,2,0,1,1,0,0,0,0,1,0,1,0,4.0,411,78,5.269230769230769
0,2,36,9,1,1,0,0,0,0,0,2,1,0,1,0,0,0,2.0,132,25,5.28
0,16,3,0,1,0,0,0,2,0,0,0,0,0,1,0,0,0,5.0,464,94,4.9361702127659575
0,12,3,0,0,3,0,0,1,0,2,2,2,0,1,0,0,0,5.0,279,58,4.810344827586207
1,72,41,3,0,0,1,0,1,1,0,0,0,0,1,0,0,0,5.0,432,85,5.08235294117647
1,1,2,0,0,1,0,0,1,1,0,0,0,0,1,0,3,0,2.0,103,15,6.866666666666666
0,1,22,113,1,1,2,0,0,0,0,2,0,0,1,0,0,0,3.0,274,55,4.9818181818181815
0,4,3,0,1,0,0,0,0,1,2,2,0,0,1,0,1,0,5.0,493,104,4.740384615384615
0,3,1,8,0,2,0,0,0,1,0,0,2,0,1,0,0,0,0.0,105,24,4.375
1,4,2,0,0,0,2,0,0,0,2,0,0,0,1,0,0,0,6.0,171,35,4.885714285714286
1,2,2,0,1,0,0,0,1,1,0,0,0,0,1,0,3,0,1.0,622,120,5.183333333333334
1,2,2,0,0,0,1,0,1,0,1,1,0,0,1,0,0,0,1.0,146,31,4.709677419354839
1,24,18,0,0,3,0,0,2,1,2,2,2,0,1,500,0,0,4.0,444,79,5.620253164556962
0,2,3,0,0,4,5,1,1,0,2,2,0,0,1,0,0,0,11.0,1174,244,4.811475409836065
1,1,2,0,0,0,0,0,1,0,0,0,0,0,1,0,0,0,8.0,409,74,5.527027027027027
0,60,122,0,1,1,6,3,1,2,2,2,0,0,1,0,5,0,11.0,476,91,5.230769230769231
1,5,2,0,2,0,1,0,1,0,1,1,1,0,2,100,1,0,2.0,17,2,8.5
1,1,2,0,0,0,5,0,1,0,1,1,0,0,1,0,0,0,1.0,76,13,5.846153846153846
1,1,2,0,2,0,0,0,1,1,1,1,1,0,2,100,3,0,1.0,228,43,5.3023255813953485
0,1,1,0,1,0,6,1,1,1,0,0,0,0,1,0,5,0,3.0,91,19,4.7894736842105265
1,72,9,0,0,1,3,1,0,2,2,2,2,0,1,150,1,0,11.0,154,23,6.695652173913044
0,4,3,0,1,4,2,0,0,0,2,2,0,0,1,0,0,0,2.0,210,40,5.25
0,2,3,0,2,0,3,0,1,0,0,0,0,0,3,0,0,0,3.0,20,4,5.0
1,18,2,3,1,0,1,4,2,0,2,2,2,0,4,0,3,0,3.0,574,114,5.035087719298246
1,2,2,0,0,0,1,0,0,1,0,0,0,0,2,0,0,0,5.0,598,116,5.155172413793103
0,1,1,0,0,6,4,0,1,1,0,0,0,0,1,0,0,0,9.0,229,50,4.58
1,1,2,3,1,0,1,0,1,1,1,0,1,0,1,0,1,0,3.0,449,94,4.776595744680851
1,24,53,28,2,1,0,0,0,1,2,2,2,1,4,385,0,0,5.0,472,86,5.488372093023256
1,60,34,0,1,1,2,0,0,1,2,2,2,0,1,200,0,2,7.0,278,56,4.964285714285714
0,36,3,0,1,5,2,0,1,0,2,2,2,0,1,50,0,0,3.0,216,37,5.837837837837838
1,1,2,0,1,2,2,0,1,0,2,2,0,0,1,0,0,0,4.0,239,39,6.128205128205129
1,0,2,0,1,1,2,0,1,1,0,0,0,0,1,0,0,0,5.0,253,53,4.773584905660377
1,3,2,0,0,4,2,0,1,1,2,2,1,0,1,0,6,0,1.0,103,19,5.421052631578948
1,24,69,3,0,2,2,0,2,2,2,2,0,0,1,0,0,0,4.0,427,89,4.797752808988764
1,6,28,3,0,1,4,0,0,0,0,2,0,0,1,0,0,0,2.0,407,81,5.0246913580246915
0,17,85,0,1,6,3,1,2,2,2,2,0,0,1,500,1,0,3.0,47,8,5.875
0,12,0,0,0,0,3,0,1,0,0,2,0,0,1,0,0,0,3.0,8,1,8.0
0,2,3,0,2,0,5,0,0,0,0,0,0,0,3,0,1,0,5.0,83,13,6.384615384615385
1,4,2,0,1,0,2,0,1,0,2,2,0,0,1,0,0,0,5.0,248,52,4.769230769230769
0,3,3,0,1,3,2,0,0,0,0,2,0,0,1,0,1,0,0.0,16,4,4.0
1,5,2,3,0,5,2,0,1,0,0,0,0,0,1,0,0,0,2.0,147,4,36.75
0,3,3,0,1,0,0,0,1,0,0,2,2,0,1,0,0,0,5.0,329,57,5.771929824561403
1,11,2,3,1,1,0,0,1,0,2,1,2,0,2,0,0,0,2.0,230,39,5.897435897435898
1,5,2,0,1,0,2,0,1,1,2,2,2,0,1,0,0,0,8.0,231,45,5.133333333333334
1,4,2,3,1,0,1,0,1,1,2,2,0,0,1,150,0,0,1.0,148,33,4.484848484848484
0,4,3,16,2,0,0,0,1,0,2,2,0,0,2,0,0,1,2.0,424,85,4.988235294117647
0,2,3,0,1,1,2,0,0,0,0,0,0,0,1,0,0,0,1.0,311,64,4.859375
1,4,5,3,1,0,1,1,1,1,2,2,2,0,1,0,1,0,8.0,164,31,5.290322580645161
1,1,2,35,0,0,2,0,2,1,2,0,0,0,1,250,5,0,2.0,29,5,5.8
1,2,2,0,0,0,0,0,1,1,2,2,0,0,1,0,0,0,2.0,17,3,5.666666666666667
1,2,2,0,0,1,0,0,1,0,0,0,0,0,1,0,0,0,1.0,168,31,5.419354838709677
1,36,8,0,1,0,1,0,2,0,2,2,2,0,2,0,1,0,4.0,790,145,5.448275862068965
1,84,11,0,1,1,0,0,1,0,2,2,2,0,1,0,1,0,1.0,113,21,5.380952380952381
0,7,117,0,1,3,2,0,1,0,1,1,1,0,1,0,9,0,2.0,234,45,5.2
0,3,81,0,2,4,0,0,1,0,2,2,2,0,3,0,1,0,5.0,51,8,6.375
1,66,107,0,1,0,0,0,1,0,0,2,0,0,1,300,2,0,1.0,95,20,4.75
1,1,2,0,2,0,1,1,1,0,0,2,0,0,9,0,0,0,8.0,103,19,5.421052631578948
1,108,2,3,2,1,0,0,2,0,2,2,2,0,2,0,0,3,5.0,331,49,6.755102040816326
0,1,3,0,2,0,1,0,0,0,0,0,0,0,4,0,0,0,3.0,306,62,4.935483870967742
0,4,1,0,1,0,0,0,1,1,0,2,0,0,1,0,7,0,10.0,1802,350,5.148571428571429
0,2,3,0,0,0,0,0,1,0,0,0,0,0,1,0,0,0,4.0,319,61,5.229508196721311
0,1,1,0,2,0,1,1,0,0,0,0,0,0,3,0,1,0,4.0,191,37,5.162162162162162
0,2,92,78,0,0,5,3,1,0,0,0,0,0,1,0,0,0,3.0,30,8,3.75
1,96,20,0,1,4,2,0,2,1,2,2,2,0,1,0,1,0,4.0,239,45,5.311111111111111
0,2,1,9,2,0,1,3,1,1,0,0,0,0,15,0,9,0,8.0,166,32,5.1875
0,0,3,0,0,0,2,0,0,0,1,1,1,0,1,0,1,0,1.0,29,6,4.833333333333333
1,19,2,0,0,0,0,0,1,0,2,2,2,0,1,0,4,0,4.0,529,104,5.086538461538462
1,2,2,3,2,0,1,1,0,1,2,2,1,0,2,0,0,0,5.0,392,80,4.9
1,1,2,0,0,2,2,0,1,1,1,1,0,0,1,0,0,0,4.0,88,17,5.176470588235294
0,1,3,0,0,0,5,1,1,0,0,0,0,0,1,0,1,0,4.0,237,51,4.647058823529412
0,6,3,0,1,3,0,0,1,0,0,0,0,0,1,0,0,0,5.0,56,10,5.6
0,3,1,77,2,0,1,2,0,1,0,0,0,0,2,0,0,0,5.0,156,27,5.777777777777778
0,3,3,0,1,0,1,2,1,0,2,2,0,0,1,0,1,0,2.0,339,59,5.745762711864407
1,1,2,0,0,2,2,0,0,1,0,0,0,0,1,0,0,0,3.0,308,59,5.220338983050848
1,7,51,3,1,0,1,0,1,0,2,2,0,0,1,0,0,0,5.0,173,29,5.9655172413793105
1,2,48,3,1,2,2,0,1,0,0,2,0,0,1,0,0,0,8.0,167,27,6.185185185185185
0,2,3,0,0,6,0,0,1,0,2,2,0,0,1,0,5,0,2.0,726,149,4.87248322147651
0,1,3,26,0,0,3,1,1,0,0,2,0,0,1,30,0,0,6.0,1112,200,5.56
1,2,20,3,1,0,2,0,1,1,0,0,0,0,1,0,1,0,3.0,99,16,6.1875
1,7,2,13,1,1,2,0,1,1,2,2,0,0,1,0,0,0,4.0,116,19,6.105263157894737
1,2,2,0,1,2,2,0,0,0,0,0,0,0,1,0,9,0,3.0,100,17,5.882352941176471
1,1,2,0,1,0,0,0,0,0,0,2,0,0,1,0,0,0,1.0,293,54,5.425925925925926
1,6,19,7,0,2,3,0,1,1,2,2,0,0,1,200,3,0,2.0,116,17,6.823529411764706
0,12,3,0,0,4,0,0,1,0,0,0,0,0,1,0,1,0,3.0,5,1,5.0
1,12,2,0,0,1,2,0,1,0,2,2,2,0,1,0,0,0,2.0,185,35,5.285714285714286
0,1,3,0,1,0,3,1,1,0,0,2,0,0,1,0,0,0,7.0,655,128,5.1171875
1,12,2,33,1,1,2,0,1,1,2,2,2,0,1,0,1,0,2.0,141,28,5.035714285714286
0,6,3,0,0,0,0,0,0,1,1,1,0,0,1,1,0,0,3.0,23,1,23.0
1,3,2,0,1,1,5,1,1,0,2,2,0,0,1,50,0,0,1.0,52,11,4.7272727272727275
1,84,9,0,1,2,2,0,1,0,2,2,2,0,1,0,0,0,1.0,317,64,4.953125
0,1,3,0,2,1,4,3,0,0,0,2,0,0,2,0,1,0,1.0,482,87,5.540229885057471
1,4,2,0,0,0,1,0,1,1,0,2,0,1,1,0,0,0,5.0,393,76,5.171052631578948
0,2,61,10,1,0,3,1,1,1,0,2,0,0,1,180,1,0,1.0,93,15,6.2
0,4,94,0,0,0,3,1,1,1,2,2,0,0,1,0,0,0,7.0,245,40,6.125
0,3,1,0,0,4,0,0,0,1,0,0,0,0,1,0,0,0,3.0,291,62,4.693548387096774
1,5,23,3,1,0,1,0,1,1,1,1,0,0,1,0,0,0,3.0,122,21,5.809523809523809
1,2,2,3,0,2,2,0,1,0,2,2,0,0,1,100,0,1,4.0,9,1,9.0
1,4,2,0,0,0,2,0,1,0,2,2,0,0,1,70,1,0,5.0,150,31,4.838709677419355
0,3,3,0,0,0,1,2,0,0,0,0,0,0,1,0,0,0,12.0,282,55,5.127272727272727
0,5,0,0,1,0,3,1,0,2,2,2,1,0,1,0,0,0,4.0,118,21,5.619047619047619
0,7,10,0,1,1,0,0,1,0,2,2,2,0,1,0,0,0,2.0,160,30,5.333333333333333
0,2,3,8,0,0,0,0,1,0,0,0,0,0,1,0,8,0,1.0,54,12,4.5
1,60,53,0,1,0,0,0,0,0,2,2,0,0,1,100,3,0,6.0,881,162,5.438271604938271
0,8,3,26,1,1,2,0,1,0,2,2,2,0,1,0,1,0,1.0,440,82,5.365853658536586
1,2,39,3,1,0,1,0,3,0,2,2,0,0,1,0,0,0,3.0,146,27,5.407407407407407
1,48,2,0,1,4,4,0,1,1,0,2,2,0,1,0,8,0,1.0,348,68,5.117647058823529
1,48,2,0,1,0,2,0,0,2,1,1,1,0,1,0,0,0,1.0,63,12,5.25
1,22,28,0,1,0,1,1,1,0,2,2,0,0,1,0,0,0,3.0,1067,194,5.5
0,1,3,26,2,0,1,3,1,0,0,2,0,0,3,0,1,0,26.0,733,121,6.0578512396694215
0,6,1,0,1,4,0,0,1,1,2,2,2,0,1,0,0,0,13.0,509,96,5.302083333333333
1,8,2,0,1,1,0,0,1,0,2,2,2,0,1,0,0,0,2.0,83,15,5.533333333333333
0,5,4,1,1,1,4,3,1,1,2,2,2,0,2,30,0,0,10.0,500,94,5.319148936170213
0,10,12,0,0,5,2,0,1,1,2,2,2,0,1,0,0,0,3.0,660,136,4.852941176470588
1,7,2,0,1,1,2,0,1,0,2,2,2,0,1,0,0,2,6.0,552,105,5.257142857142857
0,2,3,0,1,1,2,0,0,0,1,2,0,0,1,0,1,0,3.0,113,17,6.647058823529412
0,1,36,26,0,0,3,1,1,0,0,2,0,0,1,0,0,1,6.0,1006,148,6.797297297297297
1,12,2,0,0,1,0,0,1,1,2,2,2,0,2,0,1,0,1.0,2489,435,5.7218390804597705
0,2,26,0,0,6,0,0,0,1,0,0,0,0,1,0,0,0,4.0,81,16,5.0625
0,41,1,0,1,0,0,0,1,1,2,2,2,0,1,0,1,0,6.0,455,92,4.945652173913044
0,2,0,6,1,0,3,0,0,1,1,1,1,0,1,0,1,0,2.0,72,14,5.142857142857143
0,7,3,0,0,6,0,0,1,0,2,2,0,0,1,0,0,0,3.0,8,1,8.0
1,11,33,0,0,2,2,0,1,2,2,2,0,0,1,200,0,0,3.0,25,4,6.25
1,2,2,0,0,0,1,0,1,0,0,2,0,0,1,0,0,0,2.0,380,73,5.205479452054795
1,1,2,0,1,2,0,0,1,1,0,0,0,0,1,0,3,0,2.0,100,19,5.2631578947368425
1,24,2,0,0,6,0,0,1,1,1,1,0,0,1,0,0,0,5.0,1285,249,5.160642570281125
1,29,19,28,1,0,3,1,0,1,2,2,2,0,1,300,0,0,5.0,724,127,5.700787401574803
0,1,3,0,0,0,3,1,1,0,0,0,0,0,1,0,0,0,2.0,269,53,5.0754716981132075
0,1,3,0,2,0,0,0,0,1,1,1,1,0,2,0,0,0,2.0,21,4,5.25
0,1,3,0,2,0,2,0,0,0,0,2,2,0,5,0,0,0,0.0,71,10,7.1
1,48,21,0,1,1,2,0,1,1,2,2,0,0,1,0,1,0,1.0,1235,220,5.613636363636363
1,60,19,0,0,0,3,0,0,0,1,1,0,0,1,0,0,0,3.0,284,55,5.163636363636364
1,12,100,3,1,0,0,0,1,2,2,2,2,0,1,0,0,0,14.0,597,110,5.427272727272728
0,12,3,0,1,0,1,1,1,0,0,0,0,0,1,0,1,0,1.0,143,25,5.72
1,3,2,0,1,0,4,1,1,0,2,2,1,0,1,100,3,0,1.0,69,13,5.3076923076923075
1,12,2,0,1,1,6,0,1,1,2,2,2,0,1,0,0,0,2.0,217,37,5.864864864864865
1,1,2,0,1,6,2,0,1,0,0,0,0,0,2,0,0,1,1.0,477,93,5.129032258064516
0,12,1,0,2,0,4,1,1,1,2,2,2,0,2,0,3,0,4.0,307,56,5.482142857142857
0,4,1,0,1,4,0,0,1,1,0,0,0,0,1,150,4,0,3.0,233,38,6.131578947368421
0,12,3,0,1,0,1,0,0,0,2,2,2,0,1,0,0,0,8.0,673,128,5.2578125
0,0,3,0,1,0,2,0,0,0,0,0,0,0,1,0,0,2,4.0,302,57,5.298245614035087
0,12,1,0,0,5,2,0,0,0,2,2,2,0,1,0,1,0,5.0,430,82,5.2439024390243905
1,2,2,0,2,0,1,0,1,0,2,2,0,0,12,0,1,0,6.0,162,30,5.4
0,1,3,0,1,0,1,3,1,0,1,1,1,0,2,0,1,0,3.0,308,60,5.133333333333334
0,2,3,0,2,2,3,1,1,0,0,0,0,0,5,0,0,0,5.0,188,30,6.266666666666667
1,3,2,0,1,4,4,1,1,1,1,1,0,0,1,0,5,0,1.0,155,26,5.961538461538462
0,2,3,0,0,3,0,0,1,0,0,2,0,0,1,0,0,0,1.0,158,28,5.642857142857143
0,48,12,0,0,1,4,0,0,0,2,2,2,0,1,0,0,0,2.0,190,39,4.871794871794871
0,10,3,0,1,0,0,0,1,0,2,2,2,0,1,100,1,0,1.0,370,69,5.36231884057971
0,12,78,48,0,3,0,0,0,0,1,1,1,1,1,0,1,0,1.0,30,5,6.0
0,2,3,9,2,0,1,1,0,0,0,2,0,0,2,0,1,0,5.0,155,28,5.535714285714286
1,1,2,3,1,1,6,0,0,0,1,1,1,0,1,0,0,0,8.0,137,28,4.892857142857143
1,6,2,0,1,1,0,0,1,1,0,2,0,0,1,0,0,0,5.0,336,62,5.419354838709677
0,11,3,0,1,0,2,0,1,0,2,2,2,0,1,0,0,0,3.0,247,46,5.369565217391305
1,1,2,3,0,1,2,0,1,0,2,2,0,0,1,0,0,0,7.0,413,74,5.581081081081081
0,2,3,0,2,4,0,0,0,0,0,0,0,0,2,0,0,0,2.0,241,49,4.918367346938775
0,2,3,0,0,0,0,0,1,0,0,2,0,0,1,0,0,0,3.0,307,61,5.032786885245901
1,2,5,51,0,0,6,0,1,1,2,2,0,0,1,250,1,0,5.0,320,55,5.818181818181818
0,12,3,0,2,0,4,1,1,1,2,2,2,0,4,0,0,0,4.0,220,40,5.5
0,8,3,0,0,3,2,0,1,0,0,0,0,0,1,50,3,0,6.0,688,132,5.212121212121212
0,60,3,0,0,6,0,0,1,0,2,2,2,0,1,0,1,0,13.0,437,91,4.802197802197802
0,1,3,6,2,0,5,1,0,1,0,0,0,0,2,0,1,0,2.0,220,38,5.7894736842105265
1,6,53,0,0,5,2,0,0,2,2,2,2,0,1,0,1,0,1.0,135,20,6.75
0,3,3,0,1,0,2,0,1,0,0,0,0,0,1,0,1,0,2.0,1215,230,5.282608695652174
1,48,28,0,0,0,1,1,1,0,0,0,0,1,1,200,0,0,4.0,885,166,5.331325301204819
0,1,1,0,1,0,0,0,1,1,1,2,1,0,1,0,1,0,3.0,205,43,4.767441860465116
1,3,2,0,1,0,1,0,1,0,0,0,0,0,1,0,0,1,4.0,313,65,4.815384615384615
0,1,3,0,1,0,5,1,1,0,0,0,0,0,1,0,0,0,3.0,178,32,5.5625
0,0,1,0,1,5,2,0,0,1,0,2,0,0,1,0,0,0,3.0,347,65,5.338461538461538
0,4,3,0,1,6,4,1,0,0,1,2,0,0,1,0,1,0,8.0,126,22,5.7272727272727275
0,12,0,0,2,0,1,5,1,1,0,0,0,0,7,0,1,0,6.0,122,21,5.809523809523809
1,72,14,0,0,2,2,0,2,0,2,2,0,0,1,0,0,0,6.0,617,113,5.460176991150442
0,1,1,0,1,0,0,0,1,1,0,0,0,0,1,0,0,0,1.0,40,7,5.714285714285714
0,4,3,9,2,0,3,1,1,1,0,2,0,0,2,0,0,0,5.0,881,163,5.404907975460123
0,2,24,1,1,0,6,1,2,2,0,0,0,0,1,0,0,0,1.0,522,92,5.673913043478261
1,2,2,0,0,0,0,0,1,0,0,2,0,0,1,0,3,0,2.0,206,30,6.866666666666666
1,1,11,86,2,0,1,1,0,1,0,1,1,0,3,0,1,0,2.0,232,40,5.8
1,8,2,0,1,1,2,0,1,1,2,2,2,0,1,0,3,0,1.0,252,46,5.478260869565218
0,1,3,0,1,6,2,0,0,0,0,0,0,0,1,0,1,1,6.0,185,39,4.743589743589744
1,2,2,0,1,0,1,0,1,0,0,0,0,1,1,0,5,0,1.0,767,159,4.823899371069182
1,1,2,0,1,1,2,0,1,0,0,0,0,0,1,0,2,0,1.0,98,21,4.666666666666667
1,2,2,0,0,0,1,0,1,1,0,0,0,0,5,0,1,0,3.0,378,74,5.108108108108108
0,1,3,26,1,4,3,0,1,0,0,0,0,1,2,0,0,0,6.0,612,111,5.513513513513513
1,96,16,0,0,0,4,3,0,1,1,1,1,0,1,0,1,0,3.0,187,30,6.233333333333333
0,3,3,0,0,0,0,0,1,1,2,2,2,0,1,0,1,0,3.0,463,93,4.978494623655914
1,3,2,3,2,0,1,5,1,0,0,2,0,0,3,0,1,0,3.0,880,151,5.827814569536423
1,7,2,0,0,0,1,1,1,1,2,2,0,0,1,0,5,0,1.0,529,101,5.237623762376238
1,3,5,12,1,2,3,1,1,1,0,2,0,0,1,150,1,0,8.0,95,15,6.333333333333333
1,1,2,0,1,0,1,0,1,0,0,0,0,0,1,0,1,0,1.0,200,38,5.2631578947368425
1,4,13,3,1,0,6,0,1,1,2,2,0,0,1,0,0,0,1.0,231,40,5.775
0,3,3,0,0,0,3,1,0,0,0,0,0,0,1,0,1,0,2.0,27,6,4.5
0,2,1,8,2,0,1,1,1,1,0,2,0,0,5,0,1,0,6.0,141,22,6.409090909090909
1,2,2,0,1,0,2,0,1,0,2,2,0,0,1,0,0,0,3.0,76,12,6.333333333333333
0,1,0,0,0,0,4,3,0,0,0,0,0,0,1,0,0,0,6.0,513,104,4.9326923076923075
1,3,2,0,1,2,0,0,1,0,2,2,2,0,1,300,0,0,3.0,555,87,6.379310344827586
1,6,2,40,1,4,2,0,2,2,2,2,2,0,1,350,5,0,8.0,437,81,5.395061728395062
1,18,2,0,1,1,2,0,1,0,2,2,2,0,1,50,0,0,2.0,824,165,4.993939393939394
1,32,2,0,1,1,0,0,1,1,1,2,1,0,1,0,2,0,2.0,179,33,5.424242424242424
0,2,10,0,0,1,4,0,1,1,0,2,0,0,1,0,0,0,11.0,294,55,5.345454545454546
0,24,3,26,1,0,5,0,1,0,0,2,2,0,1,0,0,0,5.0,681,128,5.3203125
0,5,3,0,1,0,1,2,1,0,2,2,0,0,1,0,0,0,1.0,64,13,4.923076923076923
1,20,21,33,1,0,5,2,1,1,2,2,2,0,1,0,0,0,4.0,97,21,4.619047619047619
1,24,2,35,1,4,2,0,1,1,2,2,2,0,1,0,2,0,7.0,511,95,5.378947368421053
0,3,1,0,0,0,3,1,1,1,0,2,0,0,1,0,1,0,2.0,92,16,5.75
0,3,1,0,1,6,0,0,0,0,0,0,0,0,1,50,0,0,2.0,108,17,6.352941176470588
1,3,2,0,1,0,1,0,1,1,0,0,0,0,1,0,0,1,6.0,554,106,5.226415094339623
0,12,0,0,1,0,3,0,0,1,1,1,2,1,1,0,0,0,5.0,233,47,4.957446808510638
0,4,1,0,1,2,0,0,1,1,0,0,0,0,1,0,9,0,5.0,117,19,6.157894736842105
0,12,1,0,0,4,0,0,1,1,0,0,0,0,1,0,0,0,5.0,611,110,5.554545454545455
1,12,2,0,0,0,1,0,1,0,2,2,2,0,1,0,0,0,3.0,507,91,5.571428571428571
1,3,2,0,0,2,2,0,1,0,1,2,0,0,1,0,1,0,6.0,237,37,6.405405405405405
1,1,2,0,2,0,1,2,1,0,0,0,0,0,2,0,0,0,14.0,639,119,5.369747899159663
1,2,2,0,1,0,2,0,0,0,0,0,0,0,1,0,1,0,5.0,155,26,5.961538461538462
1,8,2,0,0,0,1,1,1,0,2,2,2,0,1,0,1,0,11.0,360,66,5.454545454545454
1,3,20,3,0,2,2,0,2,2,2,2,0,0,1,250,0,0,5.0,230,46,5.0
0,4,0,9,0,3,2,0,0,0,0,2,0,0,1,50,0,0,4.0,1424,275,5.178181818181818
0,1,1,0,1,2,2,0,0,1,0,0,0,0,1,0,0,2,4.0,356,68,5.235294117647059
1,1,2,0,0,0,1,0,2,0,0,0,0,0,1,0,0,0,1.0,207,40,5.175
0,3,3,0,0,0,2,0,1,0,2,2,0,0,1,59,1,0,4.0,2349,417,5.633093525179856
0,16,3,0,1,0,0,0,1,0,2,2,2,0,1,50,0,0,13.0,1033,189,5.465608465608466
1,108,2,0,0,0,1,0,1,1,1,1,1,1,1,0,1,0,4.0,833,150,5.553333333333334
1,1,21,38,0,0,4,1,0,1,0,0,0,0,1,0,0,0,6.0,605,119,5.084033613445378
0,3,36,16,2,1,4,0,0,1,0,2,0,0,3,0,2,0,3.0,86,17,5.0588235294117645
0,3,3,0,2,0,1,0,2,0,0,0,0,0,4,0,1,0,23.0,10,3,3.3333333333333335
0,0,4,9,2,0,6,1,2,1,0,0,0,0,6,50,0,0,4.0,637,103,6.184466019417476
0,12,3,0,1,1,0,0,1,0,0,0,0,0,1,0,0,0,2.0,291,56,5.196428571428571
0,2,3,0,2,1,6,1,1,0,0,0,0,0,2,0,0,0,13.0,965,163,5.920245398773006
0,2,3,0,0,0,3,1,1,0,0,0,0,0,2,0,5,0,4.0,93,18,5.166666666666667
0,6,10,9,1,0,1,0,0,0,2,2,2,0,1,0,1,0,7.0,373,69,5.405797101449275
0,2,3,6,1,0,3,1,0,1,0,2,0,0,2,100,0,0,10.0,391,64,6.109375
1,4,2,0,2,1,4,1,2,0,0,0,0,0,6,0,0,0,6.0,748,148,5.054054054054054
1,2,2,0,1,0,1,0,1,0,2,2,0,0,2,0,1,0,11.0,252,47,5.361702127659575
0,1,1,0,2,0,0,0,0,1,0,0,0,0,5,0,1,0,20.0,471,90,5.233333333333333
1,19,34,0,0,1,6,0,1,1,2,2,0,0,1,100,2,0,3.0,141,28,5.035714285714286
1,2,2,3,1,1,2,0,1,0,2,2,0,0,1,200,0,0,4.0,9,1,9.0
1,1,2,3,0,0,1,1,1,1,0,2,0,0,1,0,0,0,3.0,12,2,6.0
0,4,24,6,1,1,4,3,1,1,2,2,0,0,1,0,0,1,7.0,267,50,5.34
0,5,0,9,0,4,0,0,1,0,0,2,0,0,1,0,1,0,8.0,1842,329,5.598784194528875
0,3,3,26,1,0,1,1,1,0,0,0,0,0,1,0,0,0,6.0,906,158,5.734177215189874
1,18,9,0,0,1,4,1,0,1,2,2,2,1,1,0,1,0,1.0,136,26,5.230769230769231
1,2,2,7,1,0,0,0,1,1,2,2,0,0,1,0,0,0,8.0,486,92,5.282608695652174
0,7,1,0,2,1,6,0,1,1,0,0,0,0,5,0,1,0,9.0,79,16,4.9375
1,2,2,0,1,0,1,0,1,0,0,0,0,0,1,0,1,0,7.0,391,72,5.430555555555555
1,2,2,3,2,0,0,0,1,0,0,0,0,0,9,0,1,0,3.0,317,55,5.763636363636364
0,3,3,0,0,3,0,0,1,0,0,2,0,0,1,0,7,0,6.0,286,44,6.5
1,84,33,0,1,0,3,1,1,2,2,2,0,0,1,0,0,0,4.0,401,58,6.913793103448276
0,1,4,0,0,0,0,0,1,1,0,2,0,0,1,0,0,0,1.0,667,139,4.798561151079137
1,12,2,0,1,0,1,4,1,0,2,2,2,0,1,0,0,0,3.0,213,42,5.071428571428571
0,6,10,6,1,4,0,0,0,0,2,2,2,0,1,0,3,0,3.0,247,40,6.175
1,5,25,11,1,0,2,0,1,1,2,2,2,0,1,0,0,0,3.0,232,38,6.105263157894737
1,9,2,58,1,0,1,0,1,0,0,2,2,0,1,0,0,0,7.0,158,31,5.096774193548387
1,12,2,0,1,1,2,0,1,0,0,2,2,0,1,0,5,0,4.0,369,71,5.197183098591549
0,8,3,0,1,2,0,0,1,1,2,2,0,0,1,0,1,0,5.0,17,3,5.666666666666667
0,2,3,9,1,1,3,1,0,0,2,0,0,0,2,0,0,0,5.0,433,78,5.551282051282051
1,2,2,0,2,0,1,0,2,0,0,2,0,0,6,50,0,0,12.0,3553,644,5.517080745341615
1,51,2,0,1,1,0,0,1,1,2,2,2,0,1,80,0,0,5.0,166,30,5.533333333333333
0,9,31,0,0,3,0,0,1,1,2,2,2,0,1,0,1,0,3.0,551,100,5.51
1,2,2,0,2,1,4,1,1,0,1,1,1,0,4,0,0,1,4.0,54,12,4.5
0,8,3,0,0,4,5,0,0,0,0,2,1,0,1,0,0,0,8.0,819,123,6.658536585365853
1,4,2,3,1,6,2,0,1,0,2,2,2,0,1,50,9,0,3.0,524,95,5.515789473684211
1,3,2,0,0,1,3,0,1,0,2,2,0,0,1,0,0,0,3.0,110,15,7.333333333333333
1,24,34,0,0,1,2,0,0,1,1,1,0,0,1,0,1,0,1.0,251,48,5.229166666666667
0,24,10,0,0,1,2,0,1,0,2,2,2,0,1,0,0,0,4.0,92,18,5.111111111111111
0,3,1,0,0,5,2,0,0,1,0,2,0,0,1,0,0,0,5.0,150,32,4.6875
1,2,2,0,2,0,2,0,1,0,0,0,1,0,4,0,0,0,3.0,136,25,5.44
1,4,2,35,0,4,2,0,1,1,2,0,2,0,1,300,0,0,4.0,112,22,5.090909090909091
1,1,2,0,1,0,2,0,1,0,0,0,0,0,1,0,1,0,1.0,134,25,5.36
0,24,1,0,1,0,1,1,1,1,2,2,2,0,1,0,1,0,5.0,208,32,6.5
0,2,3,0,1,2,3,1,0,1,0,0,1,0,4,1,0,0,1.0,45,6,7.5
0,1,1,0,1,5,2,0,0,1,0,2,0,0,1,0,7,0,10.0,326,57,5.719298245614035
0,4,10,0,1,1,4,0,1,0,0,0,0,0,1,100,1,0,5.0,173,31,5.580645161290323
0,7,1,0,1,2,0,0,2,1,0,0,0,0,1,0,0,0,4.0,692,137,5.0510948905109485
0,3,3,10,1,0,0,0,2,0,2,2,0,0,1,0,1,0,2.0,20,5,4.0
1,24,2,115,0,2,2,0,1,1,1,1,0,0,1,0,0,0,5.0,12,2,6.0
0,48,3,70,0,3,0,0,2,0,2,2,2,0,1,0,0,0,10.0,369,72,5.125
1,24,2,0,0,0,1,0,1,1,1,1,1,0,1,0,1,0,3.0,577,101,5.712871287128713
0,3,1,0,0,4,2,0,1,1,0,0,0,0,1,0,1,0,3.0,220,43,5.116279069767442
0,6,3,0,0,0,2,0,1,0,2,2,0,0,1,0,0,0,1.0,83,15,5.533333333333333
0,9,3,5,0,3,2,0,1,0,0,0,0,0,1,20,1,0,2.0,14,3,4.666666666666667
0,1,7,10,2,0,3,0,1,2,0,0,0,0,2,0,0,0,3.0,256,48,5.333333333333333
0,2,3,0,0,0,0,0,1,0,0,2,0,0,1,0,1,0,3.0,414,72,5.75
0,12,1,0,1,0,5,1,1,1,2,2,0,0,1,0,0,0,2.0,207,31,6.67741935483871
1,2,2,0,1,0,4,1,1,0,2,2,0,0,3,0,5,0,13.0,64,9,7.111111111111111
0,11,0,0,0,0,1,1,1,1,1,1,1,0,1,0,3,0,4.0,473,81,5.839506172839506
0,36,3,0,0,3,0,0,1,0,2,2,2,0,2,0,0,0,5.0,330,64,5.15625
0,4,3,0,1,0,0,0,0,0,0,0,0,0,1,0,1,0,2.0,250,47,5.319148936170213
0,4,1,0,1,0,1,2,0,1,0,0,0,0,1,0,0,0,7.0,481,87,5.528735632183908
0,3,3,0,0,0,0,0,1,0,2,2,0,0,1,0,9,0,9.0,774,156,4.961538461538462
1,1,2,3,1,0,1,5,0,0,0,0,0,0,1,0,0,0,3.0,108,24,4.5
0,5,3,0,0,0,2,0,1,0,0,2,0,0,1,0,1,0,7.0,49,7,7.0
0,2,3,9,2,0,0,0,0,0,0,2,0,0,3,0,0,0,5.0,104,18,5.777777777777778
1,2,2,0,1,1,2,0,1,1,2,2,0,0,1,0,6,0,1.0,21,4,5.25
1,5,2,0,0,1,0,0,1,1,0,0,1,0,1,0,0,0,1.0,194,40,4.85
0,13,1,6,1,5,2,0,1,1,2,2,0,0,2,0,0,0,3.0,244,41,5.951219512195122
1,6,2,0,0,4,5,2,1,0,0,0,0,0,1,0,1,0,1.0,724,133,5.443609022556391
0,96,7,8,1,3,2,0,2,1,2,2,2,0,2,0,1,0,5.0,719,139,5.172661870503597
1,96,20,0,1,1,0,0,1,2,2,2,0,1,1,0,0,0,1.0,8,1,8.0
1,0,2,0,0,2,0,0,1,1,1,1,1,1,1,0,0,0,0.0,3,1,3.0
1,6,2,0,1,1,0,0,2,0,2,2,0,0,2,0,0,0,2.0,307,63,4.873015873015873
0,19,7,0,0,0,0,0,1,2,2,2,2,0,1,0,0,0,0.0,83,19,4.368421052631579
0,2,1,0,0,1,4,3,1,1,2,2,0,0,1,350,1,0,30.0,260,46,5.6521739130434785
0,3,1,0,1,0,1,1,1,1,0,0,0,0,1,0,0,0,1.0,56,10,5.6
1,5,37,0,1,1,2,0,1,0,0,2,0,0,1,0,0,0,5.0,130,29,4.482758620689655
1,120,63,0,0,0,4,0,0,0,1,1,0,0,1,0,0,0,3.0,259,45,5.7555555555555555
1,30,19,28,0,0,2,0,0,0,2,2,2,0,1,0,0,0,3.0,1498,286,5.2377622377622375
0,12,4,10,0,6,4,1,1,1,2,2,2,0,1,100,1,0,2.0,271,55,4.927272727272728
0,6,1,0,0,0,2,0,1,2,2,2,2,0,1,0,1,0,1.0,297,61,4.868852459016393
1,3,2,3,1,1,2,0,0,0,0,0,0,0,1,0,0,0,4.0,309,62,4.983870967741935
1,12,2,0,1,0,2,0,1,0,2,2,2,0,1,0,0,0,2.0,259,53,4.886792452830188
1,18,66,3,1,2,2,0,1,2,2,2,2,0,1,0,2,0,3.0,231,40,5.775
1,36,66,0,1,1,2,0,0,2,1,1,2,0,1,0,0,0,1.0,178,35,5.085714285714285
0,3,1,0,1,1,5,1,1,1,0,2,0,0,1,0,5,0,5.0,128,21,6.095238095238095
1,2,2,0,1,0,1,0,1,0,1,2,0,0,1,0,0,0,3.0,164,31,5.290322580645161
0,13,10,0,0,1,5,1,1,0,1,1,1,0,1,0,1,0,1.0,393,79,4.974683544303797
1,132,19,0,1,0,2,0,0,0,2,2,2,0,1,0,3,0,1.0,190,31,6.129032258064516
1,1,2,0,0,5,2,0,1,1,0,0,1,0,8,0,0,0,2.0,51,9,5.666666666666667
0,4,10,9,0,1,4,0,0,1,0,0,0,0,1,0,0,1,4.0,27,4,6.75
0,12,3,0,1,1,4,0,0,0,0,2,2,0,1,0,1,0,2.0,78,13,6.0
1,1,14,3,1,6,0,0,1,1,0,0,0,0,1,0,3,0,0.0,591,118,5.008474576271187
1,52,9,0,0,1,6,1,1,0,2,2,0,0,1,0,0,0,2.0,636,126,5.0476190476190474
1,2,2,0,1,0,1,0,0,0,0,2,0,1,1,0,0,0,2.0,459,91,5.043956043956044
0,12,3,0,1,5,2,0,0,0,1,1,1,0,1,0,0,0,1.0,469,93,5.043010752688172
1,3,2,0,1,1,2,0,1,1,1,1,1,0,1,0,1,0,2.0,29,6,4.833333333333333
0,6,3,0,1,1,2,0,1,0,2,2,2,0,1,0,0,0,3.0,467,95,4.91578947368421
0,147,10,0,1,1,4,0,2,1,2,2,2,0,1,0,0,0,1.0,100,16,6.25
0,2,31,0,1,0,0,0,0,0,0,2,0,0,1,100,0,0,2.0,46,9,5.111111111111111
0,7,3,0,1,3,2,0,0,0,2,2,1,0,1,0,1,0,1.0,34,7,4.857142857142857
0,4,4,9,2,0,1,5,1,2,2,2,0,0,2,50,0,0,1.0,783,159,4.9245283018867925
1,2,2,0,1,0,2,0,1,0,0,0,0,0,1,0,0,0,3.0,148,29,5.103448275862069
1,36,14,0,0,2,2,0,1,1,0,2,0,0,1,200,2,0,2.0,288,54,5.333333333333333
0,2,3,0,0,4,2,0,1,1,0,0,0,0,1,0,0,0,1.0,200,42,4.761904761904762
1,1,2,3,1,0,1,1,1,0,0,0,0,0,7,0,5,0,7.0,671,122,5.5
0,2,1,0,0,5,2,0,1,1,0,0,0,0,1,0,1,1,5.0,392,76,5.157894736842105
0,2,3,0,0,5,2,0,1,0,2,2,0,0,1,0,0,0,5.0,613,119,5.151260504201681
1,12,2,0,1,2,2,0,1,1,0,0,2,0,1,0,5,0,5.0,861,155,5.554838709677419
1,12,34,0,1,4,2,0,0,2,1,1,1,0,1,0,0,0,1.0,142,26,5.461538461538462
0,4,3,0,1,3,2,0,1,1,0,0,2,0,1,0,0,0,3.0,259,51,5.078431372549019
0,1,1,6,2,0,6,0,0,1,0,0,0,0,5,0,0,0,4.0,143,24,5.958333333333333
1,5,39,3,1,0,1,2,1,0,2,0,0,0,1,100,0,0,1.0,774,128,6.046875
1,3,2,0,1,1,2,0,1,1,2,2,0,0,1,0,0,0,5.0,142,23,6.173913043478261
0,1,3,23,1,0,5,1,1,0,0,2,0,0,1,0,0,0,3.0,457,72,6.347222222222222
0,3,1,0,2,0,1,1,1,1,0,0,0,0,4,0,1,0,5.0,162,29,5.586206896551724
0,5,82,20,1,3,0,0,1,0,0,2,0,0,2,0,1,0,1.0,174,34,5.117647058823529
1,2,2,0,1,0,2,0,1,1,2,2,0,0,1,0,0,0,5.0,242,39,6.205128205128205
0,3,3,0,0,0,0,0,1,0,0,2,0,0,1,0,0,0,5.0,225,43,5.232558139534884
0,24,10,26,1,6,0,0,1,0,2,2,2,0,1,0,0,0,5.0,230,46,5.0
1,2,2,0,1,0,1,0,1,0,0,2,0,0,1,0,3,0,3.0,191,27,7.074074074074074
0,1,3,0,2,0,1,2,1,1,0,0,0,0,2,0,0,0,30.0,363,58,6.258620689655173
0,12,3,0,1,0,1,4,0,1,1,1,1,0,1,0,1,0,2.0,123,18,6.833333333333333
1,7,2,0,0,1,6,4,1,0,0,0,0,0,1,0,0,0,0.0,169,38,4.447368421052632
0,4,3,0,1,3,2,0,1,0,0,0,0,0,1,0,0,0,4.0,118,19,6.2105263157894735
1,3,2,0,2,0,1,2,1,0,1,1,1,0,7,50,1,0,5.0,173,28,6.178571428571429
0,51,7,57,1,1,3,1,1,2,2,2,2,0,1,0,5,0,3.0,202,38,5.315789473684211
1,1,2,3,1,1,0,0,1,1,0,2,0,0,1,0,0,0,3.0,12,2,6.0
1,60,33,0,0,2,2,0,1,2,2,2,2,0,1,350,5,0,3.0,644,111,5.801801801801802
1,36,20,0,0,4,2,0,1,1,2,2,2,0,1,0,1,0,5.0,69,18,3.8333333333333335
1,1,2,0,1,0,2,0,1,0,0,0,0,0,1,0,9,0,1.0,401,77,5.207792207792208
0,6,3,0,1,0,0,0,0,0,0,2,0,0,1,0,2,0,5.0,47,8,5.875
1,1,2,0,1,1,2,0,1,0,0,0,0,0,1,0,2,1,6.0,706,133,5.30827067669173
0,4,3,9,0,5,2,0,1,0,2,2,0,0,1,0,0,0,4.0,1256,237,5.29957805907173
1,11,2,0,0,1,0,0,1,0,2,2,2,0,1,150,0,0,4.0,178,37,4.8108108108108105
0,5,12,9,1,4,2,0,1,0,2,2,1,0,1,0,3,0,5.0,364,74,4.918918918918919
0,3,99,6,0,4,3,1,0,2,0,0,0,0,1,200,0,0,12.0,1611,324,4.972222222222222
0,4,1,0,1,6,0,0,0,0,0,2,0,0,1,0,1,0,5.0,183,30,6.1
1,96,34,24,1,5,2,0,0,1,2,2,1,0,1,0,0,0,2.0,443,67,6.611940298507463
0,2,3,0,1,3,0,0,0,0,1,1,1,0,1,0,0,0,5.0,775,145,5.344827586206897
0,1,3,0,1,0,1,1,0,0,0,0,0,0,1,10,0,0,4.0,531,106,5.009433962264151
1,12,2,0,1,1,2,0,1,0,2,2,2,0,1,0,1,0,14.0,162,27,6.0
1,9,2,0,1,0,2,0,2,1,1,1,1,0,1,0,0,0,1.0,415,76,5.4605263157894735
1,24,2,3,2,0,4,0,1,1,1,1,1,1,2,30,0,0,5.0,1008,192,5.25
1,2,2,0,0,0,2,0,1,0,0,2,0,0,1,0,0,0,4.0,236,42,5.619047619047619
0,12,26,23,1,0,1,4,1,1,0,2,2,0,2,0,0,0,6.0,408,73,5.589041095890411
1,2,2,0,2,0,1,3,0,0,0,0,0,0,4,0,9,0,3.0,65,9,7.222222222222222
0,2,3,0,0,1,4,3,1,0,0,0,0,0,1,0,0,0,1.0,274,52,5.269230769230769
1,36,72,0,2,1,4,0,1,1,1,1,1,0,4,0,1,0,5.0,254,56,4.535714285714286
0,2,3,0,0,0,0,0,1,0,0,0,0,0,2,0,7,0,3.0,616,97,6.350515463917525
1,36,2,0,0,0,1,0,1,0,1,2,0,0,1,0,0,0,2.0,333,64,5.203125
1,4,114,3,1,1,4,0,1,0,0,0,0,0,1,0,1,0,5.0,241,41,5.878048780487805
0,3,1,0,0,0,2,0,0,1,0,0,0,0,1,0,1,0,2.0,383,66,5.803030303030303
0,1,3,0,2,1,3,0,0,0,0,0,0,0,2,0,1,0,2.0,441,87,5.068965517241379
1,6,2,0,1,1,2,0,0,0,2,2,0,0,1,0,0,0,3.0,71,15,4.733333333333333
0,3,3,46,1,1,4,0,0,0,0,0,0,1,1,0,0,0,6.0,568,113,5.0265486725663715
0,2,3,0,0,1,0,0,0,1,0,0,0,0,1,20,0,0,3.0,28,7,4.0
1,4,16,3,1,2,2,0,1,1,2,2,2,0,1,0,0,0,2.0,339,60,5.65
0,3,3,0,2,0,1,1,1,0,0,0,0,0,4,0,0,0,3.0,187,34,5.5
0,3,4,6,2,0,4,1,1,2,0,2,0,0,4,100,0,0,4.0,337,61,5.524590163934426
1,3,2,0,1,0,1,0,2,0,2,2,0,0,1,0,0,0,2.0,73,16,4.5625
1,2,2,0,0,0,0,0,1,0,1,1,1,0,1,0,9,0,1.0,66,14,4.714285714285714
1,12,2,0,1,0,0,0,1,1,2,2,2,0,1,0,1,0,3.0,491,105,4.6761904761904765
1,2,2,0,1,1,0,0,1,0,2,2,0,0,1,0,0,0,4.0,101,17,5.9411764705882355
1,8,2,0,0,1,0,0,1,0,2,2,0,0,1,0,1,0,2.0,1262,245,5.151020408163265
1,13,2,0,1,0,2,0,0,0,2,2,2,0,1,0,3,0,1.0,128,26,4.923076923076923
1,2,2,7,1,0,0,0,1,1,0,0,0,0,1,0,0,0,7.0,603,109,5.532110091743119
1,3,2,0,1,0,1,0,1,0,2,2,0,0,1,50,0,0,2.0,427,82,5.2073170731707314
1,16,119,0,1,0,1,4,1,1,2,2,2,0,1,50,0,0,5.0,161,32,5.03125
0,3,1,0,0,3,0,0,1,1,2,2,0,0,1,50,0,0,7.0,409,85,4.811764705882353
0,4,3,0,0,3,0,0,1,1,0,0,0,0,1,0,1,0,1.0,74,14,5.285714285714286
1,96,14,0,0,4,0,0,1,0,2,2,1,0,1,0,0,0,4.0,50,8,6.25
1,26,2,3,0,1,2,0,2,0,2,2,2,0,1,0,0,1,6.0,44,4,11.0
0,5,3,9,0,0,2,0,1,0,2,2,2,0,1,0,0,0,4.0,232,45,5.155555555555556
1,2,2,0,1,1,0,0,1,0,0,0,0,0,1,0,0,0,2.0,149,27,5.518518518518518
1,4,48,3,2,0,1,0,1,0,0,2,0,0,2,0,0,0,6.0,403,74,5.445945945945946
0,4,3,9,0,4,2,0,1,1,0,0,0,0,1,0,0,0,0.0,19,3,6.333333333333333
1,12,5,53,0,1,4,0,1,1,1,1,1,0,1,0,0,0,4.0,522,94,5.553191489361702
0,3,3,0,1,0,1,1,0,0,2,2,0,0,1,0,0,0,1.0,194,31,6.258064516129032
0,3,1,0,1,0,3,1,0,1,0,2,0,1,1,0,12,0,3.0,125,24,5.208333333333333
1,3,2,0,0,1,2,0,1,0,0,0,0,0,1,0,0,0,3.0,246,50,4.92
1,8,8,3,1,0,1,0,2,0,2,0,0,0,1,100,0,0,2.0,291,56,5.196428571428571
0,12,3,0,0,1,0,0,1,0,1,1,1,0,1,0,0,0,2.0,167,32,5.21875
1,2,2,0,0,0,1,0,1,0,2,2,0,0,1,0,0,0,1.0,191,41,4.658536585365853
1,24,166,0,1,1,5,0,1,0,2,2,2,0,1,0,10,0,1.0,209,35,5.9714285714285715
1,8,23,3,1,0,1,0,1,1,0,0,0,0,1,0,0,0,3.0,496,102,4.862745098039215
0,1,3,0,1,3,2,0,0,0,0,2,0,0,1,0,1,0,5.0,167,33,5.0606060606060606
1,4,9,0,1,0,1,1,0,1,2,2,0,0,1,0,0,0,2.0,207,38,5.447368421052632
1,1,2,3,1,0,1,1,1,1,0,2,0,0,1,0,0,0,3.0,12,2,6.0
0,3,3,6,0,6,0,0,0,1,2,2,0,0,1,50,0,0,3.0,190,29,6.551724137931035
1,5,2,0,1,6,4,0,1,0,0,2,0,0,1,0,0,0,1.0,61,11,5.545454545454546
0,2,3,0,0,1,0,0,1,0,0,0,0,0,1,0,0,0,4.0,585,112,5.223214285714286
0,4,12,9,1,1,3,1,0,0,0,2,0,0,1,0,1,0,1.0,48,7,6.857142857142857
1,3,2,0,1,1,2,0,1,0,2,2,0,0,1,0,1,0,9.0,179,33,5.424242424242424
0,1,3,0,2,0,1,0,0,0,0,0,0,0,4,0,5,0,15.0,74,13,5.6923076923076925
1,88,20,0,0,1,6,0,1,1,2,2,1,0,1,0,2,0,4.0,150,24,6.25
0,2,3,0,0,0,3,0,0,0,0,0,0,0,1,0,1,0,3.0,233,43,5.4186046511627906
0,4,12,0,1,5,2,0,1,0,0,0,2,0,1,0,0,0,6.0,80,15,5.333333333333333
1,120,34,0,1,2,2,0,0,2,2,2,0,0,1,180,0,0,3.0,88,16,5.5
1,1,2,0,1,0,2,0,1,0,2,2,0,0,1,1,0,0,4.0,330,69,4.782608695652174
1,4,19,28,1,5,2,0,0,0,2,2,0,0,1,400,0,0,5.0,164,31,5.290322580645161
0,12,3,0,1,6,2,0,1,0,2,2,2,0,1,0,1,0,1.0,267,44,6.068181818181818
0,2,1,0,0,0,0,0,1,1,2,2,0,0,1,0,0,0,8.0,310,61,5.081967213114754
1,18,2,0,1,0,1,0,1,0,2,2,2,0,1,0,0,0,3.0,756,134,5.641791044776119
1,0,101,3,0,0,2,0,1,0,0,0,0,0,1,0,1,0,6.0,327,67,4.880597014925373
1,1,2,3,2,1,2,0,2,0,0,0,0,0,3,0,0,0,5.0,20,3,6.666666666666667
1,1,2,3,1,1,0,0,1,1,0,2,0,0,1,0,0,0,3.0,12,2,6.0
0,2,3,0,2,0,5,1,1,0,0,0,0,0,4,0,0,0,4.0,918,185,4.962162162162162
1,60,2,0,0,1,2,0,1,1,1,2,2,0,1,0,1,0,6.0,718,123,5.837398373983739
1,2,2,0,0,1,2,0,1,1,1,1,1,0,1,1,9,0,4.0,115,19,6.052631578947368
1,2,2,0,1,0,1,2,1,0,0,2,0,0,2,0,1,0,10.0,75,12,6.25
0,15,30,0,1,6,0,0,1,1,0,2,2,0,1,0,1,0,3.0,56,9,6.222222222222222
1,2,2,0,0,1,2,0,1,0,0,2,0,0,1,0,0,0,3.0,416,80,5.2
1,12,28,0,0,0,1,1,1,0,2,2,2,0,1,0,2,0,3.0,28,6,4.666666666666667
0,12,1,0,1,0,2,0,2,1,1,1,1,0,1,0,3,0,2.0,479,91,5.263736263736264
0,3,3,0,1,0,1,0,1,0,0,2,0,0,1,0,1,0,7.0,257,45,5.711111111111111
0,4,3,0,0,6,0,0,1,0,0,0,0,0,1,0,0,0,1.0,173,31,5.580645161290323
1,2,2,0,1,0,1,0,1,1,0,0,0,0,1,0,1,0,5.0,54,12,4.5
1,2,2,0,1,1,0,0,2,0,0,2,0,0,1,150,0,0,3.0,228,46,4.956521739130435
0,18,3,0,0,3,0,0,1,0,0,2,2,0,1,0,1,0,1.0,487,100,4.87
1,2,43,3,0,0,1,0,1,1,2,2,2,0,1,0,2,0,1.0,41,5,8.2
0,7,56,0,1,0,6,2,0,1,0,0,0,0,1,0,2,0,3.0,299,59,5.067796610169491
1,2,2,0,1,0,0,0,1,0,0,2,0,0,1,100,0,0,2.0,651,125,5.208
0,7,105,0,0,3,0,0,1,1,0,2,1,0,1,0,3,0,2.0,36,7,5.142857142857143
0,1,26,9,1,1,4,1,1,1,0,0,0,0,1,0,0,0,2.0,1127,216,5.217592592592593
1,3,2,0,1,1,2,0,1,0,0,2,0,0,1,0,2,0,1.0,314,62,5.064516129032258
0,2,3,0,1,0,6,1,1,0,0,0,0,0,1,0,0,0,2.0,120,22,5.454545454545454
1,24,18,33,0,5,2,0,2,1,2,2,2,0,1,0,0,0,1.0,142,25,5.68
0,6,94,0,2,6,0,0,1,0,0,0,0,0,5,0,5,0,3.0,826,126,6.555555555555555
1,10,9,0,1,0,0,0,0,1,1,1,1,0,1,0,0,0,1.0,137,29,4.724137931034483
0,2,1,0,1,6,4,1,0,1,0,0,0,0,2,0,0,0,6.0,73,13,5.615384615384615
1,3,2,0,0,1,2,0,1,1,2,2,1,0,1,0,6,0,1.0,122,23,5.304347826086956
1,2,2,0,1,0,2,0,1,0,0,0,0,2,2,0,1,0,2.0,257,49,5.244897959183674
0,6,3,0,1,6,2,0,1,0,2,2,2,0,1,100,1,0,4.0,281,49,5.73469387755102
1,12,2,0,1,1,2,0,1,1,2,2,2,0,1,0,0,0,3.0,1121,203,5.522167487684729
1,2,23,11,1,0,1,0,1,1,0,2,1,0,1,0,3,0,1.0,465,82,5.670731707317073
0,0,0,0,1,1,3,0,1,0,0,0,0,0,1,0,0,0,3.0,352,70,5.0285714285714285
1,4,2,0,1,0,4,0,1,0,0,2,0,0,1,0,0,0,5.0,690,131,5.267175572519084
1,0,2,0,2,1,4,0,1,0,0,0,0,0,7,0,0,0,9.0,730,137,5.328467153284672
0,4,1,6,1,6,0,0,1,1,0,2,0,0,1,0,0,0,5.0,44,10,4.4
0,3,3,0,1,1,6,2,1,0,0,0,0,0,1,0,0,0,2.0,16,4,4.0
1,2,55,0,1,5,2,0,1,1,2,0,2,0,1,0,1,0,6.0,94,20,4.7
0,1,3,26,0,4,2,0,1,0,0,2,0,0,1,0,0,0,6.0,586,114,5.140350877192983
1,3,25,3,1,0,1,0,1,1,2,2,0,0,1,0,0,0,6.0,137,23,5.956521739130435
0,1,3,6,0,4,0,0,1,0,0,0,0,0,1,50,0,0,8.0,601,110,5.463636363636364
0,1,3,0,2,0,5,1,0,0,0,0,0,0,4,0,0,0,5.0,95,16,5.9375
1,14,2,0,1,0,1,0,1,0,2,2,2,0,1,0,1,0,1.0,59,11,5.363636363636363
1,60,2,3,1,4,0,0,1,1,2,2,2,0,1,0,3,0,5.0,156,26,6.0
1,36,2,0,0,1,4,0,0,1,2,2,2,0,1,200,1,0,3.0,653,135,4.837037037037037
0,2,3,0,0,4,2,0,1,0,0,0,0,0,1,0,0,0,2.0,24,6,4.0
1,3,2,0,0,0,6,1,1,0,0,2,0,0,1,0,2,0,1.0,535,101,5.297029702970297
0,1,3,0,1,3,0,0,0,0,0,0,0,0,1,0,5,0,1.0,194,35,5.542857142857143
1,36,28,0,0,0,5,1,1,0,2,2,2,0,1,0,1,0,2.0,191,33,5.787878787878788
1,12,39,36,0,1,2,0,2,1,2,2,2,0,1,0,0,0,1.0,12,2,6.0
1,12,5,0,0,2,2,0,0,2,2,2,2,0,1,300,0,0,1.0,1474,251,5.872509960159363
1,3,2,0,1,0,2,0,1,0,2,2,0,0,1,0,0,0,6.0,371,72,5.152777777777778
0,1,7,0,2,0,1,5,1,2,0,0,1,0,4,0,0,0,3.0,53,9,5.888888888888889
1,2,2,3,1,0,1,0,1,1,0,0,0,0,1,59,0,0,1.0,38,6,6.333333333333333
0,2,3,0,1,0,0,0,1,0,2,2,0,0,1,0,1,0,1.0,161,29,5.551724137931035
1,12,2,58,1,0,1,0,1,0,0,0,2,0,1,0,0,0,1.0,511,98,5.214285714285714
1,18,2,0,0,1,2,0,2,0,2,2,2,0,1,0,0,0,2.0,769,129,5.961240310077519
1,2,2,3,0,1,5,2,1,0,0,2,0,0,1,80,0,0,3.0,207,33,6.2727272727272725
1,3,2,0,1,0,1,0,1,0,0,0,0,0,1,0,1,0,1.0,39,9,4.333333333333333
1,1,2,0,1,0,2,0,1,0,0,2,0,0,1,50,0,0,2.0,397,84,4.726190476190476
1,50,28,0,0,0,1,1,1,1,1,0,1,0,1,0,5,0,2.0,73,14,5.214285714285714
1,48,8,0,0,0,1,0,2,0,2,2,0,0,1,0,0,0,2.0,457,91,5.021978021978022
0,20,1,23,0,0,0,0,1,1,2,2,2,0,1,0,2,0,7.0,120,19,6.315789473684211
1,2,2,0,0,0,1,0,1,0,1,1,1,0,1,0,0,0,4.0,117,19,6.157894736842105
1,48,9,0,0,0,0,0,0,1,1,2,0,0,1,0,0,0,1.0,52,10,5.2
1,60,25,0,1,0,2,0,2,0,2,2,2,0,1,300,0,0,2.0,267,39,6.846153846153846
1,30,23,3,1,0,1,0,1,1,0,0,0,0,1,0,5,0,3.0,162,30,5.4
0,3,3,0,1,3,2,0,0,0,0,2,0,0,2,0,6,0,12.0,127,20,6.35
0,1,1,0,0,3,2,0,0,1,0,2,0,0,1,0,1,0,5.0,108,21,5.142857142857143
1,1,2,0,1,0,0,0,1,1,0,0,0,0,1,0,0,0,11.0,410,75,5.466666666666667
0,5,3,0,1,0,1,4,1,0,0,2,0,0,1,0,1,0,3.0,305,57,5.350877192982456
0,2,3,0,0,3,2,0,0,0,0,0,0,0,1,100,1,0,3.0,53,10,5.3
1,3,2,0,1,0,1,0,1,0,2,2,0,0,1,100,3,0,2.0,112,23,4.869565217391305
0,1,1,0,0,6,4,0,0,1,0,0,2,0,1,0,0,1,2.0,171,31,5.516129032258065
1,36,20,3,0,4,2,0,1,1,2,2,2,0,1,0,0,0,2.0,265,52,5.096153846153846
1,3,2,0,1,1,4,1,1,1,0,2,0,0,1,0,2,0,1.0,143,28,5.107142857142857
0,24,10,0,0,0,0,0,3,1,2,2,0,0,1,0,0,0,4.0,300,58,5.172413793103448
0,5,0,0,0,1,2,0,1,0,2,2,2,0,1,0,0,0,2.0,124,22,5.636363636363637
0,12,1,0,0,4,0,0,1,1,2,2,2,0,1,0,1,0,5.0,69,11,6.2727272727272725
1,2,2,11,2,1,4,1,1,1,0,0,0,0,4,0,0,0,8.0,168,31,5.419354838709677
0,4,3,0,2,0,5,1,0,0,2,2,1,0,2,0,0,0,2.0,63,9,7.0
0,30,1,0,0,5,2,0,2,1,2,2,2,0,1,0,0,0,12.0,864,176,4.909090909090909
0,12,1,0,1,1,4,0,1,1,0,0,0,0,2,0,0,0,4.0,1012,202,5.00990099009901
0,3,3,0,1,0,0,0,1,0,0,2,0,0,1,0,6,0,3.0,490,78,6.282051282051282
0,30,3,0,1,0,0,0,0,0,2,2,2,0,1,50,1,0,1.0,138,20,6.9
1,2,2,0,0,0,1,0,1,1,0,0,0,0,1,0,0,0,2.0,41,8,5.125
1,6,2,3,1,1,0,0,1,0,2,2,0,0,1,0,3,0,1.0,117,23,5.086956521739131
0,1,0,0,1,1,3,0,0,0,0,2,0,1,1,0,1,0,3.0,338,60,5.633333333333334
0,2,3,0,1,0,1,3,0,0,0,2,0,0,1,0,0,0,4.0,333,62,5.370967741935484
0,2,0,9,2,0,6,1,1,0,0,0,0,0,2,0,0,0,4.0,806,153,5.26797385620915
0,1,1,0,1,1,3,0,1,1,0,0,0,0,1,0,1,0,5.0,125,26,4.8076923076923075
0,18,1,0,1,2,2,0,1,1,2,2,0,0,1,0,0,0,4.0,228,43,5.3023255813953485
0,14,0,0,0,4,2,0,1,0,1,1,2,0,1,0,0,0,1.0,521,99,5.262626262626263
0,14,3,0,1,0,0,0,1,0,2,2,2,0,1,0,5,0,9.0,1746,284,6.147887323943662
0,3,3,6,2,0,4,1,1,1,2,2,0,0,2,0,1,0,11.0,1706,283,6.028268551236749
0,4,3,0,1,0,0,0,1,0,0,0,0,0,1,0,0,1,8.0,719,145,4.958620689655173
0,5,1,16,1,0,0,0,0,1,2,2,2,0,1,0,1,0,2.0,425,77,5.51948051948052
0,8,4,16,0,0,0,0,1,2,2,2,2,0,1,0,0,0,4.0,1995,369,5.40650406504065
1,2,2,0,1,0,1,0,1,0,1,1,0,0,1,0,0,0,1.0,105,18,5.833333333333333
0,33,3,0,1,1,2,0,1,0,2,2,2,0,1,80,1,0,5.0,264,54,4.888888888888889
0,5,3,0,0,0,2,0,1,0,0,2,2,0,1,0,0,0,5.0,334,59,5.661016949152542
0,16,3,0,0,4,5,0,2,0,2,2,2,0,1,0,0,0,4.0,76,14,5.428571428571429
1,2,2,0,0,0,4,0,1,0,0,0,0,0,1,0,1,0,4.0,191,40,4.775
1,24,18,0,1,3,0,0,2,1,1,1,2,1,1,300,0,0,3.0,1847,333,5.546546546546547
1,1,2,0,0,2,2,0,1,0,2,2,2,0,1,0,0,0,1.0,160,29,5.517241379310345
1,2,2,0,2,0,1,0,1,0,0,0,0,0,4,0,9,0,4.0,131,22,5.954545454545454
0,24,3,0,0,3,2,0,2,0,2,2,2,0,1,0,1,0,8.0,783,163,4.803680981595092
0,3,3,1,1,0,1,2,0,1,0,0,0,0,2,100,0,0,3.0,88,15,5.866666666666666
1,7,2,3,0,0,1,4,1,0,2,2,1,0,1,0,5,0,0.0,140,29,4.827586206896552
1,2,2,0,0,1,2,0,1,1,2,2,0,0,1,0,0,0,3.0,310,61,5.081967213114754
1,2,28,3,1,0,1,1,1,0,2,2,0,0,1,0,0,0,3.0,286,55,5.2
1,10,2,0,1,0,2,0,1,0,2,2,2,0,1,0,0,0,2.0,180,36,5.0
1,4,2,51,1,0,1,0,0,1,0,0,0,0,1,0,0,0,4.0,754,137,5.5036496350364965
1,24,48,0,1,1,2,0,0,0,1,1,0,1,1,0,6,0,3.0,67,13,5.153846153846154
0,5,3,0,0,0,0,0,1,1,0,0,0,0,1,0,1,0,5.0,535,107,5.0
1,4,2,3,1,5,2,0,2,0,2,2,2,0,1,50,9,0,2.0,227,41,5.536585365853658
1,1,2,33,2,0,1,0,1,0,0,0,0,0,6,0,1,0,1.0,192,37,5.1891891891891895
0,3,3,0,1,0,1,1,0,0,2,2,2,0,1,50,1,0,1.0,114,17,6.705882352941177
1,4,2,0,1,0,3,0,1,0,2,2,2,0,1,0,0,0,2.0,488,82,5.951219512195122
0,28,3,0,0,4,2,0,1,0,0,0,0,0,1,0,1,0,5.0,148,26,5.6923076923076925
1,1,2,0,2,1,5,1,1,0,0,0,0,0,4,0,5,0,4.0,745,147,5.068027210884353
0,3,3,9,1,0,2,0,0,1,0,2,0,0,1,0,1,0,5.0,67,12,5.583333333333333
1,2,2,0,1,1,2,0,1,0,2,2,0,0,1,0,0,0,2.0,116,19,6.105263157894737
1,1,2,0,0,0,1,0,1,0,0,0,0,0,1,0,1,0,3.0,118,22,5.363636363636363
1,7,2,3,1,1,2,0,1,1,2,2,2,0,1,0,1,0,3.0,261,51,5.117647058823529
1,3,2,115,1,0,2,0,0,0,2,2,0,0,1,0,0,0,8.0,349,53,6.584905660377358
0,18,3,0,1,4,0,0,0,0,2,2,2,0,1,0,0,0,1.0,162,28,5.785714285714286
1,1,2,0,1,0,1,0,1,1,0,0,0,0,1,20,0,0,12.0,410,75,5.466666666666667
1,2,2,0,1,6,0,0,0,0,2,1,0,0,1,0,0,0,4.0,148,27,5.481481481481482
1,3,2,0,1,0,1,1,1,1,0,2,0,0,3,0,1,0,8.0,701,133,5.2706766917293235
1,1,2,0,1,1,2,0,1,0,1,1,0,0,1,0,0,0,4.0,129,23,5.608695652173913
0,12,10,0,0,1,4,1,1,0,2,2,0,0,1,50,0,0,5.0,127,22,5.7727272727272725
1,24,2,4,1,4,4,0,1,0,2,2,2,0,1,0,0,0,4.0,329,64,5.140625
0,24,0,0,0,6,2,0,1,1,1,1,1,1,1,1,10,0,2.0,189,36,5.25
0,9,12,0,0,6,0,0,0,1,0,0,0,0,1,0,0,0,3.0,272,46,5.913043478260869
0,6,3,0,0,0,2,0,1,0,0,0,0,0,1,0,0,0,2.0,211,39,5.410256410256411
1,2,2,0,0,0,1,1,1,1,2,2,0,0,1,0,0,0,1.0,168,35,4.8
0,12,3,0,0,0,1,0,2,0,2,2,0,0,1,0,1,0,3.0,71,13,5.461538461538462
1,7,2,0,1,5,2,0,1,0,1,1,2,0,1,0,0,0,4.0,92,16,5.75
1,3,2,0,0,0,1,0,1,0,2,2,0,0,1,0,0,0,1.0,100,20,5.0
0,18,1,0,2,1,5,3,1,1,0,0,0,0,4,0,0,0,5.0,162,30,5.4
0,18,3,8,1,1,0,0,2,0,0,2,0,0,1,0,1,0,4.0,22,3,7.333333333333333
0,4,3,0,1,0,1,4,0,0,2,2,0,0,2,0,0,0,8.0,499,94,5.308510638297872
0,3,3,0,0,0,2,0,1,0,0,2,0,0,1,0,0,0,2.0,220,36,6.111111111111111
1,2,2,3,1,1,2,0,1,0,2,2,0,0,1,0,0,0,6.0,12,2,6.0
0,9,7,6,1,0,3,1,1,1,2,2,2,0,1,0,0,0,3.0,195,38,5.131578947368421
0,2,0,0,0,3,2,0,0,0,0,0,0,0,1,0,0,0,6.0,727,145,5.0137931034482754
1,4,2,0,1,0,1,0,1,0,0,2,0,0,1,0,0,0,2.0,188,34,5.529411764705882
0,21,0,0,1,6,0,0,1,0,2,2,2,1,1,0,0,0,2.0,574,109,5.26605504587156
1,3,2,0,0,0,1,0,1,0,2,2,0,0,1,0,9,0,7.0,221,44,5.0227272727272725
0,4,3,78,0,0,2,0,1,0,2,2,0,0,1,0,1,0,0.0,229,44,5.204545454545454
0,2,3,0,2,1,3,1,1,0,0,0,0,0,4,0,5,0,1.0,838,156,5.371794871794871
1,2,2,0,2,0,1,0,1,0,0,0,1,0,6,0,9,0,10.0,70,11,6.363636363636363
0,2,1,9,1,3,0,0,1,1,2,2,0,0,1,0,0,0,2.0,93,18,5.166666666666667
0,1,3,26,0,4,5,1,1,0,0,2,0,0,1,0,0,0,3.0,746,108,6.907407407407407
0,3,3,0,2,0,1,2,1,0,2,2,0,0,3,0,0,0,16.0,1379,258,5.344961240310077
1,1,2,3,2,0,1,2,1,1,0,2,1,0,5,0,6,0,5.0,121,21,5.761904761904762
1,39,2,3,1,1,2,0,1,0,2,2,2,0,1,0,0,0,3.0,146,4,36.5
1,6,2,0,0,4,2,0,0,0,2,2,2,0,1,0,0,0,4.0,86,16,5.375
0,2,0,0,0,1,5,3,1,0,0,2,0,0,1,0,1,0,2.0,454,87,5.218390804597701
0,3,92,0,1,3,2,0,1,1,0,0,0,0,1,0,1,0,3.0,227,48,4.729166666666667
1,2,2,0,1,1,4,1,1,2,2,2,0,0,1,0,1,0,5.0,213,39,5.461538461538462
0,12,17,9,0,0,2,0,0,0,2,2,2,0,1,120,0,0,0.0,93,16,5.8125
0,24,7,10,1,2,2,0,1,2,1,1,0,0,1,0,1,0,5.0,415,76,5.4605263157894735
0,8,3,0,1,0,5,1,0,0,1,1,1,0,1,0,1,0,6.0,171,26,6.576923076923077
0,8,30,0,1,0,1,1,1,1,0,0,0,0,1,0,1,0,8.0,465,82,5.670731707317073
0,4,3,0,0,0,1,1,2,0,0,0,0,0,1,0,1,0,3.0,1,1,1.0
0,2,3,0,1,3,2,0,1,0,0,0,0,0,1,0,0,0,1.0,137,25,5.48
1,12,2,0,1,1,2,0,0,0,2,2,2,0,1,0,0,0,3.0,77,12,6.416666666666667
0,36,78,0,1,1,0,0,1,0,2,2,2,0,1,250,2,0,1.0,103,19,5.421052631578948
0,4,92,16,0,5,2,0,0,0,0,2,0,0,1,1,1,0,3.0,202,44,4.590909090909091
0,1,3,0,2,0,3,1,0,0,0,0,0,0,5,0,0,0,2.0,498,91,5.472527472527473
0,3,3,0,0,0,3,1,1,0,0,2,0,0,1,0,0,0,3.0,63,11,5.7272727272727275
1,12,2,0,1,1,4,0,1,0,2,2,2,0,1,0,0,0,3.0,307,56,5.482142857142857
1,0,2,0,2,0,1,0,1,0,0,0,0,0,8,0,1,0,2.0,145,27,5.37037037037037
0,2,10,0,1,1,0,0,0,0,0,2,0,1,1,0,0,0,10.0,602,112,5.375
0,3,3,0,0,0,0,0,1,0,2,0,0,0,1,0,0,0,0.0,26,5,5.2
1,2,2,0,1,0,5,0,2,1,1,1,0,0,1,0,0,0,2.0,70,12,5.833333333333333
1,2,2,0,1,0,0,0,1,0,0,0,0,0,1,0,0,0,2.0,175,34,5.147058823529412
0,14,1,0,1,6,4,0,1,1,2,2,0,0,1,0,0,0,5.0,562,108,5.203703703703703
1,12,2,11,0,1,5,2,2,1,0,0,2,0,1,150,0,0,3.0,527,103,5.116504854368932
1,1,2,3,2,1,6,3,0,0,0,0,1,0,6,0,0,1,5.0,209,43,4.8604651162790695
0,12,10,8,1,1,2,0,1,0,0,0,0,0,4,0,8,0,4.0,333,58,5.741379310344827
1,12,2,0,1,1,0,0,0,1,2,2,2,0,1,0,1,0,4.0,803,145,5.537931034482758
1,2,2,0,0,0,1,0,1,0,0,2,0,0,1,50,3,0,3.0,154,21,7.333333333333333
1,2,2,0,1,0,1,0,1,1,0,0,0,0,1,20,3,0,1.0,122,21,5.809523809523809
1,6,48,33,1,0,0,0,0,0,0,2,0,0,1,0,1,0,5.0,363,62,5.854838709677419
1,1,2,0,1,0,1,0,0,1,0,0,0,0,2,0,0,0,4.0,299,57,5.245614035087719
1,3,2,0,1,1,2,0,1,0,0,2,0,0,1,0,0,0,4.0,107,19,5.631578947368421
0,36,3,8,1,1,2,0,2,1,2,2,2,0,2,0,0,0,4.0,208,34,6.117647058823529
1,2,2,3,2,0,4,1,1,0,0,0,0,0,3,0,0,0,0.0,312,67,4.656716417910448
0,2,3,0,1,0,0,0,0,0,0,2,0,0,1,0,3,0,3.0,138,19,7.2631578947368425
1,3,2,0,1,4,2,0,1,0,0,0,0,0,2,0,1,0,5.0,761,139,5.474820143884892
0,1,3,0,0,0,2,0,1,0,0,2,0,0,1,0,0,0,3.0,36,7,5.142857142857143
0,2,3,0,0,1,2,0,1,0,2,2,0,0,1,0,1,0,5.0,447,87,5.137931034482759
0,22,7,0,1,1,6,1,1,2,2,2,2,0,1,0,1,0,5.0,580,111,5.225225225225225
1,24,2,0,0,1,2,0,2,0,1,1,1,0,1,0,1,1,2.0,258,52,4.961538461538462
1,2,2,0,0,1,2,0,1,0,0,0,0,0,1,0,0,0,1.0,155,29,5.344827586206897
1,12,2,0,1,5,2,0,0,0,2,2,2,0,1,0,0,0,3.0,510,98,5.204081632653061
0,5,3,0,1,0,0,0,1,0,0,2,0,0,1,0,1,0,1.0,76,15,5.066666666666666
1,60,16,3,1,4,4,1,1,1,2,2,2,0,1,0,0,0,0.0,642,111,5.783783783783784
0,15,0,26,1,6,2,0,1,0,2,0,0,0,3,0,10,0,1.0,99,18,5.5
1,1,13,3,2,0,1,0,0,0,0,0,0,0,6,0,0,0,11.0,48,8,6.0
0,1,3,5,2,0,1,3,0,0,0,0,0,0,3,0,0,0,5.0,211,39,5.410256410256411
0,2,7,9,0,0,0,0,1,1,0,0,0,0,1,0,1,0,6.0,368,69,5.333333333333333
0,2,3,26,1,3,0,0,0,0,0,2,0,0,1,0,0,0,13.0,518,96,5.395833333333333
0,4,93,0,2,0,1,1,1,1,0,0,0,0,3,0,0,0,5.0,926,174,5.32183908045977
1,2,2,0,0,0,1,5,1,0,2,2,0,0,1,0,2,0,5.0,342,69,4.956521739130435
1,3,2,0,1,1,0,0,1,1,2,2,0,0,1,0,0,0,2.0,217,46,4.717391304347826
0,1,3,0,2,6,3,1,0,0,0,0,0,0,3,0,5,0,10.0,101,15,6.733333333333333
0,108,12,0,0,4,2,0,1,1,2,1,2,0,1,0,0,0,4.0,125,24,5.208333333333333
1,6,2,0,0,4,2,0,1,0,2,2,2,0,1,150,0,0,2.0,328,59,5.559322033898305
0,3,1,6,1,0,0,0,1,1,0,2,0,0,1,0,1,0,6.0,143,21,6.809523809523809
0,2,7,6,0,5,2,0,1,2,0,2,0,0,1,100,0,0,5.0,657,121,5.429752066115703
1,24,2,0,0,0,1,0,1,0,2,2,2,0,1,0,0,0,4.0,379,70,5.414285714285715
0,2,7,1,1,3,0,0,1,2,0,0,0,0,1,450,3,0,7.0,187,32,5.84375
0,5,3,0,0,3,0,0,0,0,0,2,0,0,1,0,1,0,2.0,76,13,5.846153846153846
1,2,70,3,1,1,2,0,1,0,1,1,0,0,1,0,0,0,3.0,124,22,5.636363636363637
1,6,34,3,0,1,2,0,0,1,1,1,1,0,1,0,0,0,0.0,36,6,6.0
1,2,2,0,0,0,1,0,1,0,0,0,0,0,1,0,0,1,4.0,287,61,4.704918032786885
0,1,92,61,1,6,4,1,1,2,1,1,1,0,1,0,0,0,3.0,54,11,4.909090909090909
1,2,2,0,1,5,2,0,1,1,2,2,0,0,1,0,1,1,14.0,246,47,5.23404255319149
0,4,3,0,2,0,1,1,0,0,0,0,0,0,4,0,1,0,2.0,194,31,6.258064516129032
1,1,2,0,1,0,0,0,1,1,0,0,0,0,1,0,0,0,4.0,372,69,5.391304347826087
0,9,3,0,1,2,2,0,1,0,0,0,0,0,1,0,0,0,2.0,26,5,5.2
0,24,3,0,0,3,0,0,1,0,1,1,2,0,1,0,0,0,2.0,608,114,5.333333333333333
0,7,26,9,1,0,5,1,1,0,2,2,2,0,1,50,0,0,3.0,445,68,6.544117647058823
1,24,2,3,1,0,1,1,1,1,1,2,1,0,1,0,5,0,1.0,436,80,5.45
0,6,3,0,1,4,5,1,0,0,2,2,0,0,1,0,0,0,4.0,162,30,5.4
0,2,26,0,2,6,0,0,1,1,0,0,0,0,4,0,0,1,10.0,97,17,5.705882352941177
0,5,32,9,1,6,3,1,1,0,0,2,0,0,1,0,1,0,2.0,241,49,4.918367346938775
1,3,2,0,1,0,2,0,1,0,0,2,0,0,1,0,0,0,2.0,230,46,5.0
0,4,10,0,0,0,1,1,0,0,0,2,0,0,1,50,1,0,5.0,889,175,5.08
1,48,11,0,0,1,0,0,1,0,2,2,0,0,1,0,0,0,2.0,27,6,4.5
0,38,3,0,1,0,6,1,2,0,2,2,1,0,1,0,9,0,1.0,186,38,4.894736842105263
1,3,152,3,1,1,2,0,1,0,2,2,0,0,1,0,0,0,3.0,148,28,5.285714285714286
0,96,64,0,1,3,2,0,3,1,2,2,2,0,3,0,1,0,3.0,173,33,5.242424242424242
0,6,3,0,1,1,2,0,1,0,2,2,0,0,1,0,6,0,2.0,470,91,5.164835164835165
0,3,3,0,0,6,0,0,1,0,0,2,0,0,1,30,0,0,2.0,174,27,6.444444444444445
0,7,1,0,0,1,0,0,2,1,0,1,0,0,1,0,0,0,5.0,649,124,5.233870967741935
1,24,69,3,1,2,2,0,1,0,2,2,2,0,1,0,0,0,5.0,338,64,5.28125
0,1,0,0,1,0,1,1,0,0,0,2,0,0,1,0,0,0,2.0,86,17,5.0588235294117645
1,48,2,0,0,0,0,0,1,0,2,2,1,0,1,0,0,0,2.0,71,15,4.733333333333333
1,36,34,0,1,2,2,0,0,0,2,2,1,0,1,400,1,0,1.0,300,66,4.545454545454546
1,84,2,0,1,1,0,0,0,0,2,2,2,0,1,0,0,0,2.0,604,117,5.162393162393163
0,12,10,0,1,1,4,1,1,0,0,0,0,0,1,0,0,0,2.0,874,165,5.296969696969697
1,0,2,0,0,0,1,5,2,0,0,0,0,0,5,0,5,0,7.0,156,26,6.0
0,24,10,26,1,6,0,0,1,0,2,2,2,0,1,0,0,0,3.0,216,46,4.695652173913044
0,8,3,0,0,1,0,0,1,0,2,2,2,0,1,0,0,0,5.0,268,55,4.872727272727273
0,2,1,0,2,0,5,3,1,1,0,2,1,0,9,0,0,0,5.0,183,38,4.815789473684211
0,6,3,0,0,3,0,0,1,0,2,2,2,0,1,50,1,0,0.0,95,12,7.916666666666667
0,2,3,0,2,6,2,0,1,0,0,0,0,0,3,0,0,0,1.0,148,26,5.6923076923076925
0,1,1,6,1,0,2,0,0,1,0,0,0,0,1,0,1,0,4.0,224,44,5.090909090909091
1,72,13,31,1,0,2,0,1,1,1,1,2,0,1,0,0,0,2.0,229,44,5.204545454545454
1,1,2,0,2,5,2,0,2,1,0,0,0,0,2,0,0,0,4.0,190,34,5.588235294117647
1,4,2,3,1,0,0,0,1,0,2,2,0,0,1,100,0,0,8.0,12,3,4.0
1,1,2,3,0,0,0,0,1,1,0,2,0,0,1,0,0,0,4.0,12,2,6.0
1,5,2,0,0,0,2,0,1,0,2,2,0,0,1,0,0,1,5.0,519,103,5.038834951456311
1,12,109,0,1,0,0,0,0,0,2,2,2,0,1,250,0,0,3.0,263,50,5.26
0,4,105,0,1,6,4,1,1,0,0,0,0,0,2,0,0,0,1.0,153,30,5.1
1,24,48,115,1,1,2,0,0,0,1,1,1,0,1,0,0,0,4.0,271,52,5.211538461538462
1,2,2,3,1,1,2,0,1,0,0,2,0,0,1,0,1,0,7.0,777,129,6.023255813953488
0,21,0,0,0,6,0,0,1,0,2,2,2,0,1,0,0,0,3.0,212,39,5.435897435897436
0,2,3,9,1,0,1,4,1,1,0,0,0,0,2,0,1,0,2.0,137,26,5.269230769230769
0,2,1,0,2,0,1,1,1,1,0,0,0,0,4,0,0,0,5.0,214,39,5.487179487179487
0,2,3,0,1,2,0,0,0,0,0,0,0,0,1,20,0,1,2.0,25,6,4.166666666666667
1,1,2,0,2,0,1,0,1,0,0,0,0,0,3,0,0,0,9.0,171,33,5.181818181818182
0,1,1,0,2,0,2,0,0,1,0,0,0,0,5,0,6,0,5.0,308,45,6.844444444444444
1,3,2,0,0,0,2,0,1,0,0,0,0,0,1,0,1,0,1.0,103,15,6.866666666666666
0,1,3,0,1,0,2,0,1,0,0,0,0,0,1,0,7,0,4.0,816,155,5.264516129032258
1,1,2,0,1,0,2,0,0,0,0,2,0,0,2,0,1,0,5.0,273,53,5.150943396226415
1,2,2,0,1,1,0,0,0,0,1,1,1,0,1,0,1,0,3.0,270,53,5.09433962264151
1,12,2,0,1,1,4,1,1,0,2,2,2,0,1,0,1,0,3.0,193,35,5.514285714285714
0,34,30,0,2,0,4,1,1,1,0,0,0,0,4,0,3,0,5.0,28,6,4.666666666666667
1,36,2,0,0,2,2,0,0,1,1,1,0,0,1,0,1,0,1.0,407,80,5.0875
0,12,3,0,1,0,0,0,1,0,1,1,1,0,1,0,0,0,3.0,67,16,4.1875
0,48,7,57,2,0,4,1,1,2,2,2,2,0,2,0,0,0,2.0,310,58,5.344827586206897
1,2,2,0,1,0,2,0,0,0,0,2,1,0,1,0,0,0,4.0,174,31,5.612903225806452
1,60,8,0,1,0,1,0,2,0,2,2,2,0,1,500,0,1,4.0,221,45,4.911111111111111
1,3,2,0,1,1,2,0,1,0,2,2,0,0,1,0,1,0,7.0,204,35,5.828571428571428
1,5,2,0,1,0,1,0,1,0,2,2,0,0,1,0,1,0,0.0,125,24,5.208333333333333
0,2,1,0,1,0,3,1,1,1,0,2,0,1,1,0,0,0,3.0,482,96,5.020833333333333
1,2,109,2,1,0,0,0,0,1,2,2,0,0,1,350,0,1,9.0,158,25,6.32
1,3,2,0,2,0,2,0,1,0,0,0,0,0,2,0,5,0,3.0,226,43,5.255813953488372
1,1,2,0,0,1,3,1,1,0,0,0,0,0,1,50,0,1,4.0,653,128,5.1015625
0,24,3,0,0,1,0,0,1,0,2,2,0,0,1,0,1,0,4.0,66,13,5.076923076923077
1,15,20,0,1,4,2,0,2,2,0,0,1,0,1,0,0,0,1.0,53,10,5.3
0,6,1,0,0,4,2,0,1,1,0,0,0,0,1,50,0,0,5.0,118,22,5.363636363636363
0,2,3,0,2,0,6,1,1,0,0,2,0,0,3,50,1,0,12.0,560,107,5.233644859813084
0,1,1,0,0,0,5,1,1,1,0,0,0,0,1,0,0,0,1.0,208,37,5.621621621621622
0,2,3,0,1,5,2,0,1,0,0,0,0,0,1,0,1,0,2.0,319,62,5.145161290322581
0,4,4,10,1,1,2,0,1,2,0,2,0,0,1,650,0,0,6.0,65,12,5.416666666666667
1,2,14,3,1,4,4,0,1,1,2,2,0,0,1,0,0,0,5.0,681,129,5.27906976744186
1,24,2,0,1,1,0,0,1,0,2,2,2,0,1,0,0,0,1.0,121,24,5.041666666666667
1,60,15,0,0,3,2,0,2,0,2,1,2,0,1,0,9,0,2.0,1633,334,4.889221556886228
0,72,3,0,1,0,1,1,2,0,2,2,2,0,1,0,0,0,1.0,188,32,5.875
1,9,2,0,1,6,4,0,1,0,0,2,0,0,1,250,0,0,6.0,730,129,5.658914728682171
0,0,3,0,0,0,2,0,0,0,0,0,0,0,1,0,0,0,2.0,85,13,6.538461538461538
0,3,1,0,2,2,3,1,1,1,0,0,0,0,3,0,1,0,5.0,265,56,4.732142857142857
1,1,2,3,0,1,6,2,1,1,0,0,0,0,1,0,3,0,1.0,244,46,5.304347826086956
1,8,2,0,2,0,1,2,1,0,2,2,0,0,2,0,0,0,8.0,408,74,5.513513513513513
1,12,9,0,0,0,1,1,1,0,2,2,0,0,1,0,2,0,1.0,90,14,6.428571428571429
1,24,2,0,1,0,1,0,1,1,2,2,2,0,1,0,1,0,1.0,587,105,5.59047619047619
0,24,10,6,2,1,3,1,1,1,2,2,2,0,2,0,1,0,5.0,274,51,5.372549019607843
0,4,138,1,1,3,2,0,1,2,0,2,0,0,1,0,1,0,3.0,69,12,5.75
1,1,2,0,2,0,1,0,1,0,0,2,0,0,2,0,0,0,4.0,128,25,5.12
1,48,2,0,0,0,1,0,1,0,0,1,0,0,1,0,3,0,2.0,186,41,4.536585365853658
1,12,100,3,1,1,0,0,1,1,2,2,2,0,1,0,0,0,3.0,219,41,5.341463414634147
0,1,0,26,1,0,1,1,1,0,0,0,0,0,1,0,0,0,3.0,206,38,5.421052631578948
0,24,3,0,0,1,2,0,1,0,0,2,2,0,1,0,6,0,4.0,98,16,6.125
1,4,2,3,1,0,1,0,1,0,1,1,1,0,2,0,0,0,5.0,395,70,5.642857142857143
0,12,10,0,1,1,4,0,1,1,2,2,0,0,1,0,9,0,3.0,120,18,6.666666666666667
1,12,2,0,2,1,2,0,1,1,1,1,1,0,4,0,1,0,7.0,2150,366,5.8743169398907105
0,3,3,0,0,0,2,0,1,1,2,2,0,0,1,0,0,0,5.0,547,109,5.018348623853211
0,3,3,0,0,0,2,0,0,0,0,2,0,0,1,0,1,0,3.0,720,143,5.034965034965035
1,1,2,0,0,0,2,0,0,0,0,2,0,0,1,0,1,0,3.0,409,79,5.177215189873418
0,108,3,0,1,0,0,0,1,0,2,2,2,0,1,0,0,0,1.0,736,138,5.333333333333333
1,10,2,3,0,0,1,0,2,0,2,2,2,0,1,0,0,0,4.0,145,4,36.25
0,2,3,0,1,4,5,0,0,0,0,0,0,0,1,0,1,0,3.0,64,4,16.0
0,1,3,0,1,0,6,1,1,0,0,0,0,0,1,0,0,0,4.0,643,119,5.4033613445378155
0,3,3,0,2,1,5,1,0,0,1,1,0,0,5,0,0,0,5.0,449,77,5.8311688311688314
0,1,1,0,1,0,1,3,0,1,0,1,1,0,1,0,1,0,3.0,154,31,4.967741935483871
1,3,2,0,0,0,0,0,0,0,1,1,1,0,1,0,0,0,5.0,121,25,4.84
1,2,2,0,1,0,1,0,1,1,1,1,0,0,1,0,0,0,4.0,122,21,5.809523809523809
0,1,3,0,1,0,6,1,1,0,0,0,0,0,1,0,0,0,2.0,58,12,4.833333333333333
1,30,2,3,0,1,0,0,1,0,2,2,0,0,1,250,0,1,3.0,815,157,5.191082802547771
1,17,2,0,0,0,0,0,1,0,2,2,2,0,1,0,1,0,3.0,1871,370,5.056756756756757
1,48,33,0,1,1,2,0,1,0,1,1,1,0,1,0,0,0,4.0,1357,238,5.701680672268908
1,1,2,38,1,0,6,0,1,1,1,1,1,0,1,0,0,0,1.0,54,11,4.909090909090909
0,2,3,0,0,4,0,0,1,0,0,2,0,0,1,0,9,0,4.0,564,95,5.936842105263158
1,2,2,0,1,6,0,0,1,0,0,0,0,0,1,0,6,0,1.0,46,7,6.571428571428571
1,36,96,0,1,0,3,1,0,2,1,1,2,0,1,0,5,0,6.0,378,72,5.25
1,4,2,0,1,1,2,0,1,0,2,2,2,0,1,190,1,0,4.0,122,25,4.88
1,3,2,0,1,1,4,0,1,1,0,2,0,0,1,0,8,0,1.0,218,43,5.069767441860465
1,36,2,0,1,1,2,0,1,0,2,2,2,0,1,0,0,0,5.0,588,115,5.113043478260869
1,2,2,0,1,0,1,0,1,1,0,0,0,0,1,20,3,0,1.0,141,25,5.64
0,2,3,0,0,3,0,0,1,0,0,2,0,0,1,0,0,0,7.0,647,127,5.094488188976378
0,1,3,0,0,0,2,0,1,0,0,2,0,0,1,0,1,0,9.0,218,41,5.317073170731708
0,4,3,0,1,4,0,0,0,0,0,2,0,0,1,0,1,0,4.0,173,32,5.40625
1,1,5,3,1,0,1,0,1,0,0,2,0,0,1,0,0,0,2.0,281,47,5.9787234042553195
0,2,3,0,2,4,0,0,1,0,0,0,0,0,2,30,0,0,2.0,340,59,5.762711864406779
