Type,Age,Breed1,Breed2,Gender,Color1,Color2,Color3,MaturitySize,FurLength,Vaccinated,Dewormed,Sterilized,Health,Quantity,Fee,State,VideoAmt,PhotoAmt,desc_length,desc_words,average_word_length
0,1,3,0,0,0,1,0,1,0,0,0,0,0,1,0,0,0,1.0,251,58,4.327586206896552
1,3,2,0,2,0,1,1,1,0,0,0,0,0,3,0,0,0,5.0,372,65,5.723076923076923
0,7,3,0,1,1,0,0,1,0,0,0,0,0,1,0,0,0,3.0,129,23,5.608695652173913
0,3,3,6,2,4,3,1,0,0,0,0,0,0,3,0,0,0,12.0,459,83,5.530120481927711
0,72,3,0,1,0,2,0,1,1,2,2,2,0,2,0,1,0,3.0,305,59,5.169491525423729
1,1,2,3,0,0,1,0,1,1,0,0,0,0,1,0,0,0,1.0,12,2,6.0
1,2,2,0,2,0,3,1,1,1,2,2,0,0,5,0,0,4,22.0,336,51,6.588235294117647
0,3,3,0,0,6,0,0,1,0,0,0,0,0,1,0,1,0,1.0,236,49,4.816326530612245
1,48,48,3,1,0,1,0,0,0,2,2,1,0,1,0,0,0,5.0,1520,302,5.033112582781457
1,3,2,0,0,6,4,0,1,0,2,2,0,0,1,100,3,0,1.0,75,15,5.0
0,2,10,0,1,1,2,0,1,0,0,0,0,0,1,0,0,0,3.0,262,48,5.458333333333333
0,3,26,0,1,0,5,1,0,1,0,2,0,0,1,50,0,0,5.0,377,73,5.164383561643835
1,1,2,0,1,0,1,0,1,1,0,0,0,0,1,0,0,0,4.0,67,10,6.7
0,2,1,0,1,0,1,0,1,1,0,0,0,0,1,0,8,0,0.0,399,68,5.867647058823529
0,24,3,9,1,0,0,0,1,0,2,2,2,0,1,0,1,0,2.0,25,4,6.25
1,2,2,31,0,1,4,0,1,0,2,2,0,0,3,0,1,0,1.0,102,18,5.666666666666667
1,3,2,129,0,0,1,0,1,1,0,2,0,0,1,0,0,0,5.0,83,12,6.916666666666667
1,14,2,0,1,0,1,1,1,1,2,2,2,0,1,0,1,0,11.0,1428,284,5.028169014084507
1,1,23,42,0,0,1,0,1,1,0,2,0,0,1,0,1,0,2.0,21,5,4.2
0,6,1,0,0,3,2,0,0,1,0,2,0,0,1,0,0,0,4.0,149,25,5.96
1,1,2,0,1,1,0,0,1,0,0,0,0,0,1,50,0,0,1.0,59,11,5.363636363636363
0,8,1,10,2,1,4,1,1,1,0,0,1,0,7,0,1,0,2.0,589,114,5.166666666666667
0,3,3,0,1,6,2,0,0,0,1,1,1,0,1,0,1,0,3.0,60,11,5.454545454545454
0,2,3,0,2,4,5,0,1,0,0,2,0,0,2,0,0,0,4.0,312,53,5.886792452830188
1,10,139,53,1,0,0,0,1,1,2,2,2,0,1,0,0,0,6.0,2987,505,5.914851485148515
1,2,2,3,1,0,2,0,1,0,2,2,0,0,1,150,0,0,1.0,82,15,5.466666666666667
0,24,4,6,0,0,1,5,2,2,1,2,0,0,1,50,0,0,4.0,309,52,5.9423076923076925
1,2,2,35,0,1,6,0,1,0,0,2,0,0,4,0,0,4,24.0,1810,332,5.451807228915663
0,12,3,0,1,3,0,0,1,0,1,1,2,0,1,0,0,0,5.0,656,119,5.512605042016807
0,8,3,0,0,4,5,0,1,0,2,2,2,0,1,0,1,0,3.0,116,22,5.2727272727272725
1,72,9,3,1,1,4,0,0,1,1,1,1,0,1,0,5,0,1.0,290,57,5.087719298245614
1,3,18,28,1,2,3,1,1,0,1,2,0,0,1,0,1,0,3.0,459,86,5.337209302325581
0,1,3,0,1,0,0,0,1,0,0,0,0,0,1,0,1,0,1.0,39,8,4.875
0,6,12,0,0,1,0,0,0,1,0,0,2,0,1,0,0,0,4.0,92,19,4.842105263157895
0,6,26,0,2,0,1,3,0,1,0,0,0,0,5,0,2,0,1.0,188,32,5.875
0,2,3,0,0,4,2,0,1,1,0,0,0,0,1,0,0,0,1.0,200,42,4.761904761904762
1,12,9,0,0,0,1,0,0,2,1,1,1,1,1,0,5,0,5.0,478,103,4.640776699029126
1,2,2,3,1,1,2,0,1,1,0,2,0,0,1,0,0,0,5.0,12,2,6.0
0,7,3,0,1,1,0,0,1,0,2,2,0,0,1,0,0,0,6.0,493,112,4.401785714285714
1,38,2,0,1,0,2,0,0,1,2,2,2,0,1,80,0,0,5.0,235,47,5.0
1,35,51,0,0,1,2,0,0,0,2,2,1,0,1,0,0,0,2.0,840,161,5.217391304347826
0,4,3,0,2,0,5,1,0,0,0,0,2,0,4,0,0,0,8.0,106,21,5.0476190476190474
0,12,7,0,0,0,0,0,1,1,2,2,0,0,1,0,2,0,2.0,153,30,5.1
1,2,2,3,2,0,1,2,1,0,2,2,1,0,4,0,3,0,1.0,445,89,5.0
0,8,1,0,0,3,0,0,1,1,0,0,0,0,1,0,0,0,3.0,289,58,4.982758620689655
1,24,2,0,0,0,0,0,1,0,0,0,0,1,1,0,0,0,3.0,662,127,5.21259842519685
0,2,1,6,2,0,3,1,0,1,0,0,0,0,4,0,1,0,5.0,48,7,6.857142857142857
0,36,3,0,0,4,0,0,1,0,2,2,2,0,1,250,0,0,5.0,871,157,5.547770700636943
1,1,2,3,0,1,2,0,1,1,2,2,0,0,1,0,0,0,2.0,12,2,6.0
1,4,2,0,1,1,6,0,1,0,2,2,0,0,2,0,0,0,8.0,207,38,5.447368421052632
1,1,2,3,2,0,1,1,1,1,0,0,0,0,5,0,0,0,4.0,297,60,4.95
1,3,21,3,0,1,4,1,1,1,0,0,1,0,1,0,0,0,3.0,200,37,5.405405405405405
1,2,2,0,1,0,1,0,1,0,1,2,0,0,1,0,1,0,2.0,71,13,5.461538461538462
1,2,2,0,1,0,1,0,0,0,0,2,1,0,1,0,0,0,2.0,292,56,5.214285714285714
1,12,2,0,1,2,0,0,1,0,2,2,2,0,1,0,0,0,5.0,337,61,5.524590163934426
1,120,14,0,1,2,2,0,2,0,2,0,2,1,1,0,1,0,0.0,15,2,7.5
1,46,14,11,1,6,2,0,1,0,2,2,0,0,2,0,0,0,5.0,293,57,5.140350877192983
0,7,3,0,0,3,0,0,1,0,0,2,0,0,2,0,0,0,3.0,74,12,6.166666666666667
0,5,3,0,1,0,5,1,1,0,0,0,0,0,1,0,0,0,2.0,124,25,4.96
1,2,2,0,1,2,0,0,1,0,2,2,2,0,1,0,1,0,1.0,559,40,13.975
1,4,2,0,1,0,3,0,1,0,2,2,2,0,1,0,0,0,2.0,488,82,5.951219512195122
1,10,14,35,1,0,0,0,1,1,2,2,0,0,1,0,0,0,2.0,280,51,5.490196078431373
0,11,31,0,0,0,0,0,1,0,2,2,2,0,1,0,0,0,7.0,425,77,5.51948051948052
0,8,26,0,1,0,1,4,0,0,1,1,2,0,1,0,1,0,5.0,320,61,5.245901639344262
1,36,66,0,1,1,2,0,0,2,1,1,2,0,1,0,0,0,1.0,178,35,5.085714285714285
0,24,1,0,1,5,2,0,1,1,0,1,1,0,1,0,6,0,1.0,26,5,5.2
1,24,23,3,1,0,1,0,1,1,1,1,1,0,1,0,1,0,3.0,461,81,5.691358024691358
1,3,18,3,1,3,2,0,0,1,0,0,0,0,1,0,2,0,2.0,44,8,5.5
0,2,1,0,2,0,1,3,1,1,0,0,0,0,4,0,0,0,3.0,397,78,5.089743589743589
1,3,2,0,1,0,1,0,0,0,2,2,0,0,1,0,1,0,6.0,27,4,6.75
1,24,20,0,1,6,4,0,1,1,0,0,2,0,1,300,5,0,2.0,48,8,6.0
1,7,2,0,1,0,2,0,1,1,2,2,2,0,1,0,0,0,2.0,173,32,5.40625
0,4,3,0,1,4,5,1,0,0,0,0,0,0,1,0,1,0,1.0,266,52,5.115384615384615
1,1,135,0,1,1,2,0,1,1,0,0,0,0,1,0,1,0,4.0,168,38,4.421052631578948
1,24,2,0,0,0,4,0,0,1,1,1,1,1,1,0,0,0,1.0,49,9,5.444444444444445
1,33,21,33,1,4,5,1,1,1,2,2,2,0,1,10,0,0,4.0,200,39,5.128205128205129
1,10,2,0,1,0,2,0,1,0,2,2,2,0,1,50,0,0,10.0,312,56,5.571428571428571
1,1,2,0,1,0,1,0,1,0,2,2,0,0,1,0,0,0,5.0,244,39,6.256410256410256
1,6,2,3,0,1,2,0,1,0,0,0,0,0,2,0,0,0,3.0,524,97,5.402061855670103
0,2,3,0,0,0,4,0,1,0,0,0,0,1,1,0,0,0,1.0,185,37,5.0
1,48,13,3,0,2,2,0,1,1,2,2,2,0,1,0,1,0,3.0,1029,189,5.444444444444445
0,10,3,0,2,4,3,1,0,1,0,0,2,0,7,0,13,0,3.0,104,21,4.9523809523809526
0,12,1,0,0,4,0,0,1,1,0,0,0,0,1,0,0,0,5.0,611,110,5.554545454545455
1,4,2,0,1,0,1,0,2,1,2,2,0,0,1,0,0,0,4.0,310,60,5.166666666666667
1,4,2,0,2,0,1,1,1,1,0,0,0,0,10,0,0,0,6.0,278,57,4.87719298245614
0,54,7,0,0,1,2,0,2,2,1,1,0,1,1,0,3,0,1.0,90,16,5.625
1,1,2,0,0,1,0,0,1,1,0,0,0,0,1,0,3,0,2.0,103,17,6.0588235294117645
1,1,2,0,0,1,0,0,1,1,0,0,0,0,1,0,1,0,10.0,109,22,4.954545454545454
1,18,80,56,1,1,0,0,1,1,0,2,0,0,1,0,1,0,3.0,410,85,4.823529411764706
0,3,3,0,0,6,0,0,1,0,0,0,0,0,1,0,0,0,1.0,65,11,5.909090909090909
1,4,21,31,1,0,1,0,2,1,2,2,0,0,1,600,0,0,2.0,243,45,5.4
1,2,2,3,0,1,5,2,1,0,0,2,0,0,1,80,0,0,3.0,207,33,6.2727272727272725
0,4,3,0,1,4,0,0,0,0,2,2,2,0,1,5,0,0,1.0,447,85,5.258823529411765
1,42,2,0,1,0,1,0,0,0,2,2,2,0,1,0,0,0,1.0,541,106,5.10377358490566
1,36,2,0,1,1,2,0,1,0,2,2,2,0,1,0,1,0,3.0,337,65,5.184615384615385
0,5,1,0,0,6,0,0,1,0,2,2,0,1,1,0,0,0,9.0,56,10,5.6
0,3,3,0,1,0,1,1,1,0,2,2,0,0,1,0,1,0,8.0,994,186,5.344086021505376
1,96,2,0,0,0,2,0,0,0,2,2,2,0,1,0,3,0,1.0,145,25,5.8
1,12,2,0,0,0,0,0,1,1,2,2,2,1,1,0,3,0,5.0,35,9,3.888888888888889
1,2,2,0,2,1,3,1,1,1,0,0,0,0,3,0,1,0,2.0,338,69,4.898550724637682
0,3,3,0,0,2,2,0,0,0,0,2,0,0,1,0,3,0,4.0,178,27,6.592592592592593
0,3,1,0,2,0,6,1,0,1,2,2,0,0,5,0,0,0,0.0,392,87,4.505747126436781
0,4,3,0,0,0,0,0,1,0,0,2,0,0,2,0,0,0,5.0,511,96,5.322916666666667
0,3,3,0,1,0,0,0,1,0,0,2,0,0,1,30,0,0,5.0,230,40,5.75
0,1,3,0,0,6,0,0,1,0,0,0,0,0,1,0,1,0,3.0,139,23,6.043478260869565
1,4,2,35,0,4,2,0,1,1,2,0,2,0,1,0,0,0,3.0,109,20,5.45
1,2,114,3,1,0,1,0,1,0,0,2,0,0,1,0,0,0,1.0,134,24,5.583333333333333
1,2,2,0,0,1,0,0,1,0,2,2,0,0,1,0,0,0,4.0,127,24,5.291666666666667
0,1,1,0,0,0,1,1,0,1,0,0,0,0,1,0,0,0,1.0,512,107,4.785046728971962
1,2,2,0,0,0,1,1,1,0,0,0,0,0,2,50,0,0,2.0,331,65,5.092307692307692
1,4,19,28,1,5,2,0,0,0,2,2,0,0,1,400,0,0,5.0,164,31,5.290322580645161
0,3,3,0,0,6,0,0,0,0,1,1,1,0,1,0,1,0,2.0,27,4,6.75
0,10,4,0,1,1,5,1,0,1,2,2,2,0,1,120,0,0,3.0,198,34,5.823529411764706
0,2,59,0,1,1,3,1,1,2,2,2,0,0,1,400,0,1,11.0,1363,241,5.655601659751038
0,6,1,0,1,2,0,0,1,1,0,2,0,0,1,50,0,0,4.0,126,21,6.0
0,3,3,0,0,2,0,0,0,0,2,2,0,0,1,0,1,0,1.0,30,5,6.0
0,3,1,6,1,0,0,0,1,1,0,2,0,0,1,0,1,0,6.0,143,21,6.809523809523809
1,1,2,7,1,1,0,0,1,2,0,0,0,1,1,20,3,0,2.0,175,31,5.645161290322581
1,2,2,0,1,5,2,0,1,1,1,1,1,0,1,0,6,0,1.0,64,11,5.818181818181818
0,8,3,0,0,1,3,0,1,0,1,1,1,0,1,0,0,0,2.0,63,13,4.846153846153846
1,8,13,33,1,1,4,1,0,1,0,0,2,0,1,50,0,0,4.0,111,17,6.529411764705882
1,2,2,0,0,0,2,0,1,0,2,2,0,0,1,0,0,0,4.0,173,30,5.766666666666667
0,2,92,78,0,0,5,3,1,0,0,0,0,0,1,0,0,0,3.0,30,8,3.75
0,5,3,0,0,0,2,0,1,0,0,2,2,0,1,0,0,0,5.0,334,59,5.661016949152542
1,36,14,0,0,2,2,0,1,0,2,2,0,0,1,0,1,0,1.0,204,36,5.666666666666667
0,6,113,0,0,3,0,0,1,0,0,2,2,0,1,0,0,0,2.0,108,16,6.75
0,4,3,6,1,0,0,0,1,1,2,0,0,0,1,0,0,0,4.0,646,115,5.6173913043478265
1,3,2,0,1,0,4,1,1,0,2,2,1,0,1,100,3,0,1.0,69,13,5.3076923076923075
0,3,10,26,2,4,4,3,1,1,0,2,0,0,3,0,8,0,11.0,85,13,6.538461538461538
1,32,2,3,2,0,5,2,1,0,2,2,2,0,2,0,0,0,5.0,1063,205,5.185365853658537
1,1,2,0,0,0,0,0,1,0,0,0,0,0,1,20,3,0,1.0,141,25,5.64
1,5,14,3,1,4,4,0,1,0,0,2,2,0,1,0,0,0,2.0,313,52,6.019230769230769
0,1,1,6,2,0,3,1,0,0,0,0,0,0,2,0,0,0,6.0,1693,327,5.17737003058104
1,2,2,0,0,0,0,0,1,0,0,2,0,0,1,0,3,0,2.0,206,30,6.866666666666666
1,2,2,0,0,0,2,0,0,0,2,2,1,0,1,0,0,0,2.0,42,9,4.666666666666667
1,9,130,3,1,0,5,1,1,0,0,2,2,0,1,0,1,0,2.0,104,19,5.473684210526316
0,1,1,0,2,0,6,0,0,1,2,0,0,0,2,0,0,0,0.0,135,23,5.869565217391305
1,4,110,3,0,0,1,0,1,2,2,2,2,0,1,0,2,0,3.0,24,3,8.0
1,2,2,0,2,0,1,0,1,1,0,0,0,0,4,0,0,0,1.0,75,15,5.0
0,10,1,0,1,0,5,1,1,1,2,2,2,0,1,0,0,0,4.0,185,35,5.285714285714286
0,3,3,0,1,0,1,0,1,0,0,0,1,1,1,0,0,0,1.0,35,8,4.375
1,2,157,3,0,1,0,0,1,0,1,1,0,0,1,0,0,0,2.0,88,16,5.5
0,7,36,29,0,0,1,0,1,0,1,1,1,1,1,0,1,0,1.0,94,13,7.230769230769231
0,1,1,9,2,0,2,0,1,1,0,0,0,0,5,50,0,0,1.0,1898,360,5.272222222222222
1,2,2,3,1,0,0,0,1,1,0,2,0,1,1,0,0,0,5.0,12,2,6.0
1,4,2,0,1,1,2,0,1,0,2,2,0,0,1,0,0,0,2.0,370,65,5.6923076923076925
0,8,3,0,2,4,2,0,1,0,1,1,1,0,2,0,5,0,5.0,85,15,5.666666666666667
1,1,2,3,0,0,1,1,1,0,2,2,0,0,1,100,0,0,4.0,291,53,5.490566037735849
0,9,3,0,1,0,0,0,2,0,2,2,2,0,1,0,0,0,2.0,387,70,5.5285714285714285
1,1,2,0,0,0,1,0,1,0,0,0,0,0,1,0,0,0,1.0,221,40,5.525
1,30,19,28,0,0,2,0,0,0,2,2,2,0,1,0,0,0,3.0,1498,286,5.2377622377622375
0,12,7,0,1,3,2,0,1,2,0,0,0,0,1,200,5,0,3.0,181,34,5.323529411764706
1,2,2,0,0,0,1,0,1,1,2,2,0,0,1,0,2,0,1.0,88,16,5.5
1,2,2,0,2,0,0,0,1,0,2,2,0,0,2,0,0,0,2.0,213,43,4.953488372093023
1,3,2,0,0,1,0,0,1,0,2,2,1,1,1,0,0,0,2.0,289,52,5.5576923076923075
0,3,3,0,0,0,3,0,0,1,2,2,0,0,1,0,11,0,1.0,196,38,5.157894736842105
0,18,31,9,0,0,0,0,1,0,0,2,2,0,1,0,1,0,1.0,181,33,5.484848484848484
0,9,1,0,0,4,2,0,0,1,0,0,0,0,1,0,1,0,4.0,100,15,6.666666666666667
1,2,2,3,1,0,1,0,1,1,2,2,0,0,1,0,0,0,3.0,14,3,4.666666666666667
1,4,2,0,0,0,2,0,1,1,0,0,0,1,1,0,1,0,4.0,992,188,5.276595744680851
0,5,3,0,1,0,4,1,1,0,0,0,2,0,2,0,0,0,5.0,364,66,5.515151515151516
1,12,2,7,0,2,2,0,1,0,2,2,2,0,1,0,0,0,14.0,290,52,5.576923076923077
1,2,2,0,0,1,0,0,0,0,2,2,0,0,1,0,0,0,6.0,285,56,5.089285714285714
0,10,12,0,1,0,1,1,1,0,0,0,0,0,1,0,0,0,3.0,281,47,5.9787234042553195
1,1,2,0,0,1,2,0,1,0,0,0,0,0,1,20,3,0,1.0,122,21,5.809523809523809
1,2,2,0,1,0,2,0,1,0,0,2,0,0,1,0,1,0,2.0,88,19,4.631578947368421
1,2,23,3,1,0,1,0,1,0,0,2,0,0,1,250,1,0,2.0,151,24,6.291666666666667
1,2,57,0,0,0,0,0,2,0,2,2,0,0,1,300,5,0,4.0,234,49,4.775510204081633
1,4,2,3,1,1,0,0,0,1,1,2,2,0,1,0,0,0,2.0,83,13,6.384615384615385
1,1,2,0,1,6,2,0,1,0,2,2,0,0,1,40,0,0,1.0,19,4,4.75
1,2,2,3,0,0,1,1,1,0,0,0,0,0,8,0,0,0,7.0,50,7,7.142857142857143
1,7,51,76,1,0,2,0,1,1,2,2,2,0,1,0,0,0,3.0,167,27,6.185185185185185
0,3,26,6,1,0,1,1,0,1,0,2,0,0,1,0,1,0,3.0,1200,226,5.3097345132743365
1,2,2,0,1,6,2,0,1,0,0,2,0,0,1,0,1,0,7.0,186,36,5.166666666666667
0,1,3,0,2,0,3,1,0,0,0,2,0,1,3,0,0,0,7.0,286,53,5.39622641509434
0,20,82,74,0,1,4,0,2,2,2,2,2,0,1,100,5,0,2.0,18,3,6.0
0,12,3,0,1,1,0,0,1,0,2,2,2,0,1,0,9,0,4.0,21,3,7.0
1,2,2,0,0,0,1,1,1,0,2,2,0,0,1,0,1,0,2.0,120,25,4.8
0,8,3,9,1,0,1,0,1,0,0,0,0,0,1,0,9,0,1.0,204,32,6.375
1,1,2,3,1,1,2,0,1,1,2,2,0,0,1,0,0,0,1.0,12,2,6.0
1,3,2,3,1,0,1,0,1,0,0,0,0,0,1,0,5,0,5.0,137,28,4.892857142857143
0,3,3,0,1,0,1,0,1,0,0,0,0,0,2,0,1,0,4.0,38,6,6.333333333333333
0,3,3,0,0,0,0,0,1,1,0,2,0,0,2,0,1,0,19.0,55,8,6.875
0,3,0,0,2,6,3,1,1,0,1,1,1,0,4,0,5,0,5.0,51,11,4.636363636363637
1,3,14,3,1,1,2,0,1,0,2,2,0,0,1,0,0,0,6.0,331,63,5.253968253968254
1,5,2,0,1,2,2,0,1,0,2,2,0,0,1,0,0,0,1.0,113,18,6.277777777777778
0,2,3,0,1,3,0,0,0,0,0,0,0,0,1,50,0,0,4.0,137,26,5.269230769230769
0,2,1,0,0,0,0,0,1,1,0,0,0,0,1,50,0,0,6.0,732,134,5.462686567164179
1,2,2,3,2,1,2,0,1,0,0,0,0,0,2,0,1,0,1.0,39,8,4.875
0,14,3,0,1,1,0,0,1,0,2,2,2,0,1,0,0,0,3.0,326,67,4.865671641791045
0,2,1,0,1,0,5,1,1,1,0,0,0,0,1,0,0,0,0.0,64,10,6.4
1,3,2,3,1,1,0,0,1,1,2,2,0,0,1,0,0,0,1.0,12,2,6.0
1,48,5,0,0,1,4,1,1,2,2,2,2,0,1,0,0,0,3.0,486,92,5.282608695652174
0,12,3,0,0,0,2,0,1,1,1,1,0,1,1,0,1,0,3.0,187,36,5.194444444444445
1,2,5,3,1,0,6,2,1,1,0,0,0,0,2,0,0,0,9.0,102,20,5.1
1,12,34,0,0,2,2,0,0,1,1,1,0,0,1,0,0,0,1.0,629,114,5.517543859649122
1,1,110,3,1,1,3,1,1,0,0,0,0,0,1,0,7,0,3.0,213,42,5.071428571428571
1,24,2,0,1,2,2,0,1,2,1,1,1,0,1,0,5,0,1.0,154,30,5.133333333333334
0,1,3,0,0,0,3,1,1,0,0,2,0,0,1,0,0,0,3.0,424,67,6.3283582089552235
0,6,26,6,1,0,5,1,0,1,2,2,2,0,1,0,0,0,4.0,272,40,6.8
1,12,2,0,1,0,1,4,1,0,2,2,2,0,1,0,3,0,1.0,46,9,5.111111111111111
1,36,42,0,1,1,0,0,0,1,2,2,2,0,1,0,1,0,1.0,208,35,5.942857142857143
0,1,10,9,1,5,2,0,1,1,0,0,0,0,1,0,0,0,1.0,8,1,8.0
0,2,1,44,1,4,0,0,1,1,0,2,0,0,1,50,3,0,2.0,664,115,5.773913043478261
1,2,2,3,1,1,2,0,1,1,0,2,0,0,1,0,0,0,9.0,12,2,6.0
1,1,153,38,0,0,1,1,1,1,0,2,0,0,2,0,0,0,5.0,464,89,5.213483146067416
0,7,24,9,1,1,4,3,1,1,2,2,2,0,1,100,0,0,4.0,346,48,7.208333333333333
1,12,2,0,1,6,2,0,1,0,2,2,2,0,1,0,0,0,11.0,159,29,5.482758620689655
0,24,3,9,1,0,1,0,1,0,0,0,0,0,2,0,2,0,0.0,20,3,6.666666666666667
0,12,3,6,0,0,0,0,1,1,2,2,0,0,1,0,0,0,2.0,257,45,5.711111111111111
0,6,10,0,1,0,1,1,0,0,1,1,1,0,1,50,0,0,24.0,314,63,4.984126984126984
1,2,11,82,2,1,4,1,1,0,2,2,2,0,4,0,0,0,5.0,205,35,5.857142857142857
1,12,2,0,1,1,2,0,1,0,2,2,2,0,1,0,0,0,3.0,257,50,5.14
1,60,19,0,0,3,0,0,0,0,1,1,0,0,1,0,0,0,0.0,50,9,5.555555555555555
1,12,2,0,0,0,2,0,1,0,2,2,0,0,1,0,0,0,2.0,339,67,5.059701492537314
1,4,2,3,0,0,1,1,2,0,2,2,2,0,1,0,2,0,10.0,369,63,5.857142857142857
0,2,3,0,1,1,4,1,1,0,2,2,0,0,2,100,0,1,12.0,864,155,5.574193548387097
0,2,1,9,1,0,0,0,1,1,0,2,0,0,1,50,0,0,6.0,832,153,5.437908496732026
1,2,2,0,1,5,2,0,1,0,0,0,0,0,1,20,3,0,1.0,201,32,6.28125
1,24,14,3,0,6,2,0,2,0,1,1,2,1,1,0,1,0,2.0,35,6,5.833333333333333
0,3,3,9,2,0,5,3,0,1,0,0,0,0,6,0,0,0,5.0,51,10,5.1
0,6,3,9,2,0,1,1,1,0,2,2,2,0,4,0,0,0,15.0,40,6,6.666666666666667
1,60,13,83,0,4,4,0,1,1,2,2,0,0,1,0,1,0,2.0,590,120,4.916666666666667
1,3,20,3,0,1,2,0,2,1,1,1,0,0,1,0,0,0,1.0,87,17,5.117647058823529
1,1,2,3,1,0,5,0,1,0,0,0,0,0,2,0,3,0,3.0,118,22,5.363636363636363
1,4,2,0,1,2,2,0,0,2,0,0,0,0,1,0,2,0,3.0,289,55,5.254545454545455
0,3,3,0,1,1,4,1,1,0,0,2,1,0,1,0,0,0,2.0,284,44,6.454545454545454
0,15,3,0,0,0,0,0,1,0,2,2,2,0,1,0,0,0,1.0,75,15,5.0
1,4,2,3,1,0,5,0,1,1,2,2,2,0,1,0,1,0,1.0,186,37,5.027027027027027
1,1,2,0,1,0,2,0,1,0,0,0,0,0,1,0,3,0,1.0,144,21,6.857142857142857
0,3,1,0,1,0,1,1,1,1,0,0,0,0,1,0,0,0,1.0,56,10,5.6
1,1,2,0,1,0,0,0,1,1,0,0,0,0,1,0,3,0,2.0,137,20,6.85
1,48,2,0,1,0,1,1,1,1,1,1,1,1,1,0,1,1,5.0,231,45,5.133333333333334
0,3,3,0,0,4,2,0,1,0,2,2,0,0,1,0,0,0,6.0,118,23,5.130434782608695
0,2,4,6,0,0,0,0,1,2,0,2,0,0,1,50,0,0,4.0,587,106,5.537735849056604
1,3,2,0,1,1,4,0,1,0,0,0,0,0,1,0,1,0,4.0,529,112,4.723214285714286
1,76,11,0,1,1,0,0,0,0,2,2,2,0,1,0,0,0,3.0,349,57,6.12280701754386
1,2,2,0,1,0,1,2,1,0,2,2,0,0,3,0,0,0,7.0,389,74,5.256756756756757
0,5,3,0,1,0,6,2,1,0,2,1,0,0,3,0,0,0,2.0,67,10,6.7
0,10,3,0,1,0,6,1,1,0,1,1,0,0,1,0,0,0,1.0,164,34,4.823529411764706
0,24,1,118,0,0,4,1,2,1,1,1,1,0,1,0,1,0,4.0,286,55,5.2
1,8,8,0,1,0,2,0,2,2,2,2,0,0,1,1000,0,0,2.0,123,24,5.125
1,24,68,0,0,1,4,1,1,0,1,1,1,0,1,2000,1,0,3.0,416,81,5.135802469135802
1,1,2,0,1,0,1,1,1,1,0,0,0,0,1,0,0,0,1.0,174,30,5.8
1,108,2,0,0,0,1,0,1,1,1,1,1,1,1,0,1,0,4.0,833,150,5.553333333333334
0,3,3,0,2,6,2,0,1,0,0,0,1,0,2,0,0,0,1.0,378,75,5.04
1,1,23,42,0,3,2,0,1,1,0,2,0,0,1,0,1,0,6.0,21,5,4.2
1,2,2,0,1,0,1,0,1,0,2,2,0,0,1,0,0,0,1.0,206,42,4.904761904761905
1,1,2,0,0,0,1,3,1,1,0,0,0,0,3,0,1,0,3.0,214,39,5.487179487179487
1,36,13,3,0,2,0,0,0,1,2,2,2,0,1,0,0,0,9.0,37,6,6.166666666666667
0,8,3,0,0,4,2,0,1,0,0,2,2,0,1,0,0,0,3.0,762,146,5.219178082191781
1,84,20,0,0,4,2,0,2,1,1,2,0,0,1,200,1,0,1.0,342,69,4.956521739130435
0,15,12,48,2,0,3,1,1,1,2,2,2,0,2,0,1,0,4.0,166,27,6.148148148148148
1,1,2,7,1,0,1,1,1,0,0,0,0,0,1,0,0,0,3.0,279,51,5.470588235294118
1,2,2,0,1,1,2,0,1,0,2,2,0,0,1,0,0,0,1.0,105,21,5.0
0,1,3,0,0,1,0,0,0,0,0,2,0,0,1,0,0,0,1.0,170,37,4.594594594594595
1,1,2,0,0,2,2,0,1,1,1,1,0,0,1,0,0,0,3.0,89,17,5.235294117647059
1,4,2,0,1,2,2,0,1,0,2,2,2,0,1,0,2,0,5.0,365,66,5.53030303030303
0,3,10,0,1,0,0,0,1,1,0,0,0,0,1,0,0,0,9.0,164,31,5.290322580645161
1,4,5,3,2,6,4,1,1,0,2,2,0,0,2,0,0,0,5.0,145,26,5.576923076923077
0,2,3,0,0,0,1,1,0,0,0,0,0,0,1,0,0,0,3.0,308,54,5.703703703703703
1,2,2,0,0,5,2,0,1,0,2,2,0,0,1,10,0,0,4.0,33,5,6.6
0,2,3,0,0,0,3,0,0,0,0,0,0,0,1,0,1,0,3.0,82,17,4.823529411764706
0,3,3,0,0,0,0,0,1,0,1,2,0,0,1,0,1,0,5.0,511,107,4.775700934579439
0,1,3,0,1,0,0,0,1,0,0,0,0,0,1,0,0,0,1.0,43,9,4.777777777777778
1,36,2,0,0,1,2,0,1,0,2,2,2,1,1,0,1,0,2.0,1043,212,4.919811320754717
0,3,3,0,1,3,0,0,1,0,0,2,0,0,1,50,0,0,7.0,957,174,5.5
0,11,3,0,1,1,6,3,0,0,2,2,2,0,1,0,0,0,5.0,350,69,5.072463768115942
0,24,3,0,1,5,2,0,1,1,2,2,2,0,1,0,0,0,0.0,206,43,4.790697674418604
0,2,3,0,2,1,6,1,1,0,0,0,0,0,2,0,0,0,13.0,965,163,5.920245398773006
1,96,9,0,1,1,5,2,0,2,2,2,2,0,1,150,1,0,4.0,509,93,5.473118279569892
0,18,3,0,1,1,4,0,1,1,0,0,0,0,1,0,0,0,4.0,33,7,4.714285714285714
1,4,2,0,1,0,2,0,0,0,0,0,0,0,1,0,2,0,1.0,18,3,6.0
1,3,2,0,1,5,2,0,1,0,2,2,0,0,1,200,0,0,9.0,1201,228,5.267543859649122
0,5,1,0,2,6,3,1,1,1,0,0,0,0,2,0,0,0,7.0,276,53,5.2075471698113205
1,1,2,0,0,5,2,0,1,0,1,1,0,0,1,0,0,0,2.0,86,16,5.375
0,12,7,0,1,6,3,1,1,2,0,0,0,0,1,0,0,0,2.0,82,15,5.466666666666667
0,11,3,0,0,4,2,0,1,0,2,2,2,0,1,0,0,0,3.0,193,35,5.514285714285714
0,16,3,0,0,4,5,0,2,0,2,2,2,0,1,0,0,0,4.0,76,14,5.428571428571429
1,4,2,0,1,0,1,0,1,0,2,2,0,0,1,0,0,0,1.0,251,50,5.02
0,12,3,0,0,6,2,0,1,0,2,2,2,0,2,0,0,0,5.0,768,138,5.565217391304348
0,7,7,46,0,0,0,0,1,2,0,2,0,0,1,350,0,1,5.0,697,131,5.320610687022901
1,2,2,0,1,0,1,1,1,0,2,2,1,0,1,0,1,0,5.0,119,23,5.173913043478261
0,12,3,0,1,0,1,0,0,0,1,1,1,0,1,0,3,0,1.0,401,70,5.728571428571429
0,2,1,16,1,0,0,0,1,1,0,0,1,0,1,0,0,0,4.0,208,34,6.117647058823529
0,8,3,0,1,0,6,1,1,0,0,0,0,0,1,10,4,0,4.0,377,61,6.180327868852459
1,36,2,0,0,4,5,2,1,1,0,0,0,0,1,0,0,0,1.0,87,17,5.117647058823529
1,20,5,0,1,1,4,0,1,1,2,2,0,0,1,0,0,0,3.0,413,81,5.098765432098766
0,4,3,0,1,0,6,1,1,0,0,0,0,0,1,0,0,0,7.0,368,63,5.841269841269841
1,3,2,0,0,1,2,0,1,0,2,2,0,0,1,0,5,1,7.0,410,77,5.324675324675325
0,6,10,9,0,4,2,0,1,1,0,0,0,0,1,0,0,0,2.0,292,58,5.0344827586206895
1,12,2,0,1,0,1,0,2,0,2,2,2,0,1,0,0,0,2.0,247,50,4.94
1,36,2,0,0,5,2,0,1,0,2,2,0,0,1,0,1,0,1.0,150,32,4.6875
1,3,2,0,1,0,4,0,1,0,2,2,1,0,1,100,3,0,2.0,40,8,5.0
0,4,3,0,0,6,0,0,0,0,0,0,0,0,1,50,0,0,6.0,435,88,4.943181818181818
1,1,2,0,2,1,0,0,0,0,0,0,0,0,3,0,9,0,23.0,718,138,5.202898550724638
0,24,46,8,2,0,3,1,0,1,0,2,0,0,4,0,0,0,3.0,65,12,5.416666666666667
1,3,2,0,0,1,0,0,1,0,0,2,0,1,1,0,0,0,5.0,446,79,5.6455696202531644
1,24,2,0,0,0,1,0,1,0,2,2,0,0,1,0,1,0,1.0,521,98,5.316326530612245
0,3,3,0,0,0,2,0,1,0,2,2,0,0,1,0,0,0,1.0,123,24,5.125
0,1,12,48,2,6,4,1,0,0,0,2,0,0,7,0,1,0,13.0,606,106,5.716981132075472
1,4,2,0,1,1,6,2,1,1,2,2,0,0,1,0,0,1,6.0,923,178,5.185393258426966
0,2,3,0,1,6,0,0,2,0,0,2,1,0,1,0,0,0,4.0,268,42,6.380952380952381
1,2,2,0,1,0,1,1,1,0,1,1,1,0,2,0,0,0,5.0,561,103,5.446601941747573
1,2,2,0,1,0,1,0,1,1,1,1,0,0,1,0,0,0,2.0,136,23,5.913043478260869
0,2,3,0,0,3,2,0,1,0,2,2,0,0,1,0,1,0,12.0,356,63,5.650793650793651
0,2,3,0,0,0,2,0,1,0,2,2,0,0,1,0,1,0,5.0,820,160,5.125
0,24,26,26,2,0,1,1,1,1,1,1,2,0,10,0,3,0,10.0,146,29,5.0344827586206895
0,5,4,0,0,6,2,0,1,2,0,2,0,0,1,100,1,0,5.0,1127,195,5.779487179487179
1,3,2,0,1,1,2,0,1,1,2,2,0,0,1,0,0,0,7.0,209,35,5.9714285714285715
1,2,2,0,0,0,1,0,1,1,0,0,0,0,1,0,0,0,1.0,253,49,5.163265306122449
1,3,57,3,0,0,0,0,1,0,2,2,1,0,1,0,0,0,3.0,19,5,3.8
0,2,7,1,1,3,2,0,0,2,1,2,1,0,1,0,0,0,5.0,222,34,6.529411764705882
1,24,2,0,1,1,0,0,1,1,2,2,2,0,1,0,3,0,3.0,130,26,5.0
1,1,2,0,1,0,0,0,1,0,0,2,0,0,1,0,0,0,6.0,806,141,5.716312056737588
0,18,7,0,2,1,3,1,0,1,2,2,0,0,2,0,10,0,2.0,599,112,5.348214285714286
0,3,3,0,2,6,0,0,1,0,0,0,0,0,3,0,1,0,4.0,543,100,5.43
1,10,9,0,1,2,0,0,0,1,2,2,0,0,1,0,1,1,5.0,1944,359,5.415041782729805
0,4,0,0,1,6,0,0,1,0,2,2,1,0,1,0,0,0,2.0,55,8,6.875
0,2,1,0,2,0,6,1,0,1,0,0,0,0,3,0,7,0,5.0,232,45,5.155555555555556
1,3,2,3,0,2,2,0,1,0,2,2,0,0,1,0,2,0,3.0,220,42,5.238095238095238
1,2,2,0,2,0,1,1,1,0,2,2,0,0,5,0,1,0,13.0,852,163,5.226993865030675
0,4,3,0,2,6,3,1,0,0,0,2,2,0,4,0,5,0,1.0,308,60,5.133333333333334
1,2,2,3,0,1,0,0,1,1,0,2,0,0,1,0,0,0,3.0,14,3,4.666666666666667
1,2,2,3,1,1,2,0,1,0,0,2,0,0,1,0,0,0,1.0,307,60,5.116666666666666
0,14,61,10,0,2,2,0,2,2,2,2,0,0,1,300,0,0,3.0,47,9,5.222222222222222
0,24,3,0,1,1,5,1,1,0,0,1,2,0,2,0,1,0,3.0,201,40,5.025
0,3,3,0,0,1,5,0,1,1,0,0,0,0,1,0,0,0,1.0,50,8,6.25
1,3,18,59,0,0,0,0,1,2,2,2,0,0,1,250,0,0,7.0,84,16,5.25
1,1,2,0,2,0,1,0,1,0,0,0,2,0,7,20,0,0,1.0,31,7,4.428571428571429
1,2,25,0,1,0,2,0,2,0,2,2,0,0,1,600,0,0,3.0,767,148,5.1824324324324325
1,3,5,30,1,1,2,0,1,1,2,2,2,0,1,0,1,0,2.0,185,34,5.4411764705882355
1,48,2,3,1,5,2,0,2,0,2,2,2,0,1,100,9,0,4.0,717,137,5.233576642335766
1,2,2,0,1,0,2,0,1,1,0,0,0,0,1,0,0,0,3.0,54,7,7.714285714285714
1,4,2,0,1,5,2,0,0,1,2,2,0,0,1,0,0,0,2.0,159,32,4.96875
0,16,3,10,0,5,2,0,2,1,2,2,2,0,1,0,0,0,0.0,77,14,5.5
0,6,3,0,1,0,0,0,1,0,1,1,1,0,1,0,0,0,3.0,127,21,6.0476190476190474
1,18,2,0,1,6,4,0,1,0,2,2,2,0,1,0,0,0,2.0,135,28,4.821428571428571
1,2,2,0,0,0,1,1,1,2,0,0,0,0,1,0,0,0,6.0,171,34,5.029411764705882
1,49,20,0,0,4,5,0,2,1,2,2,0,0,1,0,3,0,2.0,367,65,5.6461538461538465
0,3,3,6,2,0,4,1,1,1,2,2,0,0,2,0,1,0,11.0,1706,283,6.028268551236749
1,9,2,53,1,1,0,0,2,1,2,2,2,0,1,200,0,0,5.0,175,31,5.645161290322581
1,4,14,3,1,0,4,0,1,1,2,2,0,0,1,0,0,0,2.0,154,28,5.5
1,1,100,0,1,0,1,2,1,1,0,0,0,0,1,200,7,0,8.0,237,38,6.2368421052631575
1,2,2,0,0,2,0,0,1,0,0,0,0,0,1,5,3,0,4.0,125,13,9.615384615384615
1,36,19,0,2,0,3,1,0,1,2,2,0,0,3,0,0,0,2.0,206,33,6.242424242424242
1,3,2,0,0,1,2,0,1,0,2,2,0,0,1,0,0,0,5.0,413,79,5.227848101265823
0,4,1,0,0,0,3,1,1,1,2,2,2,0,1,0,1,0,10.0,1037,207,5.009661835748792
0,2,1,0,0,0,0,0,1,1,2,2,0,0,1,0,1,0,5.0,12,2,6.0
0,7,3,0,1,1,3,0,1,0,0,2,0,0,1,0,0,0,3.0,15,3,5.0
1,36,13,53,0,0,4,1,1,2,2,2,2,0,1,0,0,0,2.0,335,42,7.976190476190476
0,1,3,6,1,0,1,1,0,0,0,0,0,0,4,0,1,0,2.0,546,106,5.150943396226415
1,1,2,0,0,2,2,0,1,1,1,1,0,0,1,0,0,0,2.0,88,17,5.176470588235294
1,24,2,3,1,5,2,0,2,1,2,2,0,0,1,0,0,0,5.0,393,76,5.171052631578948
0,7,0,0,0,0,3,1,0,0,2,2,2,0,1,100,0,0,5.0,212,39,5.435897435897436
1,4,23,0,2,0,1,0,2,1,2,2,1,0,2,3000,8,0,5.0,503,87,5.781609195402299
0,2,3,0,1,0,1,1,0,0,2,2,0,0,5,0,0,0,6.0,119,26,4.576923076923077
1,36,2,0,0,4,2,0,1,1,1,1,0,0,1,0,0,0,3.0,1439,271,5.3099630996309966
0,8,1,0,1,2,3,1,1,1,1,1,1,0,1,0,0,0,1.0,69,13,5.3076923076923075
0,4,3,0,0,0,3,1,1,1,2,2,0,0,1,0,0,0,5.0,101,20,5.05
0,4,3,9,0,0,0,0,1,1,2,2,0,0,1,0,6,0,1.0,187,31,6.032258064516129
0,3,3,0,2,0,2,0,0,0,0,2,0,0,2,0,0,0,2.0,338,61,5.540983606557377
1,16,5,3,0,1,2,0,1,0,2,2,2,0,1,300,0,0,1.0,499,76,6.565789473684211
1,12,2,0,1,2,0,0,1,0,1,1,1,0,1,0,0,1,1.0,521,92,5.663043478260869
1,7,5,58,0,1,0,0,1,0,2,2,2,0,1,0,0,0,3.0,69,10,6.9
0,18,0,6,2,0,3,1,1,1,0,2,0,0,3,0,0,0,4.0,214,40,5.35
1,15,25,3,0,0,1,0,1,0,2,2,2,0,1,0,1,0,1.0,739,147,5.0272108843537415
0,24,1,0,1,2,2,0,1,1,2,2,2,0,1,20,0,0,3.0,566,109,5.192660550458716
0,24,10,9,1,5,2,0,0,0,2,2,2,0,1,120,5,1,8.0,453,77,5.883116883116883
1,2,2,0,0,1,0,0,0,0,1,1,1,0,1,0,0,0,1.0,263,47,5.595744680851064
0,1,3,0,0,0,1,1,0,0,0,0,0,0,1,0,0,0,4.0,204,32,6.375
1,2,2,0,0,1,2,0,1,1,2,2,0,0,1,0,0,0,2.0,40,7,5.714285714285714
0,2,3,0,1,0,1,1,1,1,0,0,0,0,1,0,1,0,8.0,54,9,6.0
0,12,3,0,0,0,1,1,1,0,0,0,0,0,1,100,0,0,3.0,116,26,4.461538461538462
0,1,3,0,0,0,0,0,1,0,0,0,0,0,1,0,1,0,2.0,154,27,5.703703703703703
0,0,0,0,2,0,4,1,1,0,0,0,0,0,3,0,0,0,9.0,69,13,5.3076923076923075
1,1,2,3,2,0,1,2,1,1,0,2,0,0,4,0,1,0,5.0,353,63,5.603174603174603
0,3,1,0,2,0,6,2,0,1,0,0,0,0,4,0,0,0,3.0,140,24,5.833333333333333
0,24,59,0,1,1,3,1,1,2,2,2,2,0,1,400,0,1,10.0,1682,284,5.922535211267606
0,18,12,0,1,0,1,2,1,1,1,1,1,0,1,0,1,0,4.0,23,4,5.75
1,6,2,0,0,0,2,0,1,0,2,2,2,0,1,0,5,0,1.0,485,89,5.449438202247191
0,2,1,0,0,0,1,3,1,1,0,2,0,0,1,50,0,1,5.0,781,144,5.423611111111111
1,12,2,0,0,4,2,0,1,1,2,2,1,0,1,0,1,0,3.0,670,124,5.403225806451613
1,2,2,0,0,0,1,1,1,0,0,2,0,1,1,0,5,0,2.0,712,138,5.159420289855072
0,2,3,0,1,0,3,1,0,1,1,1,1,0,1,0,0,0,1.0,145,17,8.529411764705882
0,1,3,0,2,0,4,1,0,0,0,2,0,0,3,0,1,0,3.0,37,5,7.4
1,2,2,0,1,1,2,0,1,0,0,2,0,0,1,0,0,0,4.0,269,48,5.604166666666667
0,18,4,0,0,3,0,0,1,2,2,2,2,0,1,500,2,0,0.0,1332,246,5.414634146341464
1,11,28,0,1,0,1,1,1,0,2,2,1,0,1,0,0,0,2.0,50,11,4.545454545454546
1,2,2,0,0,0,2,0,1,0,0,2,0,0,1,0,0,0,3.0,287,53,5.415094339622642
0,2,1,0,0,1,0,0,0,0,0,0,0,1,1,0,0,0,9.0,630,123,5.121951219512195
0,5,3,1,1,0,0,0,1,1,0,0,0,0,1,150,0,0,4.0,287,41,7.0
0,8,61,118,1,0,1,3,1,2,0,0,0,0,1,100,0,0,4.0,204,41,4.975609756097561
1,36,18,0,0,3,0,0,2,1,2,2,2,1,1,200,0,0,5.0,1032,204,5.0588235294117645
0,8,3,26,1,1,2,0,1,0,2,2,2,0,1,0,1,0,1.0,440,82,5.365853658536586
1,3,2,0,2,1,2,0,2,0,0,0,0,0,3,0,1,0,1.0,283,49,5.775510204081633
1,30,13,3,1,1,0,0,1,0,2,2,2,0,1,0,3,0,2.0,328,62,5.290322580645161
0,1,3,0,1,0,5,1,1,0,0,0,0,0,1,0,0,0,3.0,178,32,5.5625
0,3,0,0,2,1,6,2,1,0,0,0,0,0,3,0,0,0,5.0,140,28,5.0
0,2,3,0,0,0,1,3,0,0,0,0,0,0,1,0,3,0,11.0,274,51,5.372549019607843
0,4,3,0,0,0,0,0,0,0,2,2,0,0,2,0,6,0,1.0,320,50,6.4
1,1,2,0,1,1,5,1,1,0,0,2,0,0,3,0,0,0,6.0,140,27,5.185185185185185
1,2,2,0,0,1,4,0,1,0,2,1,1,0,3,0,3,0,3.0,91,18,5.055555555555555
0,4,10,6,1,0,4,1,1,1,2,1,0,0,1,0,0,0,3.0,791,159,4.9748427672955975
1,18,2,0,0,1,2,0,1,0,2,2,0,0,1,0,1,0,6.0,390,66,5.909090909090909
1,1,2,0,1,0,2,0,1,0,0,0,0,0,5,0,2,0,2.0,384,74,5.1891891891891895
0,12,10,0,1,1,4,1,1,0,0,0,0,0,1,0,0,0,2.0,874,165,5.296969696969697
0,3,3,0,2,1,4,1,1,0,0,0,0,0,3,0,3,0,4.0,356,55,6.472727272727273
1,48,2,0,0,1,0,0,1,0,2,2,2,0,1,0,0,0,4.0,568,109,5.2110091743119265
0,1,12,0,1,0,2,0,1,0,0,2,0,0,1,0,0,0,7.0,712,141,5.049645390070922
0,2,3,0,0,1,4,0,1,0,0,2,0,0,1,0,2,0,3.0,84,15,5.6
0,6,1,6,1,0,0,0,1,1,0,0,0,0,1,89,0,0,2.0,630,94,6.702127659574468
1,3,2,0,0,0,1,0,1,0,2,2,0,0,1,0,0,0,5.0,412,83,4.963855421686747
0,4,7,0,1,0,1,0,0,1,1,2,1,0,1,50,1,0,2.0,257,45,5.711111111111111
1,1,2,0,0,0,0,0,1,0,0,0,0,0,1,50,0,2,4.0,706,137,5.153284671532846
1,0,2,0,0,1,0,0,1,0,0,2,0,0,1,0,0,0,4.0,263,51,5.1568627450980395
1,2,2,0,0,0,2,0,1,0,0,0,0,0,1,0,1,0,1.0,102,20,5.1
1,12,20,3,2,0,1,0,1,1,1,1,0,0,3,0,0,0,9.0,798,142,5.619718309859155
0,2,31,8,2,0,0,0,0,1,0,0,0,0,2,0,0,0,5.0,113,19,5.947368421052632
1,1,2,0,0,0,1,0,1,0,0,2,0,0,1,0,1,0,3.0,72,13,5.538461538461538
1,1,2,3,0,5,2,0,1,0,0,0,0,0,1,0,3,0,1.0,113,23,4.913043478260869
0,84,7,74,1,2,2,0,1,2,2,2,2,0,2,0,1,0,2.0,583,111,5.252252252252252
0,12,0,0,1,1,6,0,0,0,2,2,2,0,1,0,3,0,1.0,450,83,5.421686746987952
1,1,2,3,2,1,0,0,1,1,0,2,0,0,4,0,0,0,5.0,117,19,6.157894736842105
1,1,2,0,2,1,0,0,1,0,2,2,0,0,2,0,0,8,26.0,625,121,5.1652892561983474
1,2,2,0,0,0,2,0,0,1,1,1,1,0,1,0,0,0,4.0,313,5,62.6
1,1,2,0,2,0,1,0,1,0,2,2,0,0,5,0,0,0,12.0,820,152,5.394736842105263
1,92,9,28,0,1,3,1,1,2,2,2,1,0,2,200,0,0,3.0,617,124,4.975806451612903
1,36,5,39,1,0,1,1,0,0,2,2,2,0,1,0,0,0,5.0,714,140,5.1
0,3,3,0,0,0,3,1,1,0,0,2,0,0,1,0,0,0,3.0,63,11,5.7272727272727275
1,84,9,0,1,2,2,0,1,0,2,2,2,0,1,0,0,0,1.0,317,64,4.953125
0,2,1,0,0,6,2,0,2,1,0,2,1,0,1,40,0,0,4.0,689,109,6.321100917431193
1,60,48,0,0,1,2,0,0,0,1,1,0,1,1,0,1,0,1.0,151,27,5.592592592592593
0,2,0,0,1,4,5,0,0,1,0,0,0,1,1,0,1,0,3.0,114,23,4.956521739130435
1,2,2,0,1,0,1,0,1,0,0,2,0,1,1,150,0,0,5.0,506,102,4.96078431372549
1,24,28,0,1,0,1,1,1,0,1,1,1,0,1,0,0,0,1.0,18,3,6.0
1,6,2,0,1,0,1,0,0,0,2,2,0,0,1,0,0,0,2.0,71,15,4.733333333333333
1,1,2,3,2,0,1,1,1,0,0,0,0,0,5,0,6,0,10.0,393,71,5.535211267605634
0,2,3,0,1,2,3,0,0,0,0,2,0,0,1,0,2,0,5.0,139,25,5.56
1,2,2,0,1,1,2,0,1,1,2,2,0,0,1,0,0,0,1.0,104,17,6.117647058823529
1,12,34,3,0,1,4,0,1,1,2,2,2,0,1,0,0,1,8.0,331,48,6.895833333333333
0,2,3,0,0,0,3,1,0,0,1,1,1,0,1,0,1,0,2.0,154,31,4.967741935483871
0,4,1,0,0,5,2,0,1,1,2,2,2,0,1,0,0,0,5.0,1784,327,5.45565749235474
1,50,9,0,0,3,0,0,0,0,2,2,2,0,1,0,0,0,4.0,711,145,4.903448275862069
1,24,101,0,2,1,2,0,2,0,1,1,1,0,2,0,1,0,2.0,245,45,5.444444444444445
1,1,2,0,1,5,2,0,1,1,0,0,1,0,2,0,1,0,11.0,262,53,4.943396226415095
0,12,24,0,1,0,1,4,1,0,0,0,0,0,1,0,0,0,1.0,158,28,5.642857142857143
0,4,3,0,1,0,2,0,0,0,0,2,0,0,1,0,1,0,6.0,207,37,5.594594594594595
0,1,3,0,1,0,3,1,0,0,0,2,0,0,1,0,1,0,1.0,12,2,6.0
1,5,2,0,1,1,2,0,1,0,2,2,2,0,1,0,0,0,2.0,214,40,5.35
0,15,3,0,0,3,0,0,2,0,2,2,2,0,2,0,0,0,3.0,320,54,5.925925925925926
0,24,4,97,1,4,4,1,1,2,0,0,2,0,1,0,1,0,5.0,21,4,5.25
1,24,2,0,0,1,0,0,1,0,1,1,1,0,1,0,1,0,5.0,144,29,4.9655172413793105
1,4,2,0,0,1,0,0,1,1,0,0,0,0,1,0,5,0,2.0,88,15,5.866666666666666
0,15,1,0,2,0,6,1,1,1,0,1,1,0,2,0,0,0,9.0,173,32,5.40625
0,3,149,0,0,0,1,2,2,1,0,0,0,0,1,0,8,0,4.0,36,9,4.0
0,4,3,0,1,2,0,0,0,0,2,2,2,0,1,50,1,0,5.0,525,98,5.357142857142857
0,3,3,0,1,0,0,0,1,0,0,2,2,0,1,0,0,0,5.0,329,57,5.771929824561403
0,3,3,0,1,0,3,1,1,0,0,2,0,0,1,0,1,0,5.0,543,103,5.271844660194175
1,4,2,0,1,0,1,1,1,0,2,2,2,0,1,0,1,0,13.0,77,13,5.923076923076923
0,2,24,9,2,0,1,0,1,0,0,0,0,0,2,0,9,0,2.0,102,14,7.285714285714286
0,1,1,0,1,0,0,0,1,1,0,2,0,0,1,0,0,0,1.0,533,108,4.935185185185185
1,5,2,0,1,1,0,0,1,0,0,0,0,0,1,0,5,0,1.0,503,94,5.351063829787234
1,5,2,0,1,1,4,1,1,0,2,2,0,0,1,0,0,0,11.0,446,60,7.433333333333334
1,1,2,0,0,0,1,0,1,0,2,2,0,0,1,0,0,0,4.0,460,78,5.897435897435898
1,4,2,0,0,0,1,0,1,1,0,2,0,1,1,0,0,0,5.0,393,76,5.171052631578948
1,3,2,0,0,1,2,0,1,1,1,2,1,0,1,0,1,0,7.0,187,35,5.3428571428571425
0,11,3,0,0,0,2,0,1,0,0,0,0,0,1,0,1,0,1.0,276,37,7.45945945945946
1,3,2,3,0,0,2,0,1,0,0,2,0,0,1,0,5,0,3.0,91,16,5.6875
1,12,2,0,1,0,1,0,0,1,0,0,0,0,1,0,0,0,2.0,273,57,4.7894736842105265
1,3,2,0,0,0,1,0,1,0,2,2,0,0,1,0,9,0,7.0,221,44,5.0227272727272725
1,64,20,0,0,1,6,4,2,1,2,2,0,0,1,0,0,0,2.0,178,32,5.5625
0,1,3,8,0,0,0,0,0,0,0,0,0,0,1,0,0,0,2.0,121,18,6.722222222222222
1,6,2,0,1,1,2,0,1,0,1,1,1,0,1,0,0,0,3.0,451,91,4.956043956043956
1,2,5,3,1,1,4,1,2,1,2,2,0,0,1,0,0,0,6.0,383,70,5.4714285714285715
1,1,2,0,2,0,4,0,2,0,0,0,0,0,5,0,3,0,10.0,126,23,5.478260869565218
0,1,3,0,1,4,4,1,1,0,2,2,0,0,2,100,0,0,8.0,1299,235,5.527659574468085
0,36,31,0,2,0,6,3,1,1,2,2,2,0,5,0,0,0,0.0,659,113,5.831858407079646
1,2,2,0,1,2,0,0,1,1,2,0,0,0,1,0,3,0,2.0,145,27,5.37037037037037
0,3,3,0,0,0,0,0,1,0,2,2,0,0,1,0,0,0,2.0,548,96,5.708333333333333
1,48,20,3,1,1,6,0,1,1,2,2,0,0,1,0,9,0,3.0,651,124,5.25
1,9,2,0,1,1,4,1,1,0,2,2,2,0,1,0,0,0,11.0,77,16,4.8125
0,5,3,0,0,0,2,0,1,0,1,1,0,0,1,0,0,0,1.0,116,18,6.444444444444445
1,7,2,0,1,0,0,0,1,0,2,2,0,0,1,110,0,0,4.0,255,44,5.795454545454546
0,10,10,1,2,1,6,2,1,2,0,0,0,0,3,0,1,0,4.0,376,75,5.013333333333334
1,1,2,0,1,0,1,1,1,2,0,0,0,0,1,0,1,0,1.0,67,12,5.583333333333333
1,8,2,0,1,1,2,0,1,0,2,2,2,0,1,0,0,0,4.0,124,22,5.636363636363637
1,1,2,0,2,0,1,0,1,1,0,0,0,0,6,0,1,0,13.0,100,17,5.882352941176471
1,24,28,0,1,0,1,1,1,0,1,1,0,0,1,0,1,0,1.0,736,145,5.075862068965518
1,7,2,0,0,1,0,0,1,1,2,1,1,0,1,0,0,0,1.0,30,5,6.0
0,6,3,0,0,1,0,0,0,0,2,2,2,0,1,0,1,0,2.0,333,64,5.203125
0,12,1,0,2,0,4,1,1,1,2,2,2,0,2,0,3,0,4.0,307,56,5.482142857142857
0,3,0,6,1,0,1,2,1,1,0,2,0,0,1,0,0,0,0.0,207,36,5.75
0,1,4,26,1,6,3,1,2,1,0,0,0,0,1,0,0,0,9.0,240,43,5.5813953488372094
1,3,2,0,0,1,2,0,0,0,0,2,2,0,1,0,0,0,3.0,134,25,5.36
0,7,10,0,0,4,2,0,1,0,2,2,1,0,1,0,1,0,0.0,356,78,4.564102564102564
1,180,2,0,0,3,2,0,1,1,2,2,2,0,1,0,3,0,1.0,160,25,6.4
0,24,0,0,1,1,2,0,0,0,2,2,2,0,1,0,10,0,1.0,557,102,5.46078431372549
1,2,2,0,1,0,0,0,1,0,0,0,0,0,1,0,0,0,2.0,175,34,5.147058823529412
1,48,20,0,0,4,2,0,2,1,2,2,0,0,1,250,0,0,1.0,62,12,5.166666666666667
0,3,3,0,1,0,2,0,0,0,0,0,0,0,1,0,0,0,2.0,179,32,5.59375
1,2,2,0,1,1,5,0,1,0,0,2,0,0,1,0,0,0,4.0,1217,237,5.135021097046414
0,1,1,6,2,3,2,0,1,1,0,0,0,0,2,0,1,0,5.0,74,13,5.6923076923076925
0,1,3,0,0,1,3,1,1,0,0,0,0,0,1,0,0,0,2.0,185,38,4.868421052631579
0,2,3,26,0,0,3,1,1,1,2,2,2,0,1,0,0,0,1.0,617,129,4.782945736434108
0,3,0,0,2,6,3,1,1,0,1,1,1,0,4,0,5,0,5.0,53,11,4.818181818181818
0,12,3,0,1,1,2,0,1,0,1,1,2,0,1,0,5,0,2.0,67,12,5.583333333333333
1,2,2,0,0,0,1,1,1,0,0,2,0,0,1,0,1,0,7.0,68,12,5.666666666666667
1,1,14,3,1,6,0,0,1,1,0,0,0,0,1,0,3,0,0.0,591,118,5.008474576271187
1,120,2,0,1,0,0,0,1,1,1,1,1,1,1,0,1,0,3.0,623,129,4.829457364341085
1,27,2,0,1,1,0,0,1,0,2,2,2,0,1,0,0,0,1.0,844,154,5.48051948051948
0,1,17,0,0,0,1,1,1,1,0,2,0,0,2,0,1,0,17.0,402,74,5.4324324324324325
1,4,2,0,1,0,1,0,1,0,2,2,0,0,1,0,0,0,2.0,371,65,5.707692307692308
1,1,2,0,1,1,2,0,1,0,0,0,0,0,1,0,1,0,1.0,46,9,5.111111111111111
1,9,2,3,0,0,2,0,1,1,0,2,0,0,1,0,1,0,2.0,86,19,4.526315789473684
1,1,2,0,0,2,2,0,1,0,2,2,2,0,1,0,0,0,1.0,160,29,5.517241379310345
0,3,3,0,1,0,3,1,0,0,0,2,0,0,1,0,3,0,5.0,373,66,5.651515151515151
0,4,1,0,0,4,2,0,0,1,0,2,0,0,1,0,0,0,6.0,280,53,5.283018867924528
0,1,3,8,2,0,3,1,0,0,0,0,0,0,3,0,5,0,4.0,102,20,5.1
1,22,28,0,1,0,1,1,1,0,2,2,0,0,1,0,0,0,3.0,1067,194,5.5
0,1,1,0,2,3,0,0,1,1,0,0,0,0,2,0,0,0,25.0,1518,240,6.325
1,30,9,0,1,5,2,0,0,1,2,2,0,0,1,500,0,0,5.0,295,58,5.086206896551724
0,2,3,0,2,0,1,1,1,0,0,0,0,0,5,0,0,0,4.0,302,57,5.298245614035087
1,36,8,3,0,0,1,0,2,0,2,2,2,0,1,0,0,0,4.0,146,4,36.5
0,4,3,0,1,0,0,0,0,0,0,0,0,0,1,0,1,0,3.0,173,35,4.942857142857143
0,24,3,0,1,1,5,0,1,0,0,0,2,0,1,0,0,0,1.0,27,4,6.75
1,1,2,0,1,2,2,0,1,0,0,2,2,0,1,0,0,0,3.0,53,9,5.888888888888889
0,8,95,0,1,3,0,0,1,0,0,0,0,0,1,0,0,0,3.0,121,27,4.481481481481482
1,1,2,0,1,1,0,0,1,0,0,0,0,0,1,0,2,0,1.0,692,129,5.364341085271318
1,36,2,0,0,1,4,0,1,0,2,2,1,0,1,0,0,0,2.0,268,47,5.702127659574468
0,3,3,0,1,0,5,3,1,0,0,0,0,0,1,50,1,0,4.0,134,26,5.153846153846154
0,12,4,0,1,0,3,1,1,2,1,1,1,0,1,5,0,0,5.0,514,108,4.7592592592592595
1,4,8,3,1,0,4,0,1,0,0,0,0,0,3,0,0,0,2.0,144,25,5.76
0,6,1,0,1,4,0,0,1,1,2,2,2,0,1,0,0,0,13.0,509,96,5.302083333333333
1,72,41,3,0,0,1,0,1,1,0,0,0,0,1,0,0,0,5.0,432,85,5.08235294117647
0,3,0,0,2,1,3,1,0,1,0,0,0,0,2,0,1,0,2.0,556,103,5.398058252427185
1,24,2,7,0,1,2,0,1,1,1,2,0,0,1,0,8,0,2.0,285,62,4.596774193548387
0,5,3,0,1,3,0,0,0,0,1,2,2,0,6,0,0,0,3.0,341,66,5.166666666666667
1,12,2,0,1,0,1,0,0,0,0,0,0,0,1,0,0,0,3.0,311,57,5.456140350877193
1,3,2,0,1,1,0,0,1,0,0,0,0,0,1,0,1,0,1.0,39,8,4.875
1,238,2,0,0,5,2,0,1,0,2,2,2,0,1,0,3,0,10.0,164,29,5.655172413793103
0,2,61,10,1,0,3,1,1,1,0,2,0,0,1,180,1,0,1.0,93,15,6.2
1,2,2,0,1,1,0,0,1,0,2,2,0,0,1,0,0,0,5.0,89,15,5.933333333333334
1,36,2,0,1,0,0,0,1,0,0,0,0,0,1,20,3,0,1.0,190,33,5.757575757575758
1,2,2,0,1,0,0,0,1,1,0,2,0,0,1,0,2,0,1.0,120,24,5.0
1,3,2,0,0,1,0,0,1,0,2,2,0,0,2,0,0,0,2.0,1461,258,5.662790697674419
1,4,2,0,0,0,1,2,1,1,0,2,0,1,1,0,0,0,5.0,393,76,5.171052631578948
1,56,9,0,0,0,1,1,0,0,2,2,0,0,1,0,1,0,2.0,1252,231,5.41991341991342
0,2,4,0,0,4,0,0,1,2,0,2,0,0,1,0,0,0,2.0,281,58,4.844827586206897
0,48,3,0,0,0,0,0,1,0,0,1,1,0,1,0,0,0,5.0,168,28,6.0
1,2,2,3,1,1,2,0,1,1,2,2,0,0,3,0,0,0,5.0,336,51,6.588235294117647
1,9,2,33,1,0,1,1,1,1,2,2,2,0,1,0,0,0,7.0,1381,246,5.6138211382113825
1,24,2,0,1,2,0,0,1,0,2,2,0,0,1,50,0,0,3.0,311,54,5.7592592592592595
1,3,2,0,1,1,0,0,1,0,2,2,0,0,1,0,1,0,7.0,246,41,6.0
1,48,57,0,0,0,0,0,1,0,2,2,2,1,1,0,0,0,4.0,439,75,5.8533333333333335
0,3,3,0,2,0,3,1,1,0,0,2,0,0,3,0,0,0,5.0,499,89,5.606741573033708
1,24,63,0,1,0,1,0,0,0,2,2,2,0,1,0,1,0,5.0,418,71,5.887323943661972
0,2,3,0,1,4,2,0,0,0,0,2,0,0,1,0,0,0,1.0,151,29,5.206896551724138
0,12,3,8,1,1,2,0,1,0,2,2,2,0,1,0,0,0,4.0,83,13,6.384615384615385
0,24,3,0,1,5,2,0,1,0,2,2,2,0,1,100,1,0,2.0,314,59,5.322033898305085
0,36,3,23,1,0,5,1,1,0,2,2,2,0,1,0,0,0,4.0,1237,225,5.497777777777777
1,2,2,0,1,2,2,0,1,0,2,2,2,0,1,0,0,1,4.0,419,80,5.2375
0,12,3,57,0,0,1,0,2,0,1,2,0,0,1,0,1,0,3.0,494,97,5.092783505154639
0,3,1,0,1,0,5,1,1,1,0,2,0,0,2,0,3,0,3.0,217,46,4.717391304347826
1,19,34,0,0,1,6,0,1,1,2,2,0,0,1,100,2,0,3.0,141,28,5.035714285714286
1,76,2,0,0,1,4,1,1,0,2,2,2,0,1,0,1,0,1.0,394,72,5.472222222222222
1,11,69,0,1,0,1,1,1,0,2,2,2,0,1,0,1,0,5.0,46,9,5.111111111111111
0,12,3,6,2,2,3,1,1,0,1,1,1,0,20,0,0,0,0.0,576,110,5.236363636363636
0,2,3,0,0,0,1,0,0,0,2,2,1,0,1,0,1,0,1.0,23,4,5.75
0,12,82,0,0,1,0,0,2,2,2,2,0,0,1,200,0,0,4.0,161,27,5.962962962962963
0,60,3,0,0,4,2,0,2,1,2,2,2,0,1,0,0,0,1.0,76,14,5.428571428571429
1,60,2,0,0,1,4,0,2,0,2,2,0,0,1,0,0,0,1.0,49,7,7.0
0,4,26,9,1,0,6,1,1,0,0,0,0,0,1,0,0,0,1.0,98,15,6.533333333333333
0,2,61,1,1,0,0,0,1,2,0,2,0,0,1,0,0,0,6.0,2072,353,5.8696883852691215
1,2,2,0,1,0,1,0,1,0,1,1,0,0,1,0,0,0,1.0,98,17,5.764705882352941
1,9,57,0,1,0,0,0,2,0,1,1,2,0,1,0,5,0,8.0,398,69,5.768115942028985
0,24,3,0,1,1,5,0,1,1,2,2,2,0,1,0,0,0,2.0,92,17,5.411764705882353
1,6,2,0,0,1,4,1,1,0,2,2,2,0,1,0,0,0,3.0,164,35,4.685714285714286
0,3,3,0,1,0,5,1,1,0,0,0,1,0,2,0,0,0,4.0,86,17,5.0588235294117645
0,2,3,0,2,0,6,1,0,0,2,2,0,0,4,0,3,0,6.0,178,28,6.357142857142857
1,7,2,0,1,1,6,4,1,1,2,1,2,0,1,0,3,0,4.0,622,115,5.408695652173913
0,2,3,9,1,0,0,0,0,0,2,2,0,0,1,0,0,1,4.0,356,61,5.836065573770492
1,1,2,0,1,0,6,0,1,0,0,2,0,0,1,0,1,0,7.0,468,90,5.2
1,2,45,40,2,0,1,1,1,1,0,0,0,0,6,0,1,0,1.0,82,16,5.125
0,12,3,0,0,0,1,1,0,0,1,1,1,0,1,0,0,0,3.0,68,11,6.181818181818182
1,1,2,3,1,0,1,1,1,1,2,2,0,0,1,0,2,0,5.0,120,22,5.454545454545454
0,2,3,0,1,3,0,0,1,0,0,2,0,1,1,0,1,0,6.0,1074,213,5.042253521126761
1,9,63,0,1,0,4,0,1,0,2,2,0,0,1,500,0,0,1.0,107,21,5.095238095238095
0,2,3,0,1,4,2,0,1,0,0,0,0,0,1,0,0,0,3.0,56,10,5.6
1,3,2,0,1,1,0,0,1,0,1,2,0,0,1,0,1,0,9.0,222,37,6.0
0,3,3,0,1,1,3,1,1,0,2,2,0,0,1,0,0,1,8.0,307,59,5.203389830508475
1,1,2,0,2,0,1,0,1,1,0,0,0,0,4,0,1,0,5.0,347,68,5.102941176470588
1,2,2,0,0,0,1,2,1,0,0,0,0,0,1,0,0,0,2.0,517,102,5.068627450980392
0,3,10,9,2,0,0,0,1,0,0,0,0,0,5,0,0,0,5.0,174,28,6.214285714285714
0,24,3,0,0,4,0,0,0,0,2,2,2,0,1,0,1,0,1.0,300,63,4.761904761904762
0,3,3,0,2,1,4,0,0,0,0,1,0,0,4,0,0,0,1.0,137,23,5.956521739130435
1,4,2,3,1,1,0,0,1,0,2,2,0,0,1,50,0,0,4.0,158,26,6.076923076923077
1,36,2,0,1,0,1,0,1,0,0,0,2,0,1,0,0,0,2.0,336,65,5.1692307692307695
1,1,2,0,0,0,1,1,1,0,0,0,0,0,1,0,2,0,2.0,643,119,5.4033613445378155
0,2,12,0,0,4,2,0,2,1,2,2,0,0,1,0,1,1,4.0,167,33,5.0606060606060606
0,2,3,0,0,0,3,1,0,0,2,2,0,1,1,0,0,0,26.0,2259,442,5.110859728506787
1,2,2,0,1,0,0,0,1,0,0,0,0,0,1,0,0,0,2.0,175,34,5.147058823529412
1,5,2,0,1,0,1,0,1,0,2,2,0,0,1,0,0,0,5.0,8,1,8.0
0,4,32,10,1,0,0,0,0,2,0,0,1,0,1,250,0,0,3.0,200,38,5.2631578947368425
1,2,13,3,0,1,6,0,1,1,0,0,0,0,1,0,0,0,9.0,76,16,4.75
1,7,2,0,1,0,2,0,1,0,2,2,2,0,1,0,0,0,3.0,247,51,4.8431372549019605
1,24,34,0,0,5,2,0,1,1,2,2,0,0,1,250,1,0,2.0,540,110,4.909090909090909
1,2,2,3,1,0,1,0,1,0,2,2,1,0,2,0,0,0,9.0,702,134,5.2388059701492535
0,18,1,8,0,5,2,0,1,1,2,2,2,0,1,0,0,1,10.0,304,63,4.825396825396825
1,12,2,0,1,1,0,0,1,1,0,2,2,0,1,0,0,0,7.0,434,79,5.493670886075949
1,12,2,0,1,1,2,0,0,0,2,2,2,0,1,0,0,0,2.0,88,19,4.631578947368421
1,8,2,0,1,3,2,0,1,0,2,2,2,0,1,0,5,0,2.0,890,171,5.204678362573099
1,20,83,7,1,5,2,0,0,1,2,2,2,0,1,400,0,0,2.0,185,39,4.743589743589744
0,1,1,20,0,4,4,1,1,1,0,2,0,0,1,40,0,0,5.0,1038,180,5.766666666666667
1,3,2,0,0,1,3,0,1,0,2,2,0,0,1,0,0,0,3.0,110,15,7.333333333333333
0,2,3,0,2,3,0,0,1,1,0,0,0,0,2,25,0,0,7.0,269,53,5.0754716981132075
0,1,3,0,1,5,2,0,0,0,2,2,2,0,3,0,0,0,2.0,408,75,5.44
1,1,2,0,2,0,1,4,0,0,0,0,0,1,2,0,0,0,3.0,115,21,5.476190476190476
1,9,34,0,0,0,0,0,0,1,2,0,0,0,1,10,3,0,1.0,155,28,5.535714285714286
0,5,0,0,1,0,0,0,0,0,2,2,0,0,1,0,1,0,3.0,973,187,5.2032085561497325
1,2,2,3,1,0,0,0,1,1,0,2,0,0,1,0,0,0,4.0,12,2,6.0
1,24,48,0,1,1,2,0,0,0,2,2,0,0,1,0,5,0,5.0,181,34,5.323529411764706
1,2,5,3,1,0,1,1,1,0,0,0,0,0,3,0,0,0,14.0,685,127,5.393700787401575
0,1,3,0,1,6,0,0,1,0,0,0,0,0,1,0,1,0,4.0,195,32,6.09375
1,2,2,0,0,1,5,0,1,1,2,2,0,0,1,0,0,0,4.0,384,73,5.260273972602739
0,5,3,0,0,0,0,0,1,0,1,1,0,0,1,0,0,0,9.0,57,5,11.4
1,1,2,0,1,1,4,0,1,0,0,0,0,0,1,0,0,0,1.0,55,11,5.0
1,48,2,0,1,1,0,0,1,0,2,2,2,0,1,0,0,0,10.0,521,110,4.736363636363636
1,12,2,0,0,5,2,0,1,0,1,1,0,0,1,0,0,0,7.0,149,27,5.518518518518518
0,2,3,0,2,0,1,0,0,0,0,0,0,0,3,0,12,0,1.0,98,18,5.444444444444445
0,2,1,0,0,1,3,0,1,1,2,2,0,0,1,0,1,0,3.0,674,124,5.435483870967742
1,1,2,0,0,1,0,0,1,0,0,0,0,0,1,0,0,0,2.0,943,175,5.388571428571429
0,7,4,9,0,3,0,0,1,1,1,2,0,0,1,0,0,0,12.0,732,147,4.979591836734694
1,1,2,0,1,1,0,0,1,0,0,0,0,0,1,0,0,0,2.0,560,100,5.6
1,1,2,0,1,0,1,0,1,1,0,0,0,0,1,0,3,0,1.0,137,20,6.85
1,120,2,0,0,0,1,1,2,0,1,1,1,0,1,0,1,0,3.0,884,176,5.0227272727272725
0,3,3,0,1,1,0,0,0,0,0,2,0,0,1,0,1,0,5.0,279,56,4.982142857142857
1,18,2,0,1,2,2,0,1,1,2,2,2,0,1,0,2,0,10.0,904,174,5.195402298850575
1,2,57,14,2,0,1,1,0,1,2,1,1,0,5,0,0,0,1.0,63,12,5.25
0,3,3,0,1,0,3,1,0,0,0,2,0,0,1,0,0,0,4.0,312,63,4.9523809523809526
0,60,3,0,0,6,2,0,2,0,2,2,2,0,1,0,1,0,1.0,231,38,6.078947368421052
1,9,2,3,2,0,1,0,1,0,2,2,0,0,2,30,0,0,3.0,474,87,5.448275862068965
0,2,7,1,1,2,2,0,1,2,0,2,0,0,1,100,0,0,5.0,693,126,5.5
0,3,49,0,2,0,1,1,1,0,0,0,0,0,4,0,0,0,4.0,51,11,4.636363636363637
0,3,3,0,0,0,2,0,0,0,0,2,0,0,1,0,1,0,3.0,720,143,5.034965034965035
1,3,2,0,1,1,2,0,1,0,0,0,0,0,1,0,6,0,5.0,28,5,5.6
0,2,1,0,0,6,0,0,1,1,0,0,0,0,1,0,1,0,7.0,360,69,5.217391304347826
1,4,2,0,0,1,2,0,1,1,2,2,0,0,1,0,0,0,1.0,44,8,5.5
1,7,71,3,1,1,0,0,1,1,1,1,1,0,1,0,0,0,1.0,794,146,5.438356164383562
0,12,3,0,0,0,0,0,1,0,1,1,0,0,1,0,1,0,3.0,60,12,5.0
1,4,2,0,0,0,1,0,1,1,2,2,0,0,1,0,0,0,10.0,166,28,5.928571428571429
1,8,2,0,1,4,2,0,1,0,2,2,2,0,1,0,0,2,8.0,2498,482,5.182572614107884
1,2,2,0,2,1,4,1,0,0,0,2,0,0,10,0,0,0,8.0,524,90,5.822222222222222
1,1,2,0,1,0,1,4,0,1,0,0,0,0,1,0,0,0,4.0,234,44,5.318181818181818
0,4,3,0,1,3,0,0,0,0,0,2,0,0,1,0,0,0,9.0,234,39,6.0
0,1,1,0,0,0,0,0,2,1,0,0,0,0,1,0,0,0,4.0,240,48,5.0
1,6,2,0,1,0,1,4,1,1,0,2,0,0,1,0,2,0,3.0,197,41,4.804878048780488
0,6,94,0,1,6,0,0,1,0,0,0,0,0,1,0,1,0,1.0,126,24,5.25
0,1,10,9,1,3,2,0,1,1,0,0,0,0,1,0,0,0,1.0,8,1,8.0
0,3,3,0,0,0,0,0,0,0,2,2,0,0,1,0,1,0,9.0,1315,243,5.411522633744856
0,1,64,6,2,3,2,0,0,1,0,0,0,0,4,0,8,0,0.0,157,31,5.064516129032258
1,2,2,0,1,5,2,0,1,1,2,2,2,0,1,0,1,0,3.0,201,39,5.153846153846154
1,36,2,0,1,1,2,0,0,2,2,1,0,0,1,0,1,0,1.0,299,58,5.155172413793103
1,18,2,0,1,0,1,0,1,0,2,2,2,0,1,0,0,0,3.0,756,134,5.641791044776119
0,24,1,1,1,0,5,1,1,2,1,1,1,0,6,0,0,0,4.0,20,5,4.0
0,2,24,16,1,0,1,4,0,0,0,0,0,0,1,0,1,0,4.0,226,40,5.65
1,1,2,0,1,1,2,0,1,1,0,0,0,1,1,50,0,0,5.0,472,78,6.051282051282051
0,12,4,1,1,0,2,0,1,2,0,0,2,0,1,100,0,0,2.0,33,6,5.5
0,10,3,0,0,5,2,0,1,0,2,2,2,1,1,0,0,0,2.0,424,78,5.435897435897436
1,1,2,58,2,0,1,2,1,0,2,2,2,0,4,8,1,0,4.0,1509,293,5.150170648464163
0,1,1,0,0,1,6,2,1,1,1,1,1,0,1,0,0,0,7.0,586,111,5.2792792792792795
0,2,3,0,0,0,0,0,1,0,0,2,0,0,1,0,0,0,5.0,127,24,5.291666666666667
0,6,3,0,0,6,0,0,1,0,2,2,2,0,1,100,1,0,1.0,59,7,8.428571428571429
1,1,2,0,2,1,0,0,1,1,0,0,0,0,7,0,0,0,5.0,310,55,5.636363636363637
0,3,10,47,1,1,0,0,0,0,1,1,1,0,1,0,1,0,1.0,193,35,5.514285714285714
0,12,3,0,1,3,2,0,1,0,2,2,2,0,1,0,0,0,5.0,134,22,6.090909090909091
1,24,2,0,0,1,0,0,1,1,2,2,2,0,1,50,3,0,5.0,346,60,5.766666666666667
1,3,2,0,0,1,6,0,1,1,0,2,0,0,1,0,0,1,1.0,59,13,4.538461538461538
0,12,3,0,0,0,3,1,2,0,0,2,2,0,1,0,1,0,3.0,491,100,4.91
0,1,3,8,1,2,3,0,1,1,0,0,0,0,1,50,1,0,3.0,172,34,5.0588235294117645
0,7,3,0,1,0,2,0,1,0,1,2,1,0,1,0,1,0,10.0,126,22,5.7272727272727275
1,18,2,3,1,4,2,0,1,2,2,2,0,0,1,0,0,0,8.0,376,80,4.7
0,3,1,1,2,0,1,1,2,1,2,2,0,0,6,0,3,0,4.0,351,66,5.318181818181818
0,5,3,0,1,0,1,4,1,0,0,0,0,0,1,0,0,0,6.0,213,37,5.756756756756757
0,1,1,9,1,1,2,0,0,1,2,2,0,0,1,0,0,0,6.0,158,32,4.9375
0,3,3,0,0,1,0,0,0,0,0,2,0,0,1,0,1,0,19.0,209,42,4.976190476190476
1,2,2,3,0,0,2,0,0,0,0,2,0,0,1,0,2,0,1.0,89,16,5.5625
0,24,116,0,1,2,3,0,0,0,2,2,2,0,2,300,1,0,1.0,3493,647,5.398763523956723
0,1,24,0,1,0,1,1,0,1,0,0,0,0,1,0,0,1,2.0,171,31,5.516129032258065
0,2,3,26,1,1,5,0,1,0,0,2,0,0,1,0,0,0,3.0,178,33,5.393939393939394
0,5,3,0,0,0,2,0,1,0,0,2,0,0,1,0,1,0,7.0,49,7,7.0
0,17,4,0,1,5,2,0,1,2,2,2,2,0,1,380,0,0,2.0,280,53,5.283018867924528
0,4,3,0,2,0,1,0,0,0,2,2,0,0,4,0,0,0,4.0,242,48,5.041666666666667
0,4,1,0,1,0,5,1,2,1,0,0,1,0,1,0,0,0,3.0,209,37,5.648648648648648
1,35,20,11,1,4,2,0,1,1,0,2,2,0,1,50,5,0,2.0,31,6,5.166666666666667
1,1,2,0,1,0,1,0,1,0,0,0,0,0,1,20,3,0,1.0,122,21,5.809523809523809
0,4,1,0,2,0,1,1,1,1,0,0,0,0,2,100,1,0,8.0,145,25,5.8
0,3,3,0,1,0,2,0,0,0,0,0,0,1,1,0,1,0,1.0,18,3,6.0
1,2,2,3,1,4,2,0,1,1,2,2,0,0,1,0,0,0,2.0,12,2,6.0
1,7,2,0,1,1,2,0,2,1,1,1,1,0,1,0,0,0,4.0,61,10,6.1
1,2,2,0,1,0,1,0,1,1,0,0,0,0,1,20,3,0,1.0,141,25,5.64
0,2,64,0,1,0,3,0,1,0,2,2,0,0,1,0,0,0,5.0,230,41,5.609756097560975
1,3,2,0,1,0,1,0,2,0,1,1,0,0,1,0,0,0,2.0,119,21,5.666666666666667
0,5,3,0,1,0,6,2,0,0,0,2,0,0,1,0,1,0,3.0,153,30,5.1
1,1,2,0,0,0,4,0,1,0,0,0,0,0,1,0,0,0,1.0,364,69,5.27536231884058
0,4,3,0,0,0,2,0,1,0,2,2,0,0,1,0,0,0,6.0,20,3,6.666666666666667
1,2,2,0,1,1,4,1,1,0,0,0,0,0,1,0,0,0,3.0,432,80,5.4
0,6,0,0,1,0,3,1,1,0,0,0,0,0,1,0,0,0,8.0,533,102,5.2254901960784315
1,1,2,0,0,1,2,0,1,0,0,2,0,0,1,0,1,0,11.0,294,57,5.157894736842105
1,2,2,3,1,0,1,0,1,0,0,2,0,0,4,0,3,0,3.0,160,29,5.517241379310345
0,2,3,0,0,0,0,0,1,0,0,0,0,0,1,0,1,0,4.0,211,36,5.861111111111111
0,2,3,0,0,4,4,1,1,0,0,2,0,0,1,0,0,0,4.0,910,149,6.10738255033557
1,2,25,3,2,0,6,2,1,0,2,2,0,0,2,0,0,0,8.0,311,57,5.456140350877193
1,1,2,0,0,1,2,0,1,0,0,2,0,0,1,0,1,0,5.0,458,90,5.088888888888889
1,2,2,3,1,0,1,1,2,0,1,1,1,0,3,0,0,0,1.0,384,71,5.408450704225352
1,1,2,0,1,0,1,0,0,1,0,2,2,0,1,0,0,0,1.0,24,4,6.0
0,72,3,0,0,3,2,0,1,0,2,2,2,0,1,0,0,0,1.0,33,6,5.5
0,2,1,0,1,0,5,0,0,1,0,0,0,0,1,0,0,0,6.0,915,184,4.9728260869565215
0,4,3,26,0,0,3,0,0,0,0,0,0,0,1,0,0,0,5.0,219,40,5.475
1,1,2,0,0,0,0,0,1,1,0,0,0,0,1,0,3,0,3.0,32,6,5.333333333333333
0,1,0,26,1,0,1,1,1,0,0,0,0,0,1,0,0,0,3.0,206,38,5.421052631578948
0,18,7,9,1,2,2,0,1,1,1,2,0,0,2,0,0,0,5.0,94,16,5.875
1,0,2,0,2,0,1,0,0,0,0,0,0,0,9,0,0,0,4.0,955,185,5.162162162162162
1,4,2,0,0,1,5,0,2,0,2,2,0,0,1,0,0,0,1.0,335,70,4.785714285714286
1,3,2,0,0,1,4,1,1,1,0,2,0,0,1,0,3,0,0.0,487,94,5.180851063829787
0,41,30,0,1,0,0,0,2,1,2,2,2,0,1,0,0,0,5.0,839,170,4.935294117647059
0,2,3,0,1,0,3,0,1,0,1,1,1,0,1,0,0,0,0.0,682,132,5.166666666666667
1,0,2,0,1,0,1,0,0,0,0,0,0,0,1,0,0,0,4.0,1169,229,5.104803493449782
0,2,0,0,2,0,5,3,1,1,0,0,0,0,2,0,0,0,2.0,180,31,5.806451612903226
0,1,3,0,1,0,0,0,1,0,2,2,0,0,1,0,1,0,5.0,147,28,5.25
0,2,1,0,2,0,4,1,0,1,0,0,0,0,3,0,0,0,0.0,363,61,5.950819672131147
1,48,20,0,1,4,4,0,2,2,2,2,0,0,2,0,1,0,3.0,65,13,5.0
1,2,2,0,0,1,5,0,1,0,2,2,0,0,1,100,0,0,3.0,29,5,5.8
1,2,2,3,2,1,0,0,0,0,0,0,0,0,2,0,1,0,3.0,156,28,5.571428571428571
1,2,2,0,0,1,0,0,1,0,2,2,0,0,1,0,0,0,1.0,70,13,5.384615384615385
1,2,50,11,1,4,0,0,1,0,1,1,0,0,1,0,0,0,2.0,67,13,5.153846153846154
0,1,59,0,0,1,0,0,1,2,2,2,0,0,1,400,0,0,9.0,1395,249,5.602409638554217
0,72,3,0,1,4,5,1,0,0,0,0,2,0,1,0,0,0,2.0,1103,202,5.46039603960396
1,12,2,0,1,1,2,0,1,1,1,1,2,1,1,0,1,0,3.0,612,113,5.415929203539823
1,2,2,0,0,2,2,0,1,0,0,0,0,0,1,0,0,1,4.0,1101,211,5.218009478672986
1,72,14,35,2,4,5,0,2,0,2,2,2,0,2,0,0,0,2.0,618,126,4.904761904761905
1,18,11,0,1,1,0,0,0,0,2,2,0,0,1,0,1,0,1.0,89,15,5.933333333333334
1,48,9,0,0,0,2,0,0,1,2,2,0,0,1,0,1,0,0.0,161,31,5.193548387096774
1,2,2,0,1,1,0,0,1,0,2,2,0,0,1,0,0,0,4.0,244,52,4.6923076923076925
1,60,13,0,0,2,0,0,1,1,1,1,1,0,1,0,3,0,1.0,318,63,5.0476190476190474
0,3,1,0,2,0,5,3,0,1,0,0,0,0,2,0,1,0,6.0,520,99,5.252525252525253
1,2,2,3,0,0,0,0,0,0,0,2,0,0,1,0,5,0,2.0,87,13,6.6923076923076925
0,1,26,0,1,0,5,3,2,1,0,0,0,0,1,0,0,0,4.0,31,6,5.166666666666667
0,5,1,0,1,6,3,1,0,1,1,1,1,0,1,5,0,0,0.0,95,20,4.75
1,2,2,0,1,1,5,0,0,0,2,2,2,0,1,0,1,0,10.0,8,2,4.0
1,15,2,12,1,0,0,0,1,0,2,2,2,0,1,0,0,0,1.0,112,20,5.6
0,3,4,0,1,1,3,1,1,2,0,2,0,0,1,0,0,0,5.0,281,50,5.62
1,48,2,3,0,2,0,0,0,2,2,2,1,0,2,0,1,0,5.0,195,40,4.875
1,3,2,0,1,1,2,0,1,0,0,0,0,0,1,0,1,0,1.0,39,8,4.875
1,17,9,0,0,2,2,0,0,1,2,2,2,0,1,200,0,0,1.0,360,52,6.923076923076923
0,2,3,0,0,3,2,0,1,0,0,0,0,0,1,0,1,0,1.0,401,73,5.493150684931507
1,2,2,0,1,0,1,0,1,0,1,1,0,0,1,0,0,0,5.0,103,17,6.0588235294117645
0,3,3,0,1,3,0,0,1,0,0,0,0,0,1,0,0,0,6.0,883,155,5.696774193548387
0,1,3,0,2,5,2,0,0,0,0,0,0,0,2,0,0,0,2.0,1046,213,4.910798122065728
0,3,3,0,0,1,3,1,1,0,2,2,0,0,1,0,0,0,6.0,1328,258,5.147286821705427
1,2,2,0,1,1,2,0,0,0,2,1,0,0,1,0,3,0,3.0,200,40,5.0
1,0,2,3,2,0,1,5,2,0,1,1,1,0,2,0,0,0,4.0,565,111,5.09009009009009
0,0,3,0,2,0,1,3,0,0,2,2,2,0,5,0,0,0,5.0,499,73,6.835616438356165
0,2,10,9,1,1,4,0,0,1,0,0,0,0,1,100,3,2,18.0,5289,936,5.6506410256410255
0,5,61,8,0,0,0,0,2,1,0,2,0,0,1,50,0,0,5.0,369,60,6.15
1,1,2,0,1,1,2,0,1,2,0,0,0,0,1,0,0,0,3.0,163,34,4.794117647058823
0,36,3,0,1,0,2,0,0,0,2,2,2,0,1,0,0,0,6.0,164,26,6.3076923076923075
1,5,2,0,1,1,2,0,1,1,1,2,0,0,1,0,1,0,3.0,192,39,4.923076923076923
0,5,3,9,2,5,2,0,1,0,0,1,1,0,2,0,3,0,4.0,66,11,6.0
1,24,2,3,1,0,1,2,1,0,2,2,2,0,2,0,0,8,30.0,1435,256,5.60546875
0,4,3,0,1,0,0,0,0,1,2,2,0,0,1,0,1,0,5.0,493,104,4.740384615384615
1,2,2,0,2,0,1,1,1,0,0,0,0,0,6,0,0,0,5.0,310,56,5.535714285714286
1,8,2,0,1,4,2,0,1,0,2,2,2,0,1,50,0,0,4.0,254,46,5.521739130434782
0,3,3,0,0,6,2,0,1,0,1,2,0,0,1,0,1,0,3.0,354,61,5.80327868852459
0,1,30,0,0,0,3,0,1,0,0,0,0,0,1,0,1,0,4.0,727,150,4.846666666666667
1,60,39,0,0,1,2,0,2,0,1,1,0,1,1,0,0,0,3.0,544,100,5.44
0,3,3,0,0,0,6,1,1,0,0,2,0,0,4,0,0,0,15.0,425,61,6.967213114754099
0,2,3,9,2,0,1,1,1,0,0,0,1,0,2,1,1,0,5.0,363,62,5.854838709677419
0,0,3,9,2,0,3,1,1,0,0,0,0,0,5,0,1,0,2.0,481,82,5.865853658536586
1,18,9,0,0,1,4,1,0,1,2,2,2,1,1,0,1,0,1.0,136,26,5.230769230769231
0,5,1,0,0,0,6,3,0,1,0,1,0,0,1,0,1,0,10.0,44,7,6.285714285714286
1,2,2,0,1,5,2,0,1,0,0,0,0,0,1,0,0,0,5.0,557,107,5.205607476635514
0,4,1,0,0,3,2,0,1,1,0,0,0,0,1,0,0,0,3.0,119,20,5.95
1,3,2,0,0,0,1,0,1,1,2,2,0,0,1,0,0,0,3.0,187,35,5.3428571428571425
1,3,2,0,1,1,0,0,1,0,0,0,0,0,1,0,0,0,13.0,298,57,5.228070175438597
1,2,2,0,0,2,0,0,1,0,2,2,0,0,1,0,1,0,3.0,197,33,5.96969696969697
0,2,3,0,1,0,0,0,1,0,2,1,1,0,1,5,5,0,3.0,230,46,5.0
1,2,2,0,1,0,1,0,1,1,0,0,0,0,1,0,0,0,5.0,88,15,5.866666666666666
1,2,2,0,1,1,2,0,1,0,0,2,0,0,1,0,0,0,2.0,76,13,5.846153846153846
0,4,1,0,1,0,1,0,1,1,0,2,0,0,1,0,1,0,2.0,68,11,6.181818181818182
0,12,24,57,1,0,1,4,1,0,0,0,0,0,1,0,0,0,1.0,157,28,5.607142857142857
0,3,1,0,1,3,0,0,0,1,1,1,1,0,1,0,0,0,2.0,107,20,5.35
1,24,19,3,0,0,2,0,1,1,2,2,0,0,1,0,0,0,2.0,72,12,6.0
1,2,43,3,0,0,1,0,1,1,2,2,2,0,1,0,2,0,1.0,41,5,8.2
0,4,1,0,1,0,3,1,1,1,0,0,0,0,1,0,1,0,5.0,37,6,6.166666666666667
0,1,12,48,2,1,6,0,0,0,0,0,0,0,2,0,0,0,1.0,165,31,5.32258064516129
0,4,3,0,0,0,0,0,0,0,0,0,0,0,1,0,8,0,4.0,258,45,5.733333333333333
1,84,23,3,1,0,5,0,1,1,2,2,2,0,1,0,1,0,2.0,245,41,5.975609756097561
1,48,2,0,1,1,0,0,1,0,2,2,2,0,1,0,0,0,4.0,571,109,5.238532110091743
1,1,2,0,2,0,1,5,0,0,0,0,1,0,7,0,0,0,1.0,162,34,4.764705882352941
0,3,1,0,1,0,1,3,1,1,2,2,0,0,1,60,0,0,5.0,1215,237,5.1265822784810124
1,37,73,3,0,0,1,1,3,0,2,2,2,0,1,50,0,0,2.0,920,184,5.0
0,2,3,0,2,0,5,1,1,0,0,2,0,0,2,0,1,0,4.0,305,57,5.350877192982456
1,4,2,0,1,1,0,0,1,0,0,2,0,0,1,0,0,0,0.0,487,98,4.969387755102041
1,1,2,0,2,1,4,1,1,0,0,0,0,0,7,0,0,0,15.0,227,42,5.404761904761905
1,36,2,0,1,1,4,1,2,1,0,0,2,0,1,0,5,0,1.0,58,10,5.8
1,72,34,0,0,1,4,0,1,0,1,1,1,0,1,200,3,0,2.0,37,6,6.166666666666667
0,4,3,0,0,6,0,0,1,0,0,2,0,0,1,0,0,0,6.0,697,132,5.28030303030303
0,22,56,6,0,4,5,0,2,1,2,2,2,0,1,50,2,0,2.0,6,1,6.0
1,3,2,0,2,0,1,0,1,0,0,0,0,0,3,0,0,0,12.0,1208,240,5.033333333333333
1,1,2,3,1,0,1,2,1,1,0,0,0,0,1,1,1,0,3.0,306,57,5.368421052631579
0,67,64,0,0,3,2,0,1,1,2,2,2,0,1,0,0,0,1.0,443,82,5.402439024390244
1,72,34,0,0,1,4,0,0,1,2,2,2,0,1,200,0,0,2.0,951,183,5.19672131147541
0,3,3,0,0,1,0,0,1,0,0,2,0,0,1,0,0,0,1.0,390,68,5.735294117647059
0,3,1,0,1,0,5,1,0,1,0,0,0,0,1,0,0,0,1.0,449,87,5.160919540229885
1,2,2,3,0,1,6,2,0,0,0,0,1,0,3,0,0,0,1.0,99,17,5.823529411764706
1,2,2,0,1,0,5,0,1,0,2,2,0,0,1,0,0,0,4.0,201,33,6.090909090909091
0,3,3,9,1,2,0,0,1,0,2,2,0,0,1,50,0,0,3.0,398,83,4.795180722891566
0,3,3,0,1,0,2,0,1,0,0,2,0,0,1,0,0,0,3.0,246,46,5.3478260869565215
0,5,3,9,1,1,4,0,0,0,0,0,0,0,1,0,0,0,4.0,25,3,8.333333333333334
0,4,1,9,1,0,2,0,1,1,0,2,0,0,1,0,0,0,2.0,122,24,5.083333333333333
0,1,3,0,0,1,5,2,1,0,0,0,0,0,1,0,8,0,4.0,370,62,5.967741935483871
1,2,2,0,0,1,0,0,1,0,0,2,0,0,1,0,1,0,11.0,74,13,5.6923076923076925
1,4,2,0,0,1,4,0,1,0,2,2,2,0,1,200,1,0,1.0,195,35,5.571428571428571
0,3,4,26,1,1,2,0,1,1,0,2,0,0,1,0,0,0,4.0,317,64,4.953125
1,1,106,3,0,5,2,0,1,0,0,0,0,0,1,0,1,0,3.0,68,15,4.533333333333333
1,1,2,0,1,1,0,0,1,0,0,0,0,0,1,0,0,0,1.0,117,20,5.85
0,1,0,0,0,3,2,0,1,1,0,0,0,0,1,0,1,0,3.0,427,79,5.405063291139241
1,24,28,3,1,0,0,0,1,0,2,2,2,0,1,0,1,0,3.0,254,42,6.0476190476190474
1,2,2,0,1,1,2,0,1,0,1,1,1,0,3,0,1,0,0.0,115,26,4.423076923076923
0,1,3,9,2,3,2,0,0,0,0,0,0,0,3,0,0,0,4.0,80,15,5.333333333333333
1,36,9,0,0,0,1,1,1,1,2,2,2,0,1,0,0,0,1.0,44,10,4.4
1,8,2,3,0,0,2,0,1,0,2,2,0,0,2,100,0,0,2.0,1117,209,5.344497607655502
0,5,4,0,1,0,2,0,0,2,0,0,0,0,1,0,0,0,2.0,605,117,5.170940170940171
0,6,3,0,0,0,2,0,1,0,2,2,0,0,1,0,0,0,4.0,16,3,5.333333333333333
1,2,2,51,1,0,1,0,1,0,2,2,0,0,1,0,3,0,6.0,236,39,6.051282051282051
0,2,36,6,1,3,0,0,0,0,0,0,0,0,1,0,1,0,5.0,729,144,5.0625
0,2,10,9,1,1,0,0,1,1,0,0,0,0,1,0,5,0,2.0,132,25,5.28
1,2,2,0,0,1,2,0,1,0,2,2,0,0,1,0,0,0,3.0,243,52,4.673076923076923
1,4,2,0,1,0,1,0,0,1,2,2,2,0,3,0,0,0,2.0,137,23,5.956521739130435
1,3,2,0,0,0,1,1,1,1,2,2,0,0,1,0,0,0,7.0,212,38,5.578947368421052
0,5,3,0,1,0,0,0,1,0,2,2,0,0,1,0,0,0,5.0,124,22,5.636363636363637
0,12,3,0,0,0,0,0,1,0,1,1,0,0,1,50,0,0,1.0,179,33,5.424242424242424
1,36,2,0,1,1,2,0,1,0,2,2,2,0,1,0,0,0,5.0,588,115,5.113043478260869
1,2,2,3,1,2,2,0,1,1,0,2,0,0,1,0,0,0,2.0,14,3,4.666666666666667
0,2,3,0,1,0,6,1,1,0,0,0,0,0,1,0,0,0,4.0,603,115,5.243478260869566
1,2,2,0,2,0,1,2,1,0,0,0,0,0,2,0,0,0,3.0,50,8,6.25
0,13,1,0,2,0,0,0,1,1,0,0,0,0,4,0,1,0,11.0,472,94,5.0212765957446805
0,1,3,9,2,0,3,1,0,0,0,0,0,0,5,0,1,0,5.0,749,140,5.35
0,2,3,0,2,4,0,0,0,0,0,0,0,0,2,0,0,0,2.0,241,49,4.918367346938775
1,24,100,3,1,1,0,0,1,1,2,2,2,0,1,0,9,0,1.0,85,16,5.3125
1,7,50,0,1,1,2,0,1,0,1,1,1,0,1,0,0,0,2.0,67,10,6.7
1,2,2,0,0,0,1,2,1,1,2,2,0,0,1,80,0,0,2.0,131,23,5.695652173913044
1,8,2,0,1,2,2,0,1,1,2,2,2,0,1,150,0,1,2.0,106,19,5.578947368421052
0,4,1,0,0,5,2,0,1,0,2,2,0,0,1,30,3,0,1.0,33,7,4.714285714285714
1,4,2,3,1,0,1,0,1,1,2,2,0,0,1,0,0,0,4.0,12,2,6.0
1,4,48,3,1,0,1,0,1,0,2,2,2,0,1,0,2,0,11.0,360,58,6.206896551724138
1,2,2,0,1,0,1,0,1,0,2,2,2,0,1,0,0,0,5.0,662,127,5.21259842519685
1,2,2,0,1,1,0,0,1,0,2,2,0,0,1,0,0,0,4.0,101,17,5.9411764705882355
1,2,2,0,0,1,4,1,1,0,2,2,0,0,1,0,0,0,10.0,96,16,6.0
1,24,34,0,0,2,2,0,1,1,2,2,0,0,1,0,0,0,4.0,147,28,5.25
0,12,3,0,1,0,3,1,0,0,2,2,0,0,1,0,0,0,3.0,303,56,5.410714285714286
0,24,3,0,0,3,0,0,1,0,1,1,2,0,1,0,0,0,2.0,608,114,5.333333333333333
0,36,0,0,1,1,2,0,1,0,2,2,2,0,1,0,1,0,6.0,807,151,5.344370860927152
1,3,2,86,1,2,2,0,1,0,2,2,0,0,1,0,0,0,1.0,224,42,5.333333333333333
1,2,2,0,1,0,2,0,1,0,2,2,0,0,1,0,1,0,2.0,117,20,5.85
1,2,2,0,1,0,1,1,1,0,2,2,0,0,3,0,0,0,4.0,20,3,6.666666666666667
1,4,14,3,1,0,2,0,1,0,1,1,1,0,2,0,3,0,5.0,129,23,5.608695652173913
1,1,2,3,2,0,1,5,1,1,0,0,0,0,9,0,9,0,3.0,41,8,5.125
0,10,7,0,0,1,4,0,2,2,2,2,0,0,1,100,6,0,2.0,210,44,4.7727272727272725
0,2,1,0,0,0,3,1,2,1,0,2,1,0,1,0,0,0,5.0,712,118,6.033898305084746
0,5,3,0,1,4,2,0,1,0,0,0,1,0,1,0,0,0,3.0,437,82,5.329268292682927
0,3,3,0,1,0,0,0,0,0,2,0,0,0,1,1,3,0,5.0,20,3,6.666666666666667
1,53,2,0,0,1,2,0,1,1,2,2,0,0,1,0,0,0,5.0,490,96,5.104166666666667
1,4,8,3,1,0,1,0,1,0,2,0,0,0,1,0,0,1,5.0,631,113,5.584070796460177
0,1,3,0,2,0,3,1,1,0,1,1,1,0,11,0,1,0,5.0,251,47,5.340425531914893
0,8,3,9,1,5,2,0,1,0,0,0,0,0,2,0,1,0,2.0,195,35,5.571428571428571
1,12,57,3,0,0,0,0,0,0,1,1,2,0,1,0,1,0,2.0,23,6,3.8333333333333335
0,12,1,0,2,0,5,1,1,1,0,0,0,0,3,0,0,0,4.0,101,13,7.769230769230769
1,0,2,0,2,0,1,1,1,0,0,0,0,0,4,0,1,0,3.0,117,22,5.318181818181818
0,3,1,0,0,4,0,0,1,1,0,2,0,0,1,0,0,0,3.0,144,29,4.9655172413793105
1,2,2,3,2,0,1,1,1,1,0,0,0,0,9,0,2,0,9.0,185,34,5.4411764705882355
1,2,2,0,1,5,2,0,1,1,2,2,0,0,1,0,0,0,1.0,79,14,5.642857142857143
0,12,3,0,1,3,0,0,0,0,2,2,2,0,1,100,0,0,2.0,54,10,5.4
0,2,3,0,1,6,0,0,1,0,2,2,0,0,1,0,0,1,10.0,431,87,4.954022988505747
1,3,2,0,1,1,2,0,1,0,2,2,0,0,1,0,1,0,7.0,204,35,5.828571428571428
0,24,3,0,1,1,5,1,1,0,0,0,2,0,1,0,0,0,1.0,27,4,6.75
0,4,3,6,1,2,3,1,1,0,2,2,0,0,1,120,0,0,7.0,307,49,6.26530612244898
0,3,1,0,0,4,2,0,1,1,2,2,1,0,1,0,0,0,3.0,285,53,5.377358490566038
0,1,3,0,1,1,6,4,0,0,0,2,0,0,4,0,2,0,2.0,397,73,5.438356164383562
1,3,2,0,1,0,1,0,1,1,2,2,0,0,1,0,0,0,6.0,508,96,5.291666666666667
1,2,2,0,0,4,2,0,1,0,0,0,0,0,1,20,3,0,2.0,141,25,5.64
0,12,4,0,1,0,1,5,1,1,1,1,1,0,1,0,0,0,3.0,338,66,5.121212121212121
0,2,30,0,1,0,3,1,0,0,0,2,1,0,1,50,1,0,2.0,110,23,4.782608695652174
1,1,2,3,2,1,6,4,1,1,0,0,0,0,6,0,2,0,2.0,56,10,5.6
0,12,1,0,0,3,0,0,0,1,1,1,1,1,1,1,1,0,5.0,459,93,4.935483870967742
1,10,2,0,1,1,0,0,1,0,2,2,2,0,1,0,1,0,4.0,893,175,5.102857142857143
0,2,4,0,0,0,0,0,0,0,0,0,0,0,1,0,1,0,3.0,88,19,4.631578947368421
1,4,34,0,0,1,2,0,0,1,2,2,1,0,1,200,0,0,4.0,588,108,5.444444444444445
0,3,4,9,2,6,4,1,1,1,0,0,0,0,4,0,1,0,5.0,130,22,5.909090909090909
1,2,2,11,2,2,0,0,2,0,2,2,0,0,3,0,0,1,8.0,344,51,6.745098039215686
0,2,1,0,2,0,3,1,1,1,1,1,0,0,2,0,0,0,2.0,114,20,5.7
1,4,2,0,0,0,2,0,0,0,0,0,0,0,1,0,5,0,4.0,142,26,5.461538461538462
0,5,3,0,1,0,1,4,1,0,0,2,0,0,1,0,1,0,3.0,305,57,5.350877192982456
0,3,3,0,0,1,6,1,0,0,0,2,0,0,1,0,2,0,2.0,142,27,5.2592592592592595
0,4,10,9,1,0,4,3,0,0,0,2,0,0,1,0,1,0,1.0,69,13,5.3076923076923075
1,2,2,0,1,1,2,0,1,0,0,2,0,0,1,0,0,0,1.0,50,8,6.25
0,12,1,0,1,6,4,0,0,1,1,1,0,0,1,0,1,0,3.0,408,76,5.368421052631579
0,60,0,0,2,0,1,3,1,1,2,2,2,0,3,30,1,0,3.0,170,30,5.666666666666667
1,2,13,3,2,0,6,1,1,2,2,2,0,0,7,0,0,0,21.0,874,133,6.571428571428571
1,2,2,0,1,0,1,0,1,0,1,2,0,0,1,0,0,0,3.0,164,31,5.290322580645161
1,15,72,0,1,5,2,0,2,1,2,2,1,0,1,150,0,0,2.0,717,139,5.158273381294964
1,5,2,0,0,2,2,0,1,0,1,1,1,0,1,0,1,1,10.0,685,133,5.150375939849624
1,24,20,0,1,4,2,0,1,0,2,2,2,0,1,0,0,0,3.0,402,67,6.0
1,13,2,0,0,0,1,5,2,2,2,2,1,0,1,0,1,0,0.0,234,46,5.086956521739131
0,12,3,9,2,2,3,1,1,0,1,1,1,0,7,0,0,0,1.0,586,104,5.634615384615385
1,2,2,0,1,0,2,0,1,0,2,2,0,0,1,0,0,0,3.0,76,12,6.333333333333333
0,6,0,0,1,3,0,0,1,0,2,2,2,0,1,200,5,0,8.0,1221,240,5.0875
1,2,2,3,0,1,0,0,1,1,2,2,0,0,1,0,0,0,4.0,12,2,6.0
1,4,2,4,1,2,2,0,2,0,2,2,2,0,1,0,0,0,14.0,273,49,5.571428571428571
1,6,2,0,1,0,1,2,1,0,2,2,2,0,1,0,0,0,3.0,391,68,5.75
1,3,2,0,1,1,2,0,1,1,2,2,1,0,1,0,6,0,2.0,68,12,5.666666666666667
0,2,3,0,2,0,5,1,0,0,0,0,0,0,3,0,0,0,8.0,304,59,5.1525423728813555
1,3,2,0,1,0,1,0,1,0,0,2,0,0,1,0,0,0,4.0,356,65,5.476923076923077
0,2,3,0,2,0,1,5,1,0,2,2,1,0,3,0,3,0,4.0,493,93,5.301075268817204
1,1,2,0,2,5,2,0,1,0,0,0,0,0,5,0,5,0,4.0,192,35,5.485714285714286
0,1,3,0,1,0,1,0,1,1,0,2,0,0,1,0,0,1,6.0,556,101,5.5049504950495045
1,3,2,0,1,0,0,0,1,0,1,1,0,0,1,0,0,0,9.0,370,70,5.285714285714286
1,48,20,0,0,4,2,0,2,2,2,2,2,0,1,200,0,0,0.0,508,102,4.980392156862745
1,48,18,0,1,3,0,0,2,2,1,1,0,1,1,0,1,0,3.0,536,106,5.056603773584905
0,12,10,1,0,1,4,1,1,2,2,2,0,0,1,100,0,0,2.0,326,61,5.344262295081967
1,2,2,3,1,1,2,0,2,0,0,0,0,0,1,0,1,0,5.0,317,58,5.4655172413793105
0,10,3,0,1,3,0,0,1,0,0,0,0,0,1,0,0,0,4.0,95,20,4.75
1,36,5,7,1,1,6,2,1,2,2,2,2,0,1,0,0,0,3.0,255,50,5.1
1,12,2,0,1,1,6,0,1,1,2,2,2,0,1,0,0,0,2.0,217,37,5.864864864864865
1,8,96,3,1,6,4,1,1,2,2,2,0,0,1,0,0,0,5.0,310,43,7.209302325581396
1,3,2,3,1,0,0,0,1,0,0,0,1,0,2,0,0,0,2.0,76,17,4.470588235294118
0,2,3,0,1,1,2,0,0,0,0,0,0,0,1,0,1,0,27.0,240,47,5.1063829787234045
0,4,3,0,1,4,3,1,1,0,0,2,2,0,1,9,0,1,7.0,500,93,5.376344086021505
1,12,2,0,1,2,3,0,1,1,2,2,2,0,2,150,1,0,8.0,233,42,5.5476190476190474
1,2,2,3,1,0,5,0,1,0,0,2,0,0,2,0,3,0,3.0,129,24,5.375
1,72,14,0,1,2,2,0,2,1,2,2,2,0,1,700,0,0,6.0,386,68,5.676470588235294
0,6,3,0,1,6,0,0,0,0,0,0,0,0,1,0,5,0,3.0,236,36,6.555555555555555
1,3,2,3,0,5,2,0,1,1,2,2,0,0,1,0,0,0,2.0,12,2,6.0
0,3,1,9,1,0,6,1,1,0,0,0,0,0,1,0,0,0,2.0,372,69,5.391304347826087
1,8,2,0,1,1,4,0,1,0,2,2,2,0,1,0,0,0,3.0,8,1,8.0
1,24,2,0,0,1,2,0,1,1,2,2,2,0,1,0,2,0,5.0,385,74,5.202702702702703
0,3,3,9,0,0,1,1,1,0,2,1,0,0,4,0,2,1,5.0,192,36,5.333333333333333
0,2,3,0,2,0,1,1,1,1,0,0,0,0,5,0,0,0,3.0,1906,362,5.265193370165746
1,7,2,0,1,1,2,0,1,0,2,2,0,0,2,0,1,0,3.0,557,102,5.46078431372549
1,117,9,0,1,0,1,1,1,1,2,2,2,0,1,0,3,0,3.0,74,12,6.166666666666667
0,1,1,0,1,0,1,3,1,1,0,0,0,0,1,0,5,0,3.0,322,64,5.03125
0,212,3,9,2,0,4,1,0,0,2,2,1,0,3,0,1,0,3.0,239,46,5.195652173913044
0,3,4,6,0,3,2,0,1,2,0,0,0,0,2,0,1,0,5.0,519,102,5.088235294117647
0,2,12,0,2,0,3,1,0,0,1,1,1,0,6,0,1,0,1.0,82,13,6.3076923076923075
0,12,7,0,1,0,1,5,0,1,2,2,2,0,1,0,9,0,5.0,270,41,6.585365853658536
1,36,2,0,0,0,2,0,1,0,2,2,2,0,1,0,0,0,1.0,81,13,6.230769230769231
0,3,3,0,1,1,0,0,1,0,0,0,0,0,2,0,0,0,5.0,161,34,4.735294117647059
0,2,3,0,1,3,2,0,0,0,0,0,0,0,1,0,0,0,3.0,175,34,5.147058823529412
0,2,3,9,1,3,0,0,1,0,2,2,2,0,1,0,1,0,5.0,638,130,4.907692307692308
1,2,2,0,0,2,0,0,1,0,0,2,0,0,1,0,0,0,1.0,38,6,6.333333333333333
0,2,3,0,0,6,0,0,0,0,0,0,0,0,1,0,1,0,4.0,536,102,5.254901960784314
0,5,3,0,0,6,0,0,1,0,0,2,0,0,1,150,0,0,5.0,591,97,6.092783505154639
1,48,2,0,1,1,2,0,0,1,2,2,1,0,1,0,1,0,2.0,678,127,5.338582677165355
0,36,3,0,1,3,0,0,1,0,2,1,0,0,1,0,0,0,1.0,225,43,5.232558139534884
1,4,2,0,0,0,1,1,1,1,2,2,0,0,1,0,3,0,5.0,269,55,4.890909090909091
0,24,3,9,2,0,0,0,1,1,1,1,1,1,4,50,1,0,1.0,196,39,5.0256410256410255
1,1,13,3,2,0,1,1,1,1,0,2,0,0,2,0,0,0,13.0,733,131,5.595419847328245
1,1,2,0,1,2,2,0,0,0,0,0,0,0,1,0,0,0,1.0,109,21,5.190476190476191
0,5,1,23,1,5,2,0,0,1,2,2,0,0,1,0,1,0,4.0,831,150,5.54
1,48,48,0,1,0,1,0,0,1,1,0,1,0,1,0,0,0,3.0,168,29,5.793103448275862
0,3,3,0,0,3,0,0,0,0,0,0,0,0,1,0,6,0,5.0,362,71,5.098591549295775
1,3,2,3,1,0,2,0,0,1,2,2,0,0,1,0,1,0,1.0,167,30,5.566666666666666
0,28,38,1,0,0,2,0,2,2,2,2,0,0,1,0,1,0,5.0,90,17,5.294117647058823
0,3,3,0,1,0,0,0,1,0,1,2,0,0,1,0,1,0,5.0,56,13,4.3076923076923075
0,2,10,6,1,1,4,1,0,1,0,0,0,0,1,100,0,0,2.0,122,22,5.545454545454546
1,18,2,3,1,0,2,0,1,0,2,2,2,0,1,0,0,0,3.0,147,4,36.75
1,47,2,0,0,0,2,0,1,0,2,2,0,0,1,0,5,0,0.0,410,83,4.9397590361445785
1,2,2,0,2,0,1,2,1,0,2,2,2,0,2,200,0,0,7.0,1718,328,5.237804878048781
0,5,3,0,1,3,0,0,0,0,2,2,0,0,2,0,3,0,6.0,433,82,5.280487804878049
1,3,2,0,0,0,1,0,1,0,2,2,0,0,1,0,0,0,2.0,45,10,4.5
0,3,1,0,1,0,0,0,1,1,0,0,0,0,2,0,1,0,8.0,1040,197,5.279187817258883
1,2,2,0,0,1,0,0,1,0,2,2,0,0,1,0,0,0,7.0,271,47,5.76595744680851
0,4,3,0,1,1,0,0,1,0,2,2,0,0,1,0,0,0,1.0,211,38,5.552631578947368
0,2,1,78,1,3,2,0,1,1,0,0,0,0,1,1,0,0,2.0,42,6,7.0
0,2,3,9,0,1,0,0,0,0,1,1,2,0,1,0,1,0,3.0,192,35,5.485714285714286
1,8,2,3,1,1,6,0,0,1,1,1,1,0,1,0,1,0,3.0,195,45,4.333333333333333
1,60,2,0,1,2,2,0,1,0,2,2,2,1,1,0,0,0,1.0,446,86,5.186046511627907
0,18,3,0,2,5,2,0,1,0,0,0,0,0,5,0,7,0,1.0,223,35,6.371428571428571
0,3,3,0,1,0,1,1,0,0,0,2,0,0,1,0,0,0,3.0,70,11,6.363636363636363
1,17,114,3,1,4,2,0,1,0,2,2,2,0,1,0,0,0,2.0,248,43,5.767441860465116
1,2,2,0,1,0,1,0,0,0,0,0,0,0,1,0,0,0,5.0,482,99,4.8686868686868685
1,3,2,0,2,1,2,0,1,0,0,0,0,0,4,0,0,0,5.0,697,129,5.403100775193798
0,2,3,0,1,0,5,1,0,0,0,2,0,0,1,0,0,4,13.0,1918,360,5.3277777777777775
0,1,3,0,0,3,2,0,1,0,2,2,0,0,2,0,0,0,1.0,123,23,5.3478260869565215
0,72,7,0,1,3,2,0,1,2,2,2,2,0,1,0,0,0,2.0,184,41,4.487804878048781
0,6,3,0,1,0,3,1,0,0,2,2,2,0,1,0,1,0,4.0,795,154,5.162337662337662
0,3,1,0,1,1,4,0,1,1,2,2,0,0,1,300,0,0,5.0,916,176,5.204545454545454
0,12,10,0,0,1,4,0,1,0,2,2,2,0,1,0,3,0,1.0,696,139,5.0071942446043165
1,60,136,0,0,1,2,0,2,2,2,2,2,0,1,500,0,0,2.0,363,70,5.185714285714286
1,1,2,3,1,0,1,0,1,1,0,0,0,0,1,0,0,0,1.0,12,2,6.0
1,2,35,3,0,0,0,0,1,0,1,1,0,0,1,0,0,0,2.0,122,21,5.809523809523809
1,24,2,0,0,1,4,1,1,1,1,1,1,0,1,0,2,0,5.0,200,43,4.651162790697675
0,2,3,0,0,0,3,0,0,0,0,0,0,0,1,0,1,0,3.0,233,43,5.4186046511627906
0,18,1,0,0,2,3,1,2,1,0,0,2,0,1,0,1,0,5.0,374,75,4.986666666666666
1,3,2,0,1,2,2,0,1,1,2,1,0,0,1,0,0,1,3.0,125,21,5.9523809523809526
1,12,9,0,0,1,0,0,1,1,2,1,1,0,1,0,0,0,1.0,70,12,5.833333333333333
1,2,2,0,1,0,1,0,1,1,2,2,0,0,1,0,0,0,4.0,212,41,5.170731707317073
1,3,37,0,0,2,0,0,2,0,0,2,2,0,1,200,1,0,10.0,187,33,5.666666666666667
0,2,1,6,1,0,6,1,1,1,0,0,0,0,1,0,0,0,3.0,165,25,6.6
1,18,28,14,0,4,0,0,1,0,2,1,2,0,1,0,3,0,2.0,415,81,5.1234567901234565
0,4,0,0,1,0,1,1,0,1,0,0,0,0,1,0,0,0,4.0,229,41,5.585365853658536
1,108,34,0,1,5,2,0,0,2,2,2,2,0,1,200,0,0,3.0,535,100,5.35
1,1,2,0,2,0,1,0,1,0,0,0,0,0,6,0,0,0,1.0,232,38,6.105263157894737
0,3,0,0,1,0,3,1,1,0,2,2,0,0,1,0,0,0,2.0,57,9,6.333333333333333
0,8,3,0,0,0,3,1,1,0,2,2,0,0,1,0,0,0,1.0,481,101,4.762376237623762
0,3,1,0,0,4,2,0,1,1,0,0,0,0,4,0,5,0,1.0,35,7,5.0
1,6,23,3,1,0,2,0,2,1,2,2,0,0,1,0,0,0,2.0,430,84,5.119047619047619
0,32,3,9,2,4,3,0,1,0,2,2,2,0,2,0,1,0,6.0,531,100,5.31
0,4,3,0,0,0,2,0,2,1,0,2,1,0,1,0,0,0,1.0,621,104,5.971153846153846
1,3,2,0,1,0,1,0,1,0,0,0,0,0,1,0,0,0,3.0,417,84,4.964285714285714
0,5,4,0,0,6,2,0,1,1,0,0,0,0,1,0,1,0,2.0,48,9,5.333333333333333
0,9,10,0,0,1,0,0,2,0,2,2,0,0,1,0,0,0,5.0,526,97,5.422680412371134
0,3,3,0,0,3,0,0,1,0,0,0,0,0,1,0,0,0,9.0,883,155,5.696774193548387
1,12,2,0,1,5,2,0,1,0,1,1,1,1,1,0,0,0,3.0,72,13,5.538461538461538
1,2,2,33,1,0,1,2,1,0,0,0,0,0,1,0,0,0,1.0,461,90,5.122222222222222
0,4,3,0,0,0,1,1,0,1,2,2,0,0,2,0,1,0,1.0,148,27,5.481481481481482
1,12,2,0,1,4,4,0,1,0,2,2,2,0,1,0,0,0,1.0,162,30,5.4
1,60,2,0,1,0,2,0,1,0,1,1,0,1,1,0,1,0,3.0,647,115,5.626086956521739
1,2,2,0,1,5,2,0,1,0,0,0,0,0,1,20,3,0,1.0,141,25,5.64
0,7,10,9,1,1,4,0,1,0,0,2,2,0,1,50,0,0,4.0,256,46,5.565217391304348
1,0,2,0,2,0,3,0,0,1,0,0,0,0,6,0,5,0,1.0,484,92,5.260869565217392
1,2,2,0,1,1,2,0,0,0,0,0,0,0,1,0,9,0,2.0,81,14,5.785714285714286
1,2,2,0,0,0,1,0,1,0,0,0,0,0,1,0,0,0,1.0,359,63,5.698412698412699
0,3,1,0,0,1,0,0,0,1,0,2,0,0,1,0,8,0,5.0,339,64,5.296875
1,4,14,3,0,0,2,0,1,0,2,2,2,0,1,0,0,0,11.0,347,63,5.507936507936508
0,7,4,0,0,0,0,0,1,1,2,2,2,0,1,0,0,0,15.0,257,44,5.840909090909091
1,2,2,0,2,1,6,0,0,0,0,0,0,0,9,0,1,0,1.0,283,49,5.775510204081633
0,1,3,0,2,0,1,1,0,0,0,0,0,0,5,0,5,0,9.0,130,25,5.2
1,6,53,0,1,1,2,0,0,0,2,2,0,0,1,500,1,0,1.0,64,11,5.818181818181818
1,13,2,0,1,0,2,0,2,0,2,2,1,0,1,0,1,0,3.0,885,174,5.086206896551724
0,3,1,0,2,0,1,1,1,1,0,0,0,0,2,0,0,0,3.0,846,151,5.602649006622516
1,72,2,0,0,4,2,0,1,1,2,2,2,0,1,0,0,0,2.0,47,12,3.9166666666666665
0,3,1,1,2,0,0,0,1,1,0,2,0,0,2,50,0,0,3.0,102,20,5.1
1,5,2,0,1,1,2,0,1,0,2,2,0,0,1,0,1,0,1.0,96,18,5.333333333333333
1,12,9,2,0,0,1,1,0,2,2,2,2,0,1,300,1,0,5.0,233,46,5.065217391304348
0,6,1,0,1,0,0,0,1,1,2,2,0,0,1,0,0,0,5.0,238,45,5.288888888888889
1,1,2,0,1,2,2,0,1,0,2,2,0,0,1,0,0,0,4.0,116,18,6.444444444444445
1,42,11,3,0,1,0,0,1,0,2,2,0,0,1,0,0,0,3.0,129,22,5.863636363636363
0,2,1,6,0,6,2,0,0,1,0,2,0,0,1,0,0,0,5.0,170,26,6.538461538461538
1,1,2,0,1,0,5,1,1,0,0,0,0,0,1,0,0,0,1.0,71,13,5.461538461538462
1,48,2,0,1,1,0,0,1,0,2,2,2,0,1,0,0,0,3.0,294,51,5.764705882352941
0,5,1,0,1,0,3,0,1,1,0,2,0,0,2,0,1,0,1.0,169,30,5.633333333333334
0,2,3,9,2,6,3,0,1,0,0,0,0,0,2,0,1,0,4.0,126,25,5.04
1,2,2,0,1,1,2,0,1,1,0,0,0,0,1,0,0,0,2.0,145,27,5.37037037037037
0,4,26,0,1,0,6,0,1,0,2,2,0,0,1,0,0,0,4.0,763,128,5.9609375
1,2,2,0,1,0,1,1,1,0,0,0,0,0,1,0,0,0,5.0,218,42,5.190476190476191
1,1,2,0,1,0,0,0,1,1,0,0,0,0,1,0,0,0,5.0,410,75,5.466666666666667
1,9,66,15,1,0,4,1,0,2,2,2,0,0,1,300,0,0,3.0,518,95,5.4526315789473685
0,5,3,9,1,1,3,1,0,0,2,2,0,0,1,0,0,0,5.0,681,125,5.448
1,2,2,0,0,0,0,0,1,1,2,2,0,0,1,0,0,0,2.0,173,34,5.088235294117647
1,2,2,0,1,0,2,0,1,1,2,2,0,0,1,0,0,0,3.0,136,22,6.181818181818182
1,5,2,0,1,1,5,0,1,0,1,1,1,0,1,0,0,0,2.0,54,10,5.4
0,2,3,9,2,0,0,0,0,0,0,2,0,0,3,0,0,0,5.0,104,18,5.777777777777778
1,62,2,0,0,0,6,3,1,1,2,2,2,0,1,0,1,0,3.0,156,28,5.571428571428571
0,18,3,0,1,3,0,0,1,0,0,0,0,0,1,0,3,0,2.0,719,130,5.530769230769231
1,48,2,32,0,1,2,0,1,0,1,1,1,0,1,0,0,0,1.0,56,11,5.090909090909091
1,6,42,0,1,1,0,0,0,0,2,2,0,0,1,500,1,0,3.0,660,109,6.055045871559633
0,2,31,0,1,0,0,0,1,0,2,2,0,0,1,0,0,5,17.0,459,84,5.464285714285714
1,2,2,0,2,0,1,0,2,0,0,2,0,0,2,50,0,0,20.0,3454,614,5.625407166123779
1,8,2,0,0,4,4,0,1,0,2,2,2,0,1,110,0,0,4.0,354,59,6.0
1,21,27,3,1,1,0,0,1,0,2,2,2,1,1,0,0,0,2.0,398,63,6.317460317460317
1,3,2,0,1,0,0,0,1,0,2,2,0,0,1,0,0,0,0.0,102,16,6.375
1,2,2,0,0,0,1,0,1,0,2,2,2,0,2,0,0,0,4.0,1161,201,5.776119402985074
1,2,2,0,1,1,5,0,0,0,2,2,0,0,1,0,0,0,4.0,474,86,5.511627906976744
0,18,3,1,1,4,0,0,1,1,1,1,1,0,6,0,0,0,5.0,90,15,6.0
1,7,2,0,1,0,1,2,1,0,0,0,2,0,1,0,0,0,2.0,259,50,5.18
1,2,2,0,0,1,2,0,1,0,2,2,0,0,1,90,0,0,1.0,99,18,5.5
1,1,2,0,1,0,1,0,1,1,0,0,0,0,1,0,2,0,1.0,117,25,4.68
1,24,100,3,1,0,0,0,1,2,2,2,2,0,1,0,0,0,2.0,201,38,5.2894736842105265
0,3,3,0,0,0,0,0,2,0,0,2,0,0,4,0,1,0,4.0,357,64,5.578125
1,8,2,0,1,1,2,0,1,0,2,2,2,0,1,0,1,0,1.0,531,106,5.009433962264151
0,2,78,77,0,0,2,0,0,1,0,0,0,0,1,0,1,0,0.0,45,7,6.428571428571429
0,1,1,0,0,0,3,0,0,1,0,0,0,0,1,0,0,0,2.0,150,27,5.555555555555555
1,2,2,3,1,0,1,1,1,0,0,0,0,0,3,0,1,0,6.0,717,134,5.350746268656716
0,2,1,0,1,0,0,0,1,1,0,0,0,0,1,0,9,0,4.0,821,157,5.229299363057325
1,2,2,0,0,1,4,1,1,1,2,2,0,0,1,0,1,0,5.0,217,39,5.564102564102564
0,2,1,0,0,0,0,0,0,1,0,0,0,0,1,0,1,0,4.0,119,18,6.611111111111111
1,1,2,38,1,0,1,0,1,0,0,2,0,1,1,0,0,0,10.0,486,84,5.785714285714286
0,3,3,0,0,0,0,0,1,0,0,2,0,0,1,30,0,0,5.0,317,56,5.660714285714286
1,4,2,7,1,1,0,0,1,0,2,2,0,0,1,0,0,0,16.0,366,67,5.462686567164179
1,4,2,3,1,6,2,0,1,0,2,2,2,0,1,50,9,0,3.0,524,95,5.515789473684211
0,3,3,6,1,1,5,1,0,0,0,0,0,0,1,0,1,0,1.0,233,44,5.295454545454546
0,2,3,6,2,0,0,0,1,1,0,0,0,0,4,0,1,0,8.0,107,19,5.631578947368421
0,15,3,9,2,6,4,1,1,0,1,1,1,0,2,0,0,0,4.0,301,54,5.574074074074074
0,12,3,0,0,6,2,0,1,0,2,2,1,0,1,0,0,0,5.0,165,27,6.111111111111111
1,5,2,0,1,4,4,0,1,0,2,2,2,0,1,0,0,0,4.0,262,46,5.695652173913044
1,3,14,76,1,1,0,0,2,0,2,2,0,0,1,0,0,0,5.0,135,23,5.869565217391305
1,1,2,0,0,0,0,0,1,1,0,0,0,0,1,0,0,0,4.0,552,107,5.158878504672897
1,36,2,0,0,0,5,1,1,1,1,1,1,0,1,0,1,0,3.0,632,114,5.543859649122807
0,12,1,0,1,0,5,1,1,1,2,2,0,0,1,0,0,0,2.0,207,31,6.67741935483871
0,24,7,0,0,6,2,0,3,2,2,2,2,0,1,0,0,0,2.0,106,20,5.3
0,3,3,0,1,0,0,0,1,1,1,2,0,0,1,0,1,0,11.0,659,124,5.314516129032258
0,4,1,6,1,6,0,0,1,1,0,2,0,0,1,0,0,0,5.0,44,10,4.4
0,2,3,0,0,4,0,0,1,0,2,2,0,0,1,0,0,0,11.0,349,68,5.132352941176471
1,1,33,3,2,0,1,1,1,0,0,0,0,0,2,100,0,0,6.0,608,115,5.28695652173913
1,5,20,112,0,4,0,0,0,2,2,2,2,0,1,0,0,0,1.0,52,10,5.2
1,36,34,0,0,4,2,0,0,1,2,2,2,0,1,0,1,0,2.0,259,49,5.285714285714286
0,4,3,0,0,0,3,1,1,1,0,0,0,0,2,0,4,0,2.0,116,22,5.2727272727272725
0,12,3,0,1,0,5,1,1,0,0,0,0,0,1,0,1,0,1.0,276,53,5.2075471698113205
0,2,3,0,1,4,5,1,1,1,2,2,0,0,1,0,0,0,1.0,150,29,5.172413793103448
1,3,25,3,2,0,1,0,2,0,2,2,0,0,3,0,0,0,4.0,223,42,5.309523809523809
1,2,2,0,1,1,6,0,1,0,0,0,0,0,1,0,0,0,2.0,456,82,5.560975609756097
0,3,4,8,2,0,5,1,0,2,0,0,0,0,3,200,0,0,1.0,353,65,5.430769230769231
0,60,1,0,0,2,3,1,2,1,2,2,2,0,1,0,1,0,8.0,298,64,4.65625
0,2,49,0,1,0,0,0,1,0,0,2,0,0,1,0,3,0,7.0,744,143,5.2027972027972025
0,1,3,0,2,1,6,2,1,0,0,0,0,0,4,0,0,0,5.0,329,59,5.576271186440678
1,4,2,0,1,1,2,0,1,0,2,2,2,0,1,0,1,0,5.0,592,116,5.103448275862069
1,2,2,0,1,0,5,1,1,2,2,2,0,0,1,0,0,0,5.0,161,25,6.44
1,4,2,0,2,0,6,2,1,0,2,2,0,0,4,0,1,0,4.0,329,58,5.672413793103448
1,3,2,0,0,1,4,1,1,1,0,0,0,0,5,0,3,0,12.0,58,10,5.8
0,2,10,9,1,1,0,0,0,1,1,1,0,0,1,0,0,0,3.0,102,17,6.0
0,1,3,0,1,0,2,0,1,0,0,0,0,0,1,0,7,0,4.0,816,155,5.264516129032258
0,18,3,0,2,0,6,1,1,1,0,0,0,1,4,0,0,0,3.0,605,99,6.111111111111111
0,2,0,9,0,0,3,0,0,0,0,0,0,1,1,0,0,0,17.0,630,123,5.121951219512195
1,12,14,3,0,2,2,0,2,0,1,1,0,0,1,0,0,0,2.0,85,13,6.538461538461538
0,5,3,0,2,6,4,1,0,0,0,0,0,0,4,0,1,0,1.0,640,116,5.517241379310345
1,9,2,0,0,1,0,0,1,0,2,2,2,0,1,0,0,0,6.0,290,63,4.603174603174603
0,15,3,0,0,0,1,0,1,0,0,0,0,0,1,0,0,0,3.0,178,35,5.085714285714285
0,3,3,0,2,0,1,2,1,0,2,2,0,0,3,0,0,0,16.0,1379,258,5.344961240310077
0,10,3,9,1,5,2,0,1,1,2,2,2,0,2,0,0,0,1.0,465,88,5.284090909090909
0,0,0,0,0,2,3,1,1,1,0,0,0,0,1,0,1,0,1.0,263,48,5.479166666666667
0,0,3,9,2,1,6,1,0,1,2,2,0,0,4,0,0,0,0.0,262,47,5.574468085106383
1,36,2,0,0,0,1,0,1,0,2,2,0,0,1,0,0,0,3.0,602,109,5.522935779816514
0,2,1,0,1,1,2,0,2,1,0,2,1,0,1,0,0,0,2.0,392,62,6.32258064516129
1,1,2,0,1,0,1,3,1,1,0,0,1,0,4,0,0,0,5.0,223,43,5.186046511627907
1,24,2,3,1,1,0,0,1,0,0,0,0,0,2,0,9,0,3.0,123,20,6.15
0,3,1,0,1,4,2,0,1,1,0,2,0,0,1,0,0,0,3.0,345,63,5.476190476190476
0,4,3,0,0,0,2,0,1,0,0,0,0,0,1,0,0,0,1.0,80,16,5.0
0,2,1,9,1,3,0,0,0,1,2,2,0,0,1,0,1,0,1.0,2,1,2.0
0,2,3,0,1,1,5,1,0,0,1,2,0,0,1,0,1,0,5.0,120,22,5.454545454545454
1,1,2,0,2,0,0,0,1,0,0,2,0,0,5,0,0,0,3.0,9,1,9.0
1,3,2,0,1,0,1,0,2,0,2,2,0,0,1,0,0,0,2.0,73,16,4.5625
1,36,5,3,0,0,0,0,1,1,2,2,2,0,1,0,0,0,2.0,223,40,5.575
1,3,2,0,0,1,2,0,1,0,0,2,0,0,1,0,0,0,4.0,549,100,5.49
0,2,3,0,1,0,1,0,0,0,1,1,1,0,1,0,0,0,1.0,167,32,5.21875
1,18,65,0,0,3,0,0,1,2,2,2,2,0,1,0,0,0,2.0,628,117,5.367521367521367
0,2,30,0,1,3,2,0,0,0,0,0,0,0,1,0,0,0,3.0,145,28,5.178571428571429
0,7,31,16,0,0,1,0,1,0,0,2,0,0,1,0,0,0,1.0,2,1,2.0
0,9,7,1,1,1,5,1,0,2,2,2,0,1,1,0,0,2,5.0,404,84,4.809523809523809
1,5,2,0,1,1,2,0,0,0,1,1,1,0,1,0,0,0,3.0,153,26,5.884615384615385
1,1,2,0,1,0,1,0,1,0,2,2,0,0,1,0,0,0,1.0,221,40,5.525
0,3,4,0,0,1,0,0,2,2,0,2,0,0,1,50,0,0,4.0,355,69,5.144927536231884
1,3,2,0,1,1,2,0,1,0,2,2,0,0,1,0,1,0,9.0,179,33,5.424242424242424
0,1,0,0,0,1,5,0,0,0,0,0,0,0,1,0,0,0,5.0,642,117,5.487179487179487
1,24,2,0,0,5,2,0,1,0,1,1,1,1,1,20,6,0,1.0,114,21,5.428571428571429
1,12,2,0,1,1,4,1,0,0,1,1,1,1,1,0,9,0,2.0,299,61,4.901639344262295
0,12,3,0,1,0,0,0,1,0,1,1,1,0,1,0,0,0,3.0,67,16,4.1875
1,5,2,0,2,0,1,2,1,0,0,0,0,0,2,0,3,0,0.0,229,47,4.872340425531915
1,60,34,0,1,2,2,0,1,1,2,2,2,0,1,0,3,0,2.0,89,17,5.235294117647059
1,36,5,0,1,0,4,0,1,0,2,2,0,0,1,0,0,0,1.0,142,28,5.071428571428571
0,1,0,0,2,2,3,0,0,0,0,2,0,0,3,0,1,0,0.0,146,28,5.214285714285714
1,1,14,3,1,1,2,0,1,0,1,1,0,0,1,0,0,0,1.0,116,21,5.523809523809524
1,4,2,0,1,0,1,0,1,0,2,2,0,0,1,0,0,0,1.0,96,18,5.333333333333333
0,6,3,0,1,2,3,1,1,0,2,2,0,0,1,50,1,0,3.0,242,48,5.041666666666667
0,1,1,0,1,6,2,0,0,1,0,0,0,0,1,0,0,0,1.0,11,2,5.5
1,2,2,0,1,2,0,0,1,1,0,2,0,0,1,0,0,0,6.0,145,25,5.8
0,1,3,0,2,1,5,3,0,1,0,0,0,0,5,0,0,0,7.0,328,60,5.466666666666667
0,1,12,0,1,0,1,2,1,0,0,0,0,0,1,0,1,0,7.0,527,97,5.43298969072165
1,36,34,0,1,2,2,0,0,0,2,2,2,0,1,0,8,0,1.0,177,33,5.363636363636363
1,3,2,3,1,0,0,0,1,0,2,2,0,0,1,0,2,0,1.0,170,33,5.151515151515151
0,2,3,0,1,0,2,0,0,0,0,0,0,0,1,0,1,0,3.0,168,34,4.9411764705882355
1,1,2,3,1,0,1,0,1,1,0,2,0,0,1,0,0,0,1.0,14,3,4.666666666666667
1,5,2,14,1,0,3,1,1,1,2,2,0,0,1,0,0,0,2.0,419,84,4.988095238095238
0,1,3,0,1,0,0,0,0,0,0,0,2,0,1,0,0,0,6.0,662,136,4.867647058823529
0,3,3,0,0,4,0,0,0,0,2,2,0,0,1,0,0,0,3.0,16,3,5.333333333333333
1,7,2,3,0,0,0,0,1,0,2,2,2,0,1,0,1,0,1.0,30,5,6.0
1,2,2,3,1,6,2,0,1,0,0,2,0,0,2,0,5,0,4.0,569,90,6.322222222222222
0,84,3,0,0,1,0,0,1,0,2,2,2,0,1,0,0,0,2.0,162,30,5.4
0,18,1,0,2,1,2,0,1,1,0,0,0,0,4,0,7,0,2.0,225,35,6.428571428571429
1,1,2,3,2,0,0,0,1,0,2,2,0,0,5,0,0,1,2.0,417,80,5.2125
0,1,1,0,1,5,2,0,0,1,0,0,0,0,1,0,0,0,3.0,86,17,5.0588235294117645
1,24,2,0,1,0,2,0,1,0,0,0,2,0,1,0,0,0,1.0,301,61,4.934426229508197
1,4,2,0,1,6,0,0,1,0,2,2,1,0,1,0,1,0,5.0,167,33,5.0606060606060606
1,18,8,11,0,1,2,0,2,0,2,2,0,0,1,0,1,0,1.0,61,12,5.083333333333333
0,2,3,0,1,3,2,0,1,1,0,2,0,0,1,0,1,0,19.0,103,17,6.0588235294117645
0,12,36,0,0,1,2,0,1,1,2,2,0,0,1,350,0,0,4.0,363,67,5.417910447761194
1,36,2,28,1,1,2,0,0,1,2,2,1,0,1,0,1,0,4.0,269,53,5.0754716981132075
1,5,2,0,1,1,2,0,1,1,1,2,0,0,1,0,1,0,7.0,383,72,5.319444444444445
0,4,3,9,2,0,2,0,1,0,0,0,0,0,2,0,1,0,6.0,186,34,5.470588235294118
1,24,11,0,0,1,0,0,1,0,2,1,0,0,1,1,0,0,1.0,20,3,6.666666666666667
1,3,2,0,0,2,2,0,1,0,0,2,0,0,1,0,5,0,3.0,91,16,5.6875
1,4,2,0,1,0,2,0,1,0,2,0,0,0,1,0,1,0,1.0,39,8,4.875
1,12,2,0,0,1,6,2,1,0,0,0,0,0,1,0,0,0,5.0,38,6,6.333333333333333
0,8,78,23,1,1,2,0,1,1,2,2,0,0,1,200,0,0,3.0,193,33,5.848484848484849
0,3,4,6,0,0,1,3,1,1,2,2,0,0,2,150,0,0,20.0,391,79,4.949367088607595
0,6,31,0,1,1,6,4,1,1,1,1,2,0,1,0,0,0,2.0,117,20,5.85
1,24,2,0,0,4,2,0,1,1,2,2,0,0,1,0,1,0,8.0,603,107,5.635514018691588
0,48,120,0,1,1,3,1,2,2,2,1,1,0,1,300,0,0,2.0,250,51,4.901960784313726
0,3,4,0,1,5,2,0,1,2,2,2,2,0,1,0,0,0,4.0,278,47,5.914893617021277
1,84,53,0,0,1,2,0,0,0,2,2,0,0,1,0,1,1,6.0,476,92,5.173913043478261
0,24,85,1,0,0,2,0,2,2,1,1,0,0,1,0,0,0,5.0,1270,256,4.9609375
0,3,3,0,0,1,0,0,0,1,0,2,0,0,1,0,0,0,3.0,248,45,5.511111111111111
1,24,166,0,1,1,5,0,1,0,2,2,2,0,1,0,10,0,1.0,209,35,5.9714285714285715
1,2,2,7,1,0,1,0,1,0,0,0,0,0,1,0,0,0,2.0,461,90,5.122222222222222
0,6,61,0,0,0,2,0,1,1,0,0,0,0,1,50,0,0,2.0,147,24,6.125
0,3,0,10,2,0,6,1,1,0,0,2,0,0,3,0,0,0,1.0,28,5,5.6
1,1,2,0,2,1,3,1,1,0,0,0,0,0,6,0,0,0,0.0,657,125,5.256
1,4,2,0,1,0,1,0,1,0,2,2,0,0,3,0,1,0,2.0,199,42,4.738095238095238
0,2,10,9,2,1,4,1,1,0,0,0,0,0,2,0,1,0,3.0,258,44,5.863636363636363
1,60,28,0,0,0,1,1,1,1,0,2,0,1,1,0,1,0,5.0,1392,285,4.88421052631579
1,1,2,0,1,1,2,0,1,0,0,0,0,0,2,0,0,0,13.0,80,11,7.2727272727272725
0,1,1,0,2,0,4,1,1,1,0,0,0,0,3,0,1,0,7.0,227,42,5.404761904761905
1,3,2,0,1,1,4,1,1,1,2,2,0,0,1,0,0,0,22.0,347,53,6.547169811320755
1,5,2,0,1,0,2,0,1,0,1,1,1,0,1,0,1,0,2.0,223,41,5.439024390243903
0,7,3,0,0,3,2,0,1,0,2,2,2,0,1,60,1,0,3.0,353,59,5.983050847457627
1,1,2,3,1,0,2,0,1,1,2,2,0,0,1,0,0,0,4.0,200,33,6.0606060606060606
0,36,26,0,1,0,5,1,0,0,2,2,2,0,1,0,1,0,7.0,887,173,5.127167630057803
1,2,2,0,1,0,1,0,1,1,0,0,0,0,1,0,0,0,9.0,318,59,5.389830508474576
0,12,1,0,1,4,2,0,1,1,0,0,0,0,1,0,5,0,3.0,400,86,4.651162790697675
1,2,2,3,1,0,0,0,0,0,1,1,1,0,3,0,0,0,1.0,78,10,7.8
1,2,2,0,0,1,2,0,1,0,0,2,0,0,1,0,3,0,2.0,606,109,5.559633027522936
1,3,2,0,2,1,4,1,1,0,0,0,0,0,4,0,2,0,2.0,67,11,6.090909090909091
1,4,2,0,1,1,2,0,1,0,1,1,0,1,1,0,5,0,4.0,364,70,5.2
0,3,1,0,1,1,6,1,0,1,2,2,0,1,1,0,0,0,4.0,652,124,5.258064516129032
0,10,1,0,0,6,0,0,2,1,2,2,0,1,1,0,0,0,3.0,137,22,6.2272727272727275
0,2,3,0,2,0,4,1,0,0,0,2,0,0,3,50,1,0,12.0,2365,425,5.564705882352941
1,3,2,0,0,0,2,0,1,1,0,2,0,0,1,0,1,0,5.0,97,16,6.0625
1,48,13,3,1,0,1,2,1,1,2,2,1,0,1,0,0,0,3.0,352,64,5.5
0,1,30,0,2,0,3,1,1,0,0,0,0,0,2,0,0,0,1.0,206,39,5.282051282051282
1,2,2,3,1,1,0,0,1,1,0,2,0,0,1,0,0,0,5.0,14,3,4.666666666666667
1,3,2,3,0,0,2,0,1,0,0,2,0,0,1,0,5,0,5.0,91,16,5.6875
0,5,3,9,0,0,3,1,1,1,2,2,0,0,2,0,0,0,8.0,501,97,5.164948453608248
1,48,21,0,1,1,2,0,1,1,2,2,0,0,1,0,1,0,1.0,1235,220,5.613636363636363
1,18,34,28,0,1,2,0,1,2,1,1,2,0,1,0,1,0,4.0,642,125,5.136
0,2,1,0,0,0,0,0,0,1,0,2,0,0,1,0,0,0,3.0,19,3,6.333333333333333
0,12,1,0,1,1,4,1,1,1,2,2,1,0,1,0,0,0,2.0,413,81,5.098765432098766
1,12,2,3,0,1,2,0,2,0,2,2,2,0,1,100,9,0,1.0,534,105,5.085714285714285
1,36,2,0,1,2,2,0,2,0,2,2,2,0,1,0,0,0,1.0,21,5,4.2
0,4,3,0,1,4,0,0,0,1,0,0,0,0,1,0,0,0,5.0,280,45,6.222222222222222
0,4,3,0,2,0,3,1,0,0,0,0,0,0,3,0,1,0,1.0,84,17,4.9411764705882355
0,2,3,0,1,5,2,0,1,0,0,2,0,0,1,0,0,0,1.0,544,107,5.08411214953271
0,18,3,0,1,0,1,1,1,1,2,2,2,0,1,0,0,0,5.0,313,58,5.396551724137931
0,2,3,0,0,1,2,0,1,0,2,2,0,0,1,0,1,0,5.0,447,87,5.137931034482759
1,1,2,0,1,1,0,0,1,1,2,2,0,0,1,0,0,0,4.0,248,41,6.048780487804878
1,36,20,0,0,4,2,0,2,2,2,2,0,0,1,0,5,0,2.0,188,38,4.947368421052632
1,18,2,3,0,6,2,0,1,1,0,0,0,0,1,0,9,0,2.0,244,47,5.191489361702128
0,0,3,0,2,0,3,1,0,0,1,1,1,0,4,0,1,0,5.0,359,65,5.523076923076923
0,4,4,0,0,6,2,0,0,2,1,1,1,0,1,0,1,0,3.0,19,4,4.75
1,2,2,0,1,1,6,4,1,0,0,0,0,0,1,0,0,0,6.0,132,27,4.888888888888889
1,4,9,0,1,1,4,1,0,1,2,2,1,0,1,500,1,0,5.0,88,17,5.176470588235294
1,36,34,83,1,2,0,0,0,1,2,2,2,0,1,200,0,0,5.0,1791,316,5.667721518987341
1,24,2,3,1,6,2,0,2,2,0,0,0,0,1,0,1,0,2.0,272,53,5.132075471698113
0,5,3,0,2,0,5,1,1,0,2,2,2,0,2,0,0,0,3.0,719,135,5.325925925925926
1,2,2,3,1,0,1,0,1,0,1,2,0,0,1,0,1,0,5.0,153,27,5.666666666666667
0,13,10,0,1,3,2,0,1,0,2,0,0,0,1,0,0,0,0.0,65,14,4.642857142857143
1,3,2,0,0,1,2,0,1,1,1,1,1,0,1,0,0,0,5.0,264,47,5.617021276595745
1,7,51,3,1,0,1,0,1,0,2,2,0,0,1,0,0,0,5.0,173,29,5.9655172413793105
1,1,110,3,1,2,2,0,1,0,0,0,0,0,1,0,7,0,3.0,112,18,6.222222222222222
1,6,2,0,1,1,0,0,1,2,2,2,2,0,1,0,0,0,4.0,416,74,5.621621621621622
1,17,2,0,1,0,1,0,0,0,2,2,2,0,1,100,0,0,2.0,140,24,5.833333333333333
1,3,2,0,1,4,2,0,0,0,2,2,0,0,1,0,0,0,1.0,948,176,5.386363636363637
1,2,2,0,2,0,1,0,1,1,0,2,1,0,2,0,1,0,5.0,302,54,5.592592592592593
1,2,14,12,0,0,1,1,0,0,2,1,0,0,1,0,1,0,5.0,230,43,5.348837209302325
1,3,2,0,0,0,1,1,1,1,0,2,0,0,2,0,8,0,3.0,283,53,5.339622641509434
1,12,2,0,0,1,4,1,1,1,0,0,0,0,1,0,0,0,3.0,732,139,5.266187050359712
0,3,3,6,2,2,3,0,0,1,0,0,0,0,5,0,1,0,1.0,122,22,5.545454545454546
0,3,3,0,0,1,3,0,0,0,0,0,0,0,1,0,1,0,6.0,330,62,5.32258064516129
0,2,3,0,0,4,2,0,2,0,1,1,1,0,2,0,3,0,5.0,468,92,5.086956521739131
0,3,7,10,1,0,3,1,1,2,0,0,0,0,1,0,11,0,3.0,14,2,7.0
1,5,23,3,1,0,1,0,1,0,2,2,2,0,1,0,0,0,4.0,118,20,5.9
0,5,24,23,2,0,5,1,0,0,2,2,0,0,4,0,0,0,8.0,425,71,5.985915492957746
0,3,3,0,0,2,2,0,1,0,2,2,0,0,1,0,1,0,3.0,806,153,5.26797385620915
1,6,2,3,0,0,2,0,1,0,0,0,0,0,1,0,1,0,3.0,640,117,5.47008547008547
1,9,2,0,0,5,2,0,1,0,2,2,2,0,1,150,0,0,5.0,206,39,5.282051282051282
1,2,2,3,0,0,0,0,1,1,2,2,0,0,1,0,0,0,3.0,12,2,6.0
0,4,3,6,2,0,3,1,1,1,2,2,2,0,2,50,0,0,4.0,397,72,5.513888888888889
0,24,1,0,0,4,0,0,1,0,0,0,1,1,1,0,1,0,3.0,99,16,6.1875
0,8,3,0,0,4,5,0,0,0,0,2,1,0,1,0,0,0,8.0,819,123,6.658536585365853
1,2,2,0,1,2,2,0,1,0,1,1,0,0,1,0,1,0,1.0,20,5,4.0
0,36,141,9,1,0,1,0,1,0,2,2,2,0,1,0,1,0,5.0,1479,291,5.082474226804123
0,2,1,0,0,0,4,3,1,1,0,2,0,0,1,0,0,0,11.0,1509,306,4.931372549019608
1,1,2,0,1,0,3,0,1,0,0,0,0,0,1,0,1,0,1.0,200,38,5.2631578947368425
1,1,2,0,1,0,0,0,1,1,0,0,0,0,1,0,0,0,4.0,372,69,5.391304347826087
1,2,2,0,1,1,2,0,1,1,0,2,0,0,1,0,0,0,1.0,34,6,5.666666666666667
0,2,1,0,1,5,2,0,2,1,0,2,0,0,1,15,1,0,3.0,453,79,5.734177215189874
0,2,3,9,2,0,5,0,1,0,0,0,0,0,4,50,1,0,2.0,7,1,7.0
0,6,1,6,1,3,0,0,1,0,1,1,1,0,1,0,1,0,3.0,303,59,5.135593220338983
0,1,26,23,2,0,1,1,0,1,0,0,0,0,5,0,1,0,20.0,303,60,5.05
1,2,23,3,1,0,5,0,1,1,0,0,0,0,1,0,1,0,1.0,127,27,4.703703703703703
0,8,0,0,1,1,4,1,1,0,1,2,1,0,1,0,0,0,1.0,162,32,5.0625
1,2,2,0,1,4,2,0,1,0,1,2,0,0,1,0,1,0,2.0,167,23,7.260869565217392
0,3,12,0,2,1,5,0,0,1,0,0,0,0,2,0,0,0,4.0,265,55,4.818181818181818
1,10,2,0,1,0,2,0,1,0,2,2,2,0,1,0,0,0,2.0,180,36,5.0
0,4,3,6,0,0,4,0,1,1,2,2,0,0,1,0,3,0,3.0,780,132,5.909090909090909
0,12,3,9,0,4,0,0,1,0,0,0,2,0,2,0,1,0,0.0,76,15,5.066666666666666
0,8,3,118,1,2,0,0,0,1,0,0,0,0,2,0,1,0,2.0,171,30,5.7
1,3,2,3,2,1,2,0,1,0,2,0,0,0,5,0,0,0,2.0,79,16,4.9375
0,1,1,26,1,0,3,1,1,0,0,2,0,0,1,0,0,0,6.0,1036,179,5.787709497206704
1,2,2,0,0,6,2,0,1,0,0,2,0,0,1,0,1,0,2.0,132,23,5.739130434782608
1,36,16,115,0,1,2,0,0,2,2,2,0,0,1,0,0,0,5.0,112,23,4.869565217391305
0,4,0,0,0,0,1,0,1,1,0,0,0,0,1,0,0,0,5.0,244,40,6.1
1,27,2,0,1,1,0,0,1,1,2,2,2,0,1,0,0,0,1.0,776,137,5.664233576642336
1,10,2,0,0,0,2,0,1,0,2,0,1,0,1,0,0,0,3.0,271,53,5.113207547169812
0,2,26,23,2,0,3,1,1,0,0,2,0,0,2,0,0,1,2.0,220,37,5.945945945945946
0,9,7,6,0,0,3,1,2,2,2,2,2,0,1,0,0,0,3.0,193,38,5.078947368421052
0,0,3,0,0,0,2,0,0,0,0,0,0,0,1,0,0,0,2.0,61,10,6.1
1,6,2,3,1,1,5,0,1,1,2,2,0,0,1,0,0,0,3.0,393,69,5.695652173913044
0,3,3,0,1,5,2,0,0,0,0,0,0,0,1,0,3,0,3.0,15,3,5.0
1,1,2,0,1,5,2,0,1,1,0,0,0,0,1,0,3,0,4.0,95,16,5.9375
0,8,77,0,1,0,3,1,1,0,1,0,2,0,2,0,2,0,3.0,329,63,5.222222222222222
0,16,1,0,1,3,2,0,2,1,2,2,2,0,1,0,1,1,2.0,330,64,5.15625
1,120,2,0,0,0,1,1,2,2,1,1,1,1,1,0,0,0,4.0,1667,327,5.097859327217125
1,2,2,3,1,0,5,0,0,0,2,2,1,0,1,0,0,0,1.0,506,102,4.96078431372549
0,0,3,0,0,6,4,0,1,0,0,0,0,0,2,0,0,0,10.0,252,44,5.7272727272727275
1,60,72,0,0,5,2,0,0,1,1,1,1,0,1,0,1,0,2.0,431,72,5.986111111111111
1,36,9,0,1,5,2,0,0,2,2,2,0,1,1,0,3,0,2.0,349,61,5.721311475409836
1,2,2,3,0,2,2,0,1,1,0,2,0,0,1,0,2,0,1.0,118,21,5.619047619047619
1,2,2,0,2,0,1,1,1,0,0,0,0,0,5,0,1,0,3.0,1228,239,5.138075313807532
0,3,31,20,0,0,1,1,1,0,0,0,1,0,2,0,1,0,1.0,576,107,5.383177570093458
1,2,2,3,1,0,1,0,1,0,0,0,0,0,1,0,8,0,1.0,373,70,5.328571428571428
1,2,2,3,0,0,1,1,1,1,2,2,0,0,1,0,0,0,4.0,12,2,6.0
1,5,2,4,1,0,1,1,1,1,2,2,2,0,1,0,0,0,3.0,218,45,4.844444444444444
1,48,33,0,0,2,2,0,1,1,2,2,2,0,1,0,0,0,5.0,272,40,6.8
1,1,2,0,1,0,1,1,2,0,0,0,0,0,1,50,1,0,9.0,589,105,5.609523809523809
0,1,3,0,2,0,1,0,0,0,0,2,0,0,2,0,1,0,3.0,1071,203,5.275862068965517
0,48,30,0,1,0,1,1,1,1,2,2,2,0,1,0,1,0,0.0,384,70,5.485714285714286
0,2,3,0,1,0,5,1,0,0,0,0,0,0,1,0,0,0,8.0,394,74,5.324324324324325
1,132,19,0,1,0,2,0,0,0,2,2,2,0,1,0,3,0,0.0,190,31,6.129032258064516
1,2,2,0,0,1,2,0,1,0,0,0,0,0,1,0,1,0,1.0,39,8,4.875
1,1,2,0,2,0,1,1,1,0,0,0,1,0,7,0,7,0,0.0,60,10,6.0
0,3,3,0,2,0,3,1,0,0,2,2,1,1,3,0,0,0,5.0,283,52,5.4423076923076925
1,2,2,0,1,1,2,0,1,0,2,2,0,0,1,0,1,1,4.0,380,72,5.277777777777778
0,12,10,49,1,1,4,0,1,0,0,0,0,0,1,0,1,0,2.0,267,48,5.5625
0,2,3,8,1,2,0,0,1,0,0,2,0,0,1,100,0,0,5.0,278,50,5.56
1,3,2,0,1,0,1,0,1,0,2,2,0,0,1,0,1,0,3.0,155,26,5.961538461538462
0,3,1,9,2,0,1,2,0,1,0,0,0,0,3,0,9,0,5.0,293,53,5.528301886792453
1,2,2,0,2,0,1,2,1,0,1,1,1,0,5,0,1,0,3.0,178,38,4.684210526315789
0,12,10,0,2,1,2,0,1,0,1,2,0,0,6,0,0,0,3.0,417,80,5.2125
0,60,4,0,0,0,1,1,2,2,2,2,2,0,1,0,0,0,3.0,477,89,5.359550561797753
1,12,2,59,0,3,0,0,1,2,2,2,2,0,1,0,0,1,4.0,990,178,5.561797752808989
0,1,3,0,0,0,3,0,1,0,0,0,0,0,1,0,0,0,2.0,149,27,5.518518518518518
0,13,1,0,1,0,1,1,2,1,2,2,0,0,1,0,1,0,5.0,722,147,4.91156462585034
1,3,2,0,2,0,2,0,1,0,0,0,0,0,2,0,0,0,2.0,146,26,5.615384615384615
0,2,3,0,1,3,0,0,0,0,0,0,0,0,1,0,1,0,5.0,37,7,5.285714285714286
0,3,1,0,1,0,2,0,1,1,2,2,0,0,1,0,1,0,8.0,1207,239,5.050209205020921
0,12,3,9,0,1,2,0,1,0,0,2,0,0,1,0,3,0,3.0,23,4,5.75
1,1,2,3,0,4,2,0,0,0,0,0,0,0,1,0,0,0,3.0,75,14,5.357142857142857
0,4,3,0,1,0,3,1,0,1,2,2,0,0,1,0,0,0,6.0,1060,208,5.096153846153846
1,2,2,0,0,0,1,0,1,0,0,2,0,0,1,50,3,0,3.0,154,21,7.333333333333333
1,24,14,3,1,1,2,0,2,0,2,2,1,0,1,100,3,0,2.0,151,32,4.71875
0,4,3,0,0,0,3,1,1,0,1,1,1,0,1,0,0,1,11.0,302,59,5.11864406779661
1,2,2,0,1,1,0,0,1,0,2,2,0,0,1,0,0,0,2.0,691,129,5.3565891472868215
0,1,3,0,1,0,0,0,1,0,0,0,0,0,1,0,0,0,3.0,211,38,5.552631578947368
0,4,12,9,1,1,3,1,0,0,0,2,0,0,1,0,1,0,1.0,48,7,6.857142857142857
0,4,3,19,1,0,1,3,1,0,0,2,0,0,1,0,0,0,1.0,204,34,6.0
1,2,2,0,0,0,2,0,1,0,2,2,0,0,1,0,0,0,1.0,172,32,5.375
0,7,1,0,1,0,5,1,1,1,2,2,0,0,2,50,6,0,2.0,655,136,4.8161764705882355
1,23,2,3,1,1,2,0,2,1,2,2,2,0,1,0,0,0,2.0,296,61,4.852459016393443
0,3,3,0,0,0,0,0,1,0,0,2,0,0,1,0,0,0,6.0,398,82,4.853658536585366
0,3,155,9,2,0,5,1,1,0,0,0,0,0,7,0,0,0,3.0,818,158,5.177215189873418
0,2,1,0,1,4,2,0,0,0,2,2,0,0,1,0,0,0,2.0,277,55,5.036363636363636
0,2,1,0,2,0,5,1,0,1,0,0,0,0,5,0,0,0,5.0,397,74,5.364864864864865
0,3,0,9,0,0,3,1,1,0,2,2,0,0,1,0,0,0,4.0,338,62,5.451612903225806
1,1,2,0,1,0,0,0,0,0,0,2,0,0,1,0,0,0,1.0,293,54,5.425925925925926
0,1,3,0,1,1,6,0,0,0,0,0,0,0,1,0,1,0,5.0,186,38,4.894736842105263
1,3,2,0,0,0,1,5,1,0,2,2,0,0,1,0,1,0,2.0,539,104,5.1826923076923075
0,4,3,8,1,5,2,0,0,0,0,0,0,0,1,0,1,0,2.0,114,19,6.0
1,60,28,3,0,0,0,0,1,0,2,2,2,0,1,0,0,0,8.0,477,84,5.678571428571429
1,3,2,3,1,0,1,0,1,1,0,2,0,0,1,0,0,0,5.0,12,2,6.0
0,1,30,0,2,1,0,0,0,0,1,1,1,0,4,0,3,0,7.0,357,63,5.666666666666667
1,12,8,3,0,0,1,0,2,0,1,1,2,0,1,0,0,0,5.0,266,50,5.32
1,2,2,0,1,0,1,1,1,1,0,2,0,0,1,100,0,0,3.0,42,6,7.0
1,1,2,0,1,0,1,0,1,1,0,0,0,0,1,0,2,1,5.0,700,133,5.2631578947368425
1,1,2,0,2,0,1,1,1,0,1,1,1,0,11,0,5,0,1.0,46,10,4.6
1,3,2,0,1,0,1,0,1,0,2,2,0,0,1,0,0,0,4.0,400,76,5.2631578947368425
0,1,3,0,1,1,2,0,0,0,0,2,0,0,6,0,0,0,1.0,181,38,4.7631578947368425
1,36,2,0,0,0,6,1,2,0,1,1,1,0,4,0,3,0,4.0,455,85,5.352941176470588
1,36,2,3,2,0,1,1,1,1,0,0,2,0,3,0,1,0,6.0,593,114,5.201754385964913
1,2,2,0,1,0,2,0,1,0,0,0,0,0,1,0,0,0,6.0,271,53,5.113207547169812
1,7,2,0,0,1,0,0,1,1,0,0,0,0,1,0,0,0,1.0,373,64,5.828125
1,30,69,3,0,5,2,0,1,0,2,2,2,0,1,200,0,0,2.0,361,52,6.9423076923076925
1,5,2,0,0,0,1,0,2,0,2,2,0,0,1,0,5,0,8.0,329,61,5.39344262295082
0,4,3,0,0,6,0,0,0,0,0,2,0,0,1,0,0,0,2.0,178,31,5.741935483870968
1,2,2,0,1,0,1,0,1,1,2,2,0,0,1,0,0,0,1.0,274,52,5.269230769230769
0,4,3,0,0,4,2,0,1,1,0,0,0,0,1,0,0,0,1.0,65,11,5.909090909090909
1,6,2,0,1,0,1,1,0,0,2,2,0,0,1,0,0,0,2.0,71,15,4.733333333333333
1,1,2,3,2,0,6,4,1,1,0,0,0,0,7,0,0,1,10.0,199,39,5.102564102564102
1,4,2,3,1,1,2,0,0,0,0,0,0,0,1,0,0,0,2.0,139,25,5.56
0,1,26,6,0,6,0,0,1,1,0,0,0,0,1,0,0,0,5.0,133,27,4.925925925925926
1,2,2,0,1,0,1,0,1,1,2,2,1,0,1,0,6,0,1.0,106,19,5.578947368421052
0,1,3,0,0,0,1,2,1,0,0,0,0,0,1,0,0,0,1.0,356,69,5.159420289855072
1,11,33,0,0,2,2,0,1,2,2,2,0,0,1,200,0,0,3.0,25,4,6.25
1,3,2,0,1,1,2,0,1,0,0,2,0,0,1,0,0,0,2.0,144,32,4.5
1,2,2,0,1,0,2,0,1,1,0,0,0,0,1,20,3,0,1.0,144,25,5.76
1,3,2,0,1,0,1,0,0,1,2,2,2,0,1,0,2,1,5.0,383,64,5.984375
1,8,2,0,0,0,1,0,1,0,1,1,0,0,1,0,1,0,2.0,477,95,5.021052631578947
1,3,2,0,1,1,2,0,1,0,0,0,0,0,1,0,1,0,5.0,619,118,5.245762711864407
0,8,3,20,2,0,1,1,1,0,2,2,0,0,6,0,1,0,6.0,590,108,5.462962962962963
1,2,2,0,2,0,1,1,0,0,0,0,0,0,8,0,0,0,8.0,250,49,5.1020408163265305
1,7,2,0,0,0,1,0,2,2,2,2,0,0,1,0,5,0,2.0,838,178,4.707865168539326
1,2,2,0,0,1,0,0,1,0,0,0,0,0,1,0,3,0,8.0,44,4,11.0
1,2,2,0,1,0,2,0,1,0,0,0,0,2,2,0,1,0,2.0,257,49,5.244897959183674
0,5,3,0,1,0,0,0,1,0,0,2,0,1,1,0,0,0,2.0,991,191,5.18848167539267
0,2,0,9,1,1,2,0,1,0,0,0,0,0,1,0,0,0,2.0,98,19,5.157894736842105
1,8,2,0,1,1,2,0,1,0,2,2,2,0,1,0,1,0,4.0,141,22,6.409090909090909
1,5,2,0,0,1,0,0,1,0,2,2,0,0,1,0,5,0,5.0,268,44,6.090909090909091
1,4,2,3,0,0,2,0,1,0,2,2,0,0,1,150,0,0,1.0,82,15,5.466666666666667
1,2,2,0,0,0,1,0,1,1,2,2,0,0,1,50,0,0,1.0,67,12,5.583333333333333
1,2,2,0,1,1,6,2,1,1,0,0,0,0,3,0,0,0,2.0,72,12,6.0
1,2,2,3,0,0,1,1,1,1,0,2,0,0,1,0,0,0,4.0,12,2,6.0
1,3,2,3,1,5,2,0,1,0,0,0,0,0,1,0,1,0,3.0,382,73,5.232876712328767
1,96,73,0,1,0,1,2,2,0,1,1,1,0,1,0,5,0,2.0,100,17,5.882352941176471
0,1,12,0,0,3,2,0,1,0,0,0,0,0,1,0,1,0,5.0,470,89,5.280898876404494
0,2,3,0,0,1,2,0,0,0,2,2,0,0,1,50,0,0,1.0,66,12,5.5
1,20,2,3,1,0,1,0,1,1,2,2,2,0,1,0,0,1,2.0,231,33,7.0
1,8,51,3,1,0,2,0,1,0,1,1,2,0,1,0,0,0,1.0,179,33,5.424242424242424
1,4,2,3,1,0,1,0,1,1,2,2,0,0,1,150,0,0,1.0,148,33,4.484848484848484
0,29,3,0,1,3,2,0,1,0,2,2,2,0,1,0,0,0,2.0,88,14,6.285714285714286
1,2,2,3,1,1,0,0,1,1,0,2,0,0,1,0,0,0,2.0,14,3,4.666666666666667
0,4,7,9,0,2,0,0,0,0,2,2,0,0,1,250,0,0,4.0,900,164,5.487804878048781
1,2,14,3,0,4,0,0,1,0,0,2,0,0,1,0,0,0,2.0,118,21,5.619047619047619
1,2,2,0,0,2,0,0,1,0,0,0,0,0,1,0,2,0,1.0,127,23,5.521739130434782
1,12,14,0,1,2,2,0,2,1,2,2,2,0,2,0,0,0,2.0,102,15,6.8
0,12,3,0,1,1,5,2,1,0,0,2,2,0,1,0,0,0,1.0,302,44,6.863636363636363
0,3,3,0,1,6,0,0,1,0,2,2,0,0,2,0,0,0,5.0,77,14,5.5
1,8,2,0,0,6,0,0,2,0,0,0,0,0,1,0,5,0,1.0,912,175,5.211428571428572
1,36,2,0,1,0,0,0,2,0,2,2,2,0,1,0,0,0,2.0,8,1,8.0
0,2,3,0,1,0,0,0,1,0,0,0,0,0,1,0,1,0,4.0,188,40,4.7
0,2,78,106,1,0,2,0,1,0,2,2,0,0,3,0,0,0,8.0,239,42,5.690476190476191
1,2,2,0,1,1,0,0,1,1,2,2,2,0,1,0,2,1,3.0,335,61,5.491803278688525
1,24,72,115,0,1,2,0,0,0,2,2,2,0,1,0,0,0,3.0,718,139,5.16546762589928
0,2,24,6,0,0,1,4,0,1,0,0,0,0,1,0,0,0,5.0,630,123,5.121951219512195
0,4,3,0,0,0,2,0,1,1,0,0,0,0,1,0,0,0,1.0,62,10,6.2
1,3,53,3,2,2,0,0,1,0,2,2,0,0,2,0,0,3,6.0,349,53,6.584905660377358
1,2,2,0,1,0,1,0,1,0,0,2,0,0,1,0,0,0,2.0,528,95,5.557894736842106
1,1,2,0,1,0,0,0,1,0,0,0,0,0,1,20,3,0,1.0,141,25,5.64
1,12,51,50,0,0,1,0,0,1,2,2,1,0,2,0,0,0,2.0,330,59,5.593220338983051
1,4,2,0,1,0,1,0,1,1,0,2,0,0,1,1,1,0,1.0,132,25,5.28
0,3,3,6,1,0,5,1,1,0,0,2,0,0,4,0,0,0,5.0,644,128,5.03125
0,120,3,0,1,3,0,0,1,0,2,2,2,0,1,50,0,0,17.0,1482,281,5.274021352313167
1,2,2,0,1,1,2,0,1,0,1,2,0,0,1,0,1,0,0.0,94,20,4.7
0,2,1,0,1,0,0,0,0,1,0,0,0,0,1,0,0,0,3.0,118,25,4.72
0,2,3,0,2,6,3,1,1,1,0,2,0,0,2,0,0,0,4.0,932,175,5.325714285714286
1,1,2,0,1,2,2,0,1,1,0,0,0,0,1,0,0,0,2.0,380,70,5.428571428571429
1,24,2,0,1,0,2,0,1,0,2,2,2,0,1,0,0,0,3.0,174,31,5.612903225806452
0,3,10,26,0,1,4,1,0,0,2,2,0,0,1,0,0,0,3.0,195,38,5.131578947368421
1,2,2,0,0,1,2,0,1,0,1,1,0,0,1,0,0,0,5.0,213,34,6.264705882352941
0,18,3,0,1,0,1,5,1,0,2,2,2,0,1,300,5,0,3.0,170,31,5.483870967741935
0,12,1,0,0,0,2,0,2,1,0,0,1,0,1,0,0,0,2.0,209,41,5.097560975609756
0,30,1,0,0,5,2,0,2,1,2,2,2,0,1,0,0,0,12.0,864,176,4.909090909090909
1,3,2,0,1,0,1,1,1,0,2,2,0,0,1,0,2,0,4.0,260,47,5.531914893617022
0,48,3,0,0,0,0,0,2,0,2,0,2,0,1,0,1,0,5.0,234,44,5.318181818181818
1,1,2,0,1,0,1,1,2,2,0,2,0,0,1,0,0,0,4.0,757,150,5.046666666666667
0,7,92,9,0,0,1,5,0,0,0,2,2,0,1,0,5,0,1.0,61,11,5.545454545454546
1,24,2,0,1,1,0,0,1,1,1,1,1,0,1,0,0,0,1.0,207,40,5.175
0,0,3,0,2,0,1,1,1,0,1,2,2,0,18,0,0,0,21.0,984,189,5.2063492063492065
1,6,2,3,1,0,1,0,0,0,2,2,1,0,1,0,0,0,5.0,339,61,5.557377049180328
0,2,3,0,2,0,1,3,1,0,0,0,0,0,5,15,0,0,3.0,67,13,5.153846153846154
1,96,20,0,1,4,2,0,2,1,2,2,2,0,1,0,1,0,4.0,239,45,5.311111111111111
0,24,3,0,1,0,5,1,1,0,2,2,2,0,1,100,0,0,11.0,313,54,5.796296296296297
0,1,3,0,0,0,0,0,1,0,0,2,0,0,1,0,0,0,6.0,1274,240,5.308333333333334
1,2,2,4,0,0,1,1,1,0,2,2,0,0,1,0,0,0,7.0,308,52,5.923076923076923
1,3,14,3,1,2,2,0,1,0,2,2,2,0,2,0,0,0,5.0,210,38,5.526315789473684
0,5,3,0,0,3,0,0,1,0,2,2,2,0,2,0,0,0,8.0,1045,200,5.225
1,4,2,0,1,2,2,0,1,0,2,2,0,0,1,0,0,0,6.0,514,93,5.526881720430108
0,1,3,9,1,4,5,1,1,0,0,0,0,0,3,0,0,0,5.0,501,86,5.825581395348837
1,1,2,3,2,0,4,0,0,0,0,0,0,0,6,0,9,0,1.0,259,46,5.630434782608695
1,30,34,0,0,1,2,0,0,1,2,2,2,1,1,200,0,0,5.0,1376,255,5.396078431372549
0,3,3,0,0,0,0,0,0,0,0,2,0,0,1,0,0,0,9.0,199,36,5.527777777777778
1,5,2,0,1,0,1,2,1,0,2,2,2,0,2,0,0,0,4.0,162,31,5.225806451612903
1,1,2,0,0,0,1,0,1,0,1,1,0,0,1,0,0,0,2.0,90,17,5.294117647058823
1,2,25,3,1,0,1,0,1,0,2,2,0,0,1,0,0,0,3.0,124,22,5.636363636363637
1,2,2,0,0,0,2,0,1,0,0,2,0,0,1,0,0,0,5.0,869,166,5.234939759036145
0,1,0,0,0,0,4,3,0,0,0,0,0,0,1,0,0,0,6.0,513,104,4.9326923076923075
1,2,2,0,1,1,2,0,1,0,0,2,0,0,2,0,0,0,2.0,764,144,5.305555555555555
1,4,2,0,1,0,1,1,1,0,0,2,1,0,1,0,0,0,2.0,167,32,5.21875
1,2,2,0,2,0,1,0,1,1,0,2,0,0,4,0,7,0,3.0,376,67,5.611940298507463
1,4,2,0,0,1,2,0,2,1,2,2,0,0,1,0,0,0,5.0,303,59,5.135593220338983
0,0,3,0,1,2,2,0,1,0,1,1,1,2,1,0,1,0,2.0,152,28,5.428571428571429
1,1,2,0,0,1,2,0,0,1,0,0,2,0,1,0,1,0,2.0,185,33,5.606060606060606
1,2,2,3,0,0,1,0,1,1,2,2,0,0,1,0,0,0,5.0,12,2,6.0
0,2,10,6,0,5,2,0,0,1,0,2,0,1,1,0,0,0,5.0,332,49,6.775510204081633
1,3,13,3,1,0,1,1,1,1,1,1,0,0,1,0,0,0,9.0,206,41,5.024390243902439
1,3,2,0,2,0,1,1,1,1,0,0,0,0,3,0,0,0,5.0,424,78,5.435897435897436
0,8,105,0,1,0,5,0,1,1,2,2,2,0,1,0,1,0,1.0,60,9,6.666666666666667
1,72,2,0,1,0,1,1,1,0,2,2,2,0,1,0,3,0,4.0,96,18,5.333333333333333
0,1,1,9,2,0,5,1,1,1,0,0,0,0,4,0,6,0,10.0,1416,225,6.293333333333333
1,5,13,3,0,0,1,1,1,1,0,2,0,0,1,0,0,0,2.0,338,63,5.365079365079365
1,9,11,0,1,0,1,1,0,0,2,2,2,0,1,200,1,0,1.0,615,119,5.168067226890757
0,23,3,0,0,0,0,0,2,0,2,2,0,0,1,200,0,0,3.0,4286,706,6.070821529745042
1,24,69,3,1,2,2,0,1,0,2,2,2,0,1,0,0,0,5.0,338,64,5.28125
1,1,2,0,1,0,2,0,1,0,0,2,0,0,1,0,0,0,4.0,195,36,5.416666666666667
1,48,33,0,1,1,2,0,1,0,1,1,1,0,1,0,0,0,4.0,1357,238,5.701680672268908
1,3,14,3,1,1,2,0,1,0,2,2,0,0,1,0,0,0,2.0,254,49,5.183673469387755
0,1,4,0,1,4,2,0,0,2,1,1,1,0,1,0,0,0,5.0,467,78,5.987179487179487
0,3,61,1,1,5,2,0,1,2,0,0,0,0,1,500,0,0,4.0,62,9,6.888888888888889
0,2,31,0,1,0,0,0,0,0,0,0,0,0,1,0,1,0,4.0,162,28,5.785714285714286
0,5,7,1,0,0,3,1,2,2,2,2,0,0,1,0,0,0,5.0,397,76,5.223684210526316
0,6,3,0,0,6,2,0,2,0,0,0,0,0,1,0,0,0,4.0,345,71,4.859154929577465
