Type,Age,Breed1,Breed2,Gender,Color1,Color2,Color3,MaturitySize,FurLength,Vaccinated,Dewormed,Sterilized,Health,Quantity,Fee,State,VideoAmt,PhotoAmt,desc_length,desc_words,average_word_length
0,1,3,0,2,0,1,1,0,0,0,0,0,0,5,0,0,0,1.0,529,97,5.453608247422681
0,0,6,0,2,4,3,1,1,1,0,0,1,0,10,0,1,0,0.0,111,20,5.55
1,24,2,0,0,2,0,0,1,0,2,2,0,0,5,0,0,0,1.0,296,56,5.285714285714286
0,4,3,0,1,0,3,1,0,0,0,0,0,0,2,0,0,0,7.0,338,58,5.827586206896552
0,2,1,0,1,1,2,0,0,1,0,0,0,0,1,0,0,0,3.0,209,36,5.805555555555555
0,24,10,10,1,5,2,0,1,2,1,1,1,1,6,0,0,0,1.0,138,25,5.52
1,1,2,0,2,0,1,0,1,0,1,1,0,0,9,0,0,0,3.0,118,25,4.72
1,2,2,0,0,0,1,0,0,0,2,2,0,0,1,0,0,0,3.0,204,37,5.513513513513513
1,2,2,0,1,1,4,0,1,0,0,2,0,0,1,0,5,0,1.0,148,30,4.933333333333334
1,2,2,0,1,0,2,0,2,0,2,2,0,0,2,0,0,1,3.0,770,144,5.347222222222222
0,1,4,0,2,2,3,0,0,1,0,0,0,0,2,0,1,0,1.0,210,43,4.883720930232558
1,1,2,3,1,0,1,1,1,1,2,2,0,0,1,0,0,0,1.0,12,2,6.0
1,3,2,0,1,1,2,0,1,0,0,0,0,0,1,0,0,0,4.0,188,36,5.222222222222222
1,4,2,18,1,0,1,1,1,1,2,2,2,0,1,0,0,0,10.0,286,57,5.017543859649122
1,2,2,0,0,0,1,0,1,0,0,1,0,0,1,0,0,0,3.0,146,31,4.709677419354839
1,36,25,0,0,0,2,0,1,0,2,2,2,0,1,0,2,0,1.0,353,66,5.348484848484849
0,48,0,0,0,0,1,1,2,0,2,2,0,0,1,20,0,0,4.0,707,133,5.315789473684211
1,12,2,0,1,5,2,0,1,1,2,2,0,0,1,0,0,0,5.0,474,87,5.448275862068965
0,5,3,0,0,0,0,0,0,0,2,0,1,0,1,0,1,0,4.0,649,127,5.110236220472441
1,16,9,24,1,2,0,0,0,0,2,2,1,0,1,0,1,0,3.0,248,49,5.061224489795919
1,2,2,0,1,0,1,0,1,0,2,2,0,0,1,0,0,1,4.0,202,44,4.590909090909091
1,2,2,0,1,0,1,0,1,0,0,0,0,0,3,0,5,0,3.0,305,62,4.919354838709677
1,18,28,3,1,1,0,0,1,0,2,2,2,0,1,0,1,0,10.0,22,4,5.5
0,3,3,0,0,0,0,0,0,0,0,0,0,0,2,0,8,0,9.0,345,63,5.476190476190476
1,1,2,3,2,0,1,1,2,0,0,2,0,0,20,50,9,0,5.0,184,37,4.972972972972973
1,2,2,31,1,0,1,0,1,1,0,2,0,0,1,250,1,0,13.0,157,28,5.607142857142857
1,2,2,7,1,1,0,0,1,1,2,2,0,0,1,0,0,0,3.0,397,76,5.223684210526316
0,20,1,0,0,0,3,1,2,1,0,2,0,0,1,0,0,0,4.0,302,48,6.291666666666667
1,2,2,0,1,0,6,0,1,1,2,2,0,0,1,0,0,0,4.0,246,45,5.466666666666667
1,60,9,0,1,0,0,0,0,1,1,2,2,0,1,0,0,0,1.0,461,94,4.904255319148936
0,1,4,0,2,0,6,0,0,1,0,0,0,0,2,0,0,0,1.0,173,34,5.088235294117647
0,3,3,0,0,4,2,0,1,0,2,2,0,0,1,20,0,0,0.0,110,21,5.238095238095238
1,84,20,0,0,1,4,0,1,1,2,2,2,1,1,0,0,0,1.0,1302,248,5.25
1,6,2,0,1,0,2,0,1,1,0,2,0,0,1,0,0,1,4.0,535,100,5.35
0,18,1,0,1,2,0,0,1,0,0,0,0,0,1,0,1,0,3.0,102,15,6.8
1,2,2,0,1,1,0,0,1,1,1,1,0,0,1,0,0,0,2.0,124,22,5.636363636363637
0,18,3,0,0,6,2,0,1,0,2,2,2,0,1,0,1,0,1.0,311,62,5.016129032258065
0,6,3,9,0,0,0,0,1,0,0,0,0,0,2,0,0,0,5.0,625,123,5.08130081300813
1,2,2,0,0,0,1,0,1,0,0,2,0,0,1,0,2,0,1.0,267,56,4.767857142857143
1,4,13,3,1,0,1,1,1,0,1,2,1,0,4,0,1,0,5.0,337,65,5.184615384615385
1,72,23,0,1,0,1,5,2,2,2,2,0,0,1,0,2,0,4.0,441,84,5.25
0,12,1,0,2,0,0,0,1,1,1,1,1,0,4,0,0,0,1.0,231,44,5.25
1,2,2,0,1,1,2,0,1,1,2,2,0,0,1,0,0,0,1.0,173,35,4.942857142857143
0,12,1,6,1,0,2,0,1,1,0,2,0,0,1,0,1,0,2.0,252,37,6.8108108108108105
1,3,2,0,1,1,2,0,1,1,0,0,0,0,1,0,0,0,5.0,37,7,5.285714285714286
1,4,2,3,1,1,2,0,1,0,2,2,0,0,1,0,0,0,3.0,45,8,5.625
1,2,2,0,0,0,2,0,1,1,1,1,1,0,1,0,6,0,1.0,76,13,5.846153846153846
1,36,19,0,1,3,0,0,1,1,2,2,0,0,1,0,0,0,1.0,225,39,5.769230769230769
0,4,7,26,0,6,2,0,0,1,0,2,0,0,3,100,1,0,0.0,32,4,8.0
1,2,2,0,1,0,1,1,1,0,0,2,0,0,1,0,0,0,1.0,254,51,4.980392156862745
1,7,2,0,0,0,2,0,1,0,2,2,0,0,1,0,0,0,1.0,72,15,4.8
1,3,2,3,0,1,2,0,1,0,0,0,0,0,1,0,0,0,3.0,235,44,5.340909090909091
1,1,2,3,1,0,1,1,1,0,0,0,0,0,1,0,0,0,8.0,720,132,5.454545454545454
1,72,48,0,0,1,2,0,0,0,2,2,0,1,1,0,0,0,4.0,195,35,5.571428571428571
0,2,3,0,0,3,0,0,0,0,1,1,1,0,1,0,0,0,3.0,237,47,5.042553191489362
1,2,5,3,1,0,1,2,1,0,0,2,0,0,2,0,0,0,5.0,121,22,5.5
0,3,0,0,0,1,2,0,1,0,1,1,1,0,1,0,5,0,3.0,42,10,4.2
1,2,2,0,1,0,1,1,1,0,0,0,1,0,1,0,0,0,3.0,504,93,5.419354838709677
1,1,2,0,1,2,2,0,1,1,1,1,1,0,2,0,6,0,1.0,89,15,5.933333333333334
0,8,10,26,1,1,3,0,0,0,1,1,1,0,1,0,1,0,2.0,128,23,5.565217391304348
0,0,3,0,0,0,0,0,1,0,0,0,0,0,1,0,1,0,2.0,187,36,5.194444444444445
0,2,4,0,0,0,0,0,1,1,0,0,0,0,1,0,1,0,3.0,3,1,3.0
1,7,2,0,1,6,0,0,1,0,2,2,2,0,1,100,1,0,10.0,146,23,6.3478260869565215
1,12,2,0,2,1,2,0,1,1,1,1,1,0,4,0,1,0,7.0,2150,366,5.8743169398907105
0,6,1,9,1,0,1,0,0,1,2,2,2,0,1,30,0,0,3.0,35,5,7.0
0,18,3,0,0,5,2,0,1,0,0,2,2,0,1,0,1,0,1.0,181,33,5.484848484848484
0,2,10,1,1,0,5,0,0,1,0,1,0,0,1,0,9,0,3.0,110,22,5.0
1,2,23,3,1,0,1,0,1,0,0,0,0,0,1,0,1,0,1.0,58,12,4.833333333333333
1,96,2,0,1,0,1,0,1,1,2,2,2,0,1,0,0,0,2.0,463,81,5.716049382716049
0,1,0,0,1,0,1,5,1,0,0,2,0,0,1,0,0,0,7.0,171,31,5.516129032258065
0,3,3,6,2,4,0,0,0,1,0,0,0,0,2,0,0,0,3.0,461,95,4.852631578947369
1,12,2,0,1,1,2,0,1,0,2,2,2,0,1,0,0,0,1.0,199,37,5.378378378378378
1,3,2,0,0,0,2,0,1,0,1,1,0,0,1,0,0,0,2.0,91,16,5.6875
1,12,2,7,0,0,1,2,1,1,1,1,1,0,1,0,1,0,2.0,1567,264,5.9356060606060606
0,36,3,19,1,0,1,1,1,0,2,2,2,0,1,0,0,0,4.0,1233,222,5.554054054054054
0,3,3,0,2,0,1,1,1,0,0,0,0,0,3,0,1,0,5.0,468,83,5.63855421686747
1,2,2,3,1,2,2,0,1,1,0,2,0,0,1,0,0,0,8.0,12,2,6.0
1,1,2,0,0,2,0,0,1,1,0,0,0,0,1,0,3,0,3.0,244,46,5.304347826086956
1,1,2,0,1,0,1,0,1,1,0,2,0,0,1,0,0,1,13.0,673,114,5.9035087719298245
0,1,1,0,0,0,0,0,1,1,1,1,1,0,1,0,0,0,5.0,355,59,6.016949152542373
0,2,3,0,0,0,0,0,0,0,0,1,0,0,1,0,0,0,1.0,7,1,7.0
0,8,10,0,2,0,5,1,1,0,2,2,1,0,2,0,12,0,5.0,538,72,7.472222222222222
0,6,3,0,0,3,2,0,1,0,2,2,2,0,2,0,1,0,5.0,522,101,5.1683168316831685
1,12,2,0,0,0,1,1,1,1,0,2,0,0,1,0,1,0,2.0,43,8,5.375
0,2,30,20,0,0,6,3,1,0,0,2,0,0,1,8,0,0,10.0,967,186,5.198924731182796
0,0,3,0,2,0,3,1,1,0,0,0,0,0,2,0,0,0,5.0,240,49,4.8979591836734695
1,30,48,0,1,0,6,0,0,0,2,1,0,0,1,50,0,0,3.0,647,109,5.935779816513762
0,2,1,6,1,1,2,0,0,2,0,0,0,0,1,0,1,0,0.0,114,24,4.75
1,2,2,0,2,0,4,1,1,0,0,1,0,0,8,0,1,0,1.0,297,57,5.2105263157894735
1,2,2,0,0,0,1,0,0,0,1,1,1,1,1,0,1,0,4.0,696,130,5.3538461538461535
0,12,3,0,0,0,0,0,2,1,2,2,0,0,1,0,0,0,1.0,67,8,8.375
1,2,2,0,0,0,1,0,1,1,0,0,0,0,1,0,0,0,6.0,638,117,5.452991452991453
1,24,9,0,0,3,0,0,0,2,1,1,1,0,1,0,0,0,2.0,415,80,5.1875
0,1,31,0,0,0,0,0,1,1,0,0,0,0,1,50,0,0,3.0,443,92,4.815217391304348
1,1,2,3,1,4,2,0,1,0,0,0,0,0,1,20,0,0,4.0,61,11,5.545454545454546
0,7,3,9,2,4,3,1,1,0,1,1,1,0,2,0,0,0,1.0,554,105,5.276190476190476
1,3,2,0,1,1,6,0,1,0,2,2,2,0,1,0,0,0,3.0,164,30,5.466666666666667
0,2,7,1,1,0,5,1,1,2,0,2,0,0,1,550,0,0,5.0,115,21,5.476190476190476
1,2,2,0,0,0,0,0,1,0,0,0,0,0,1,0,0,0,4.0,615,114,5.394736842105263
1,1,2,0,1,1,2,0,1,0,2,2,0,0,1,0,0,0,1.0,259,52,4.980769230769231
0,24,3,0,1,3,2,0,1,1,2,2,2,0,1,0,5,0,5.0,916,173,5.294797687861272
1,1,2,0,2,0,1,1,0,0,0,2,0,0,9,30,0,0,0.0,27,4,6.75
0,10,1,9,0,6,0,0,2,1,0,0,0,0,1,0,1,0,1.0,626,122,5.131147540983607
1,2,2,0,1,4,2,0,1,1,0,2,0,0,1,0,0,0,1.0,508,87,5.839080459770115
1,10,20,0,0,2,2,0,2,0,2,2,0,0,1,0,1,0,1.0,12,2,6.0
0,3,1,0,2,4,3,1,1,1,0,0,1,0,6,0,6,0,5.0,259,43,6.023255813953488
1,1,2,0,0,0,1,0,1,0,0,2,0,0,1,0,1,1,6.0,574,108,5.314814814814815
1,2,2,0,1,1,2,0,1,0,2,2,0,0,1,0,0,0,3.0,244,52,4.6923076923076925
0,2,3,0,1,0,3,0,0,0,0,2,0,0,1,0,1,0,2.0,117,22,5.318181818181818
1,6,2,0,1,1,2,0,1,0,0,0,0,0,1,0,0,0,1.0,224,47,4.76595744680851
1,1,2,0,1,1,0,0,1,1,0,2,0,0,1,0,0,0,4.0,301,53,5.679245283018868
0,1,3,0,2,6,3,1,1,0,0,0,0,0,3,0,0,0,5.0,1147,217,5.285714285714286
0,3,3,0,2,0,3,1,1,1,0,2,0,0,2,0,1,0,8.0,581,105,5.533333333333333
1,27,34,0,1,0,2,0,1,1,2,2,0,0,1,200,0,0,2.0,691,147,4.700680272108843
1,12,2,40,1,0,1,0,1,1,2,2,2,0,1,0,0,0,3.0,431,85,5.070588235294117
1,2,2,3,0,0,1,1,1,1,0,0,0,0,1,0,0,0,2.0,219,42,5.214285714285714
1,5,2,0,0,1,2,0,1,0,2,2,2,0,1,0,0,0,5.0,252,43,5.8604651162790695
0,2,3,0,1,0,5,1,1,0,0,2,0,0,4,0,7,0,7.0,409,67,6.104477611940299
1,18,2,3,2,0,0,0,2,0,2,2,2,0,2,0,0,0,2.0,1592,303,5.254125412541254
1,1,2,0,2,0,1,1,1,0,0,0,0,0,9,0,0,2,14.0,569,117,4.863247863247863
1,2,2,0,1,0,1,1,1,1,0,2,0,0,1,0,3,0,1.0,1026,181,5.668508287292818
1,12,2,0,1,1,0,0,1,1,1,1,1,0,1,0,1,0,3.0,576,99,5.818181818181818
1,2,2,3,1,0,1,1,1,0,0,0,0,0,3,0,0,0,5.0,499,100,4.99
0,3,3,0,0,1,6,1,0,0,0,0,0,0,1,0,0,0,3.0,307,61,5.032786885245901
1,2,2,36,1,0,1,0,2,0,0,2,0,0,1,0,0,0,4.0,220,43,5.116279069767442
0,4,1,0,0,4,2,0,0,1,0,0,0,0,1,0,1,0,1.0,33,6,5.5
1,5,2,0,0,1,6,1,1,0,1,1,1,0,1,0,1,0,9.0,777,144,5.395833333333333
0,2,3,0,1,0,5,1,0,0,0,2,1,0,1,0,3,0,5.0,16,3,5.333333333333333
1,4,2,0,0,0,1,0,0,0,0,2,0,0,1,0,0,1,1.0,327,61,5.360655737704918
1,1,2,0,1,0,1,0,1,0,0,0,1,0,9,0,0,0,6.0,36,8,4.5
0,36,7,0,0,5,2,0,1,1,1,1,1,0,1,0,1,0,1.0,5,1,5.0
1,6,2,0,1,1,2,0,1,0,2,2,0,0,1,0,0,0,1.0,214,44,4.863636363636363
1,1,2,3,1,0,1,0,1,1,2,2,0,0,1,150,0,1,13.0,348,71,4.901408450704225
0,27,1,6,0,3,0,0,1,1,2,2,2,0,2,0,0,0,5.0,374,73,5.123287671232877
1,1,2,3,1,2,2,0,1,1,0,0,0,0,1,0,3,0,4.0,183,30,6.1
1,3,2,0,1,1,2,0,1,1,2,2,0,0,1,50,0,0,2.0,127,26,4.884615384615385
0,12,1,0,1,5,2,0,1,1,0,1,1,0,1,0,6,0,1.0,51,10,5.1
1,2,2,0,0,1,2,0,1,1,0,0,0,0,1,1,1,3,3.0,638,128,4.984375
0,0,3,0,2,0,1,0,1,1,0,0,0,0,4,0,0,0,1.0,318,58,5.482758620689655
0,1,32,9,2,5,2,0,2,1,0,0,0,1,2,30,1,0,5.0,64,12,5.333333333333333
1,3,2,0,0,0,1,0,0,0,1,1,1,0,1,0,1,0,1.0,306,63,4.857142857142857
1,30,2,0,0,0,2,0,1,0,2,2,0,0,1,0,10,0,4.0,228,46,4.956521739130435
1,36,2,0,1,4,2,0,1,0,2,2,2,0,1,0,0,0,4.0,275,51,5.392156862745098
1,36,13,53,1,0,1,1,2,1,2,2,2,0,1,0,0,0,14.0,330,63,5.238095238095238
1,18,13,3,0,5,2,0,1,1,2,2,2,0,1,0,1,0,7.0,441,77,5.7272727272727275
1,36,2,0,1,2,0,0,1,1,1,1,2,0,1,0,0,0,1.0,528,105,5.0285714285714285
1,8,2,0,1,5,2,0,1,1,2,2,0,0,1,0,0,0,5.0,341,51,6.686274509803922
0,36,1,0,1,0,5,1,1,1,0,0,1,0,1,0,1,0,1.0,79,11,7.181818181818182
1,2,2,3,2,0,1,1,1,1,1,1,1,0,3,0,6,0,3.0,170,31,5.483870967741935
1,18,2,0,0,1,2,0,1,1,1,2,1,0,1,0,1,0,5.0,283,52,5.4423076923076925
0,12,75,54,1,0,2,0,1,1,2,0,2,0,1,0,0,0,3.0,116,23,5.043478260869565
1,2,2,0,1,1,0,0,1,1,2,2,1,0,1,0,6,0,1.0,90,16,5.625
0,22,3,0,1,1,6,0,1,0,2,2,2,0,1,0,0,0,3.0,137,22,6.2272727272727275
1,2,2,0,0,0,1,1,1,0,0,2,0,0,1,0,3,0,3.0,213,37,5.756756756756757
0,2,3,23,1,1,2,0,0,0,0,0,0,0,1,0,0,0,4.0,103,19,5.421052631578948
0,1,0,9,2,0,1,1,0,1,0,2,0,0,3,0,0,0,3.0,20,3,6.666666666666667
1,2,2,0,2,0,1,1,1,1,0,0,0,0,3,0,1,0,1.0,862,166,5.192771084337349
0,12,30,0,1,1,4,1,1,0,2,2,2,0,1,50,1,0,4.0,12,2,6.0
1,1,2,0,0,5,2,0,1,0,1,1,1,0,1,0,1,0,1.0,687,108,6.361111111111111
0,12,36,9,1,0,0,0,1,0,2,2,0,0,1,0,0,0,4.0,245,30,8.166666666666666
0,3,3,0,1,6,0,0,2,1,0,0,1,0,1,100,0,0,2.0,586,122,4.80327868852459
1,1,2,0,1,1,0,0,0,0,0,0,1,0,1,0,1,0,4.0,243,50,4.86
1,1,2,55,2,2,2,0,1,0,1,1,1,0,2,0,0,0,4.0,131,24,5.458333333333333
1,2,2,0,1,0,5,0,1,0,2,2,0,0,1,0,0,0,3.0,202,34,5.9411764705882355
1,3,2,0,1,2,2,0,1,1,2,2,0,0,1,0,0,0,1.0,15,4,3.75
1,1,2,0,1,1,2,0,1,1,0,0,0,0,1,0,0,0,3.0,115,21,5.476190476190476
1,41,2,0,1,0,4,0,1,1,2,2,1,0,1,100,3,0,2.0,40,9,4.444444444444445
1,48,23,31,1,0,1,0,2,2,2,2,2,0,1,0,0,0,3.0,14,3,4.666666666666667
1,3,2,31,1,0,1,0,1,1,2,2,0,0,1,0,0,0,5.0,14,3,4.666666666666667
0,3,40,0,1,3,2,0,0,0,0,2,0,0,1,0,1,0,2.0,16,4,4.0
1,3,2,0,0,2,2,0,1,0,2,2,0,0,1,0,1,0,8.0,302,64,4.71875
1,1,2,0,2,1,0,0,1,1,1,1,0,0,6,0,0,0,4.0,137,23,5.956521739130435
0,4,7,6,2,0,6,0,1,1,2,2,0,0,4,100,0,0,5.0,635,123,5.162601626016261
0,4,1,0,0,4,2,0,1,1,2,2,0,0,1,0,0,0,6.0,149,31,4.806451612903226
0,11,3,0,1,0,0,0,1,0,2,2,2,0,1,0,0,0,3.0,196,37,5.297297297297297
1,24,20,11,1,4,0,0,1,0,1,1,1,0,1,0,1,0,3.0,31,5,6.2
1,1,2,4,1,0,1,0,1,0,2,2,2,0,1,0,0,0,14.0,430,80,5.375
0,3,1,0,1,0,1,1,1,1,0,2,0,0,1,300,0,0,4.0,1427,278,5.133093525179856
0,2,4,0,2,0,6,1,0,1,0,0,0,0,2,0,0,0,4.0,146,29,5.0344827586206895
1,4,2,38,1,0,1,0,2,1,2,2,2,0,2,0,0,1,7.0,349,53,6.584905660377358
1,1,50,0,1,0,1,1,2,0,1,0,1,0,2,450,0,0,5.0,93,17,5.470588235294118
0,1,1,0,1,0,3,0,1,0,0,2,0,0,1,0,0,0,5.0,486,84,5.785714285714286
1,2,2,0,1,2,0,0,1,0,0,1,0,0,1,0,1,0,1.0,31,6,5.166666666666667
0,36,1,0,1,3,0,0,1,1,2,2,2,0,1,0,0,0,3.0,315,57,5.526315789473684
0,2,4,0,0,6,0,0,1,0,0,2,0,0,1,100,0,0,4.0,294,52,5.653846153846154
0,15,1,0,2,0,5,3,1,1,0,2,0,0,3,0,0,0,4.0,218,36,6.055555555555555
1,36,2,62,0,1,5,0,1,0,1,1,1,0,1,0,0,0,5.0,388,78,4.9743589743589745
0,6,4,9,0,6,4,1,1,1,1,2,0,0,1,30,0,0,2.0,175,32,5.46875
0,2,1,0,0,5,2,0,1,1,0,0,0,0,1,0,1,0,3.0,260,48,5.416666666666667
0,12,91,0,1,0,0,0,1,1,2,2,2,0,1,0,1,0,1.0,41,8,5.125
0,24,7,0,0,4,5,2,2,2,1,1,1,0,1,0,1,0,1.0,331,65,5.092307692307692
0,2,3,0,2,0,6,1,1,0,0,0,0,0,4,0,0,0,2.0,216,39,5.538461538461538
0,12,3,0,0,0,0,0,1,0,0,0,0,0,1,0,1,0,4.0,47,9,5.222222222222222
1,1,2,0,2,0,1,1,1,1,0,0,1,0,2,0,0,0,2.0,62,11,5.636363636363637
0,1,1,0,0,1,2,0,0,1,2,2,0,0,1,0,1,2,6.0,1488,257,5.78988326848249
0,3,3,9,0,6,0,0,1,0,0,2,0,0,1,0,0,0,11.0,238,47,5.0638297872340425
1,132,2,42,1,0,2,0,0,0,2,2,0,0,1,0,0,0,3.0,585,111,5.27027027027027
0,36,4,0,0,5,2,0,1,2,0,2,0,0,1,150,0,0,2.0,221,48,4.604166666666667
1,12,2,0,0,1,6,1,2,0,2,2,0,0,1,0,0,0,2.0,536,100,5.36
0,2,3,0,0,6,0,0,0,0,0,2,0,0,1,0,1,0,5.0,104,19,5.473684210526316
1,3,2,0,2,1,0,0,1,0,2,2,0,0,2,0,1,0,3.0,92,17,5.411764705882353
1,3,2,51,1,1,2,0,0,0,2,2,0,0,1,0,3,0,3.0,32,5,6.4
0,5,0,0,0,4,0,0,1,0,2,2,0,0,1,0,1,0,1.0,162,25,6.48
0,1,3,0,2,0,1,3,0,0,0,0,0,0,5,0,1,0,6.0,238,33,7.212121212121212
1,2,20,3,0,1,2,0,1,0,0,2,0,0,1,0,0,0,4.0,147,28,5.25
0,3,3,0,1,6,0,0,1,0,0,2,0,0,1,0,0,0,3.0,78,13,6.0
1,1,2,0,1,0,1,1,0,0,1,1,0,0,1,0,8,0,3.0,24,3,8.0
1,3,2,0,1,0,1,0,1,0,2,2,2,0,1,0,1,0,5.0,220,44,5.0
0,10,26,0,1,1,5,2,1,0,0,0,0,0,1,0,5,0,2.0,409,74,5.527027027027027
0,2,3,0,1,0,3,0,0,0,2,2,0,0,1,0,1,0,5.0,503,98,5.13265306122449
1,1,2,0,2,0,1,1,2,0,0,0,0,0,4,0,0,0,6.0,511,93,5.494623655913978
0,2,26,0,2,1,6,1,1,0,1,2,1,0,4,0,3,0,2.0,247,42,5.880952380952381
1,6,2,3,1,5,2,0,1,0,2,2,0,0,1,0,5,0,4.0,41,9,4.555555555555555
0,3,4,9,2,0,5,3,1,1,0,2,0,0,4,0,1,0,7.0,302,56,5.392857142857143
1,1,2,0,2,0,1,1,0,1,0,0,0,0,6,0,0,0,5.0,176,31,5.67741935483871
0,2,7,1,1,6,0,0,1,2,0,2,0,0,1,600,0,0,7.0,255,52,4.903846153846154
0,2,3,0,2,0,1,1,1,0,0,0,0,0,4,0,0,0,4.0,219,45,4.866666666666666
0,2,3,0,1,0,1,1,1,0,0,0,0,0,2,0,0,0,5.0,448,83,5.397590361445783
0,1,3,0,2,0,5,3,2,0,0,0,0,0,3,0,0,0,3.0,207,45,4.6
1,1,2,0,1,1,2,0,1,0,0,2,0,0,1,38,0,0,2.0,179,36,4.972222222222222
0,24,10,8,1,1,0,0,1,0,0,0,0,0,1,0,3,0,13.0,810,153,5.294117647058823
0,8,3,0,0,1,2,0,1,1,2,2,1,0,1,0,1,0,3.0,129,26,4.961538461538462
0,4,36,8,0,5,2,0,1,1,0,0,0,0,2,100,0,0,2.0,34,4,8.5
1,2,2,64,0,0,2,0,2,0,0,2,0,0,4,0,0,1,18.0,344,51,6.745098039215686
1,12,2,0,2,0,1,1,1,0,0,1,0,0,3,0,0,0,3.0,239,33,7.242424242424242
1,1,2,3,0,5,2,0,1,0,0,2,1,0,1,0,0,0,5.0,509,95,5.3578947368421055
1,12,2,11,1,2,0,0,1,0,2,2,2,0,1,0,0,0,2.0,638,122,5.229508196721311
1,6,2,0,0,0,4,1,0,0,2,2,0,0,1,0,0,0,2.0,71,15,4.733333333333333
0,4,3,0,0,6,0,0,0,0,0,2,2,0,1,0,1,0,5.0,106,17,6.235294117647059
0,2,31,9,1,0,0,0,0,0,0,2,0,0,1,0,1,0,1.0,228,44,5.181818181818182
1,2,2,0,0,1,0,0,1,0,0,0,0,0,1,0,0,0,2.0,365,64,5.703125
0,3,3,0,2,0,3,1,1,0,0,0,0,0,5,0,1,0,8.0,694,125,5.552
0,1,3,0,1,0,1,1,0,0,0,2,0,0,1,20,1,1,3.0,762,152,5.0131578947368425
0,3,10,0,0,0,0,0,0,0,0,0,0,0,1,0,1,0,2.0,139,23,6.043478260869565
0,4,1,37,2,5,2,0,2,1,2,2,2,0,2,100,12,0,2.0,50,10,5.0
1,10,8,0,0,0,2,0,2,0,2,2,0,0,1,500,5,0,1.0,160,32,5.0
0,36,7,0,1,1,5,0,1,2,2,2,2,0,1,350,1,0,1.0,304,54,5.62962962962963
1,4,2,0,1,0,1,1,1,0,2,2,0,0,1,0,0,0,4.0,660,138,4.782608695652174
1,3,48,3,0,1,2,0,0,0,2,2,0,0,1,0,1,0,1.0,195,36,5.416666666666667
1,2,2,3,1,1,2,0,0,0,1,1,1,0,1,0,0,0,2.0,20,3,6.666666666666667
1,2,2,0,1,1,2,0,1,1,1,1,1,0,1,0,6,0,1.0,54,9,6.0
0,1,7,1,1,4,4,0,1,2,0,2,0,0,1,150,0,0,7.0,678,118,5.745762711864407
1,72,107,0,1,5,2,0,1,0,2,2,0,0,1,100,3,0,8.0,635,124,5.120967741935484
1,2,2,3,2,0,1,1,1,0,0,0,0,0,6,0,0,0,5.0,200,37,5.405405405405405
1,1,2,3,2,1,2,0,1,1,0,0,0,0,2,0,3,0,6.0,182,36,5.055555555555555
1,1,2,0,2,0,1,1,1,1,0,0,0,0,9,0,0,0,11.0,108,22,4.909090909090909
0,3,3,0,1,0,6,3,0,0,0,0,0,0,1,0,0,0,5.0,54,12,4.5
1,2,2,0,1,1,2,0,1,0,2,2,0,0,1,0,1,0,15.0,1931,378,5.108465608465608
0,18,3,0,1,3,2,0,0,0,2,1,2,0,1,30,6,0,2.0,336,69,4.869565217391305
0,4,3,0,0,6,0,0,0,0,0,0,0,1,1,0,1,0,3.0,238,49,4.857142857142857
1,3,2,0,0,0,0,0,1,1,2,2,0,0,1,0,0,0,5.0,63,13,4.846153846153846
0,3,4,6,0,0,2,0,0,1,0,0,0,0,1,0,1,0,1.0,86,14,6.142857142857143
1,1,2,0,1,0,6,1,1,1,0,2,0,0,1,50,0,0,10.0,1501,264,5.6856060606060606
0,12,94,0,1,0,6,1,0,0,1,1,0,0,2,0,1,0,3.0,880,155,5.67741935483871
0,1,3,0,2,1,5,1,0,0,0,0,0,0,4,0,1,0,5.0,102,19,5.368421052631579
1,3,2,0,1,5,2,0,1,1,0,0,0,0,1,0,0,1,30.0,456,81,5.62962962962963
0,5,30,0,0,5,2,0,1,0,2,2,0,0,1,0,3,0,1.0,223,46,4.8478260869565215
0,5,0,0,0,0,3,0,1,0,2,2,0,0,1,0,1,0,5.0,1283,245,5.236734693877551
0,36,3,0,1,6,2,0,2,0,2,2,0,0,1,0,1,0,10.0,17,3,5.666666666666667
0,12,1,6,0,6,2,0,1,2,0,0,0,0,1,0,2,0,5.0,211,33,6.393939393939394
0,6,3,0,1,0,3,1,0,0,1,1,1,0,1,0,0,0,4.0,150,26,5.769230769230769
1,3,2,0,1,0,2,0,1,0,2,2,0,0,1,0,0,0,2.0,119,22,5.409090909090909
1,3,2,0,1,0,0,0,1,1,0,2,0,0,2,0,0,0,1.0,20,3,6.666666666666667
1,84,33,0,0,1,6,0,1,1,1,1,0,0,1,0,0,0,1.0,50,6,8.333333333333334
0,3,7,9,2,3,0,0,1,1,0,0,0,0,2,0,0,0,2.0,966,187,5.165775401069519
0,2,3,0,0,0,1,1,1,0,0,0,0,0,1,0,0,0,3.0,359,62,5.790322580645161
0,1,4,0,2,0,4,1,0,2,0,0,0,0,5,0,0,0,5.0,301,43,7.0
0,60,12,0,1,0,1,2,1,0,0,0,0,0,1,0,1,0,5.0,783,146,5.363013698630137
0,1,0,9,2,0,0,0,1,0,0,0,0,0,4,0,0,0,19.0,244,46,5.304347826086956
1,3,2,0,1,0,1,0,1,0,0,2,0,0,2,0,1,0,3.0,639,123,5.195121951219512
1,54,9,0,1,4,2,0,0,1,1,1,2,0,1,350,0,0,1.0,219,47,4.659574468085107
0,1,0,0,2,1,3,1,0,0,0,0,0,0,5,0,0,0,0.0,986,198,4.97979797979798
0,3,3,0,0,0,0,0,1,0,0,2,0,0,1,0,1,0,30.0,77,11,7.0
1,12,2,11,1,2,0,0,1,0,1,1,1,0,1,0,0,0,4.0,184,38,4.842105263157895
0,11,3,9,2,0,6,1,1,1,2,2,2,0,6,0,0,0,5.0,201,38,5.2894736842105265
1,1,2,0,1,0,1,1,0,1,0,0,0,0,1,0,0,0,4.0,183,36,5.083333333333333
0,3,3,0,2,1,0,0,0,0,0,0,0,0,4,0,0,0,4.0,760,120,6.333333333333333
0,6,4,0,0,0,2,0,1,2,0,0,0,0,1,0,1,0,1.0,79,17,4.647058823529412
1,5,25,3,1,0,1,0,1,1,2,2,2,0,1,0,0,0,5.0,202,40,5.05
1,2,2,0,0,1,2,0,1,0,0,0,0,0,1,20,3,0,1.0,122,21,5.809523809523809
0,8,10,9,0,0,0,0,1,1,2,2,2,0,1,0,1,0,4.0,1466,297,4.936026936026936
1,2,2,0,0,6,2,0,1,0,2,2,0,0,1,0,1,0,4.0,368,67,5.492537313432836
0,2,3,0,2,0,1,0,1,0,0,2,0,0,2,0,1,0,5.0,76,14,5.428571428571429
0,10,31,23,2,0,6,1,1,0,2,2,2,0,2,100,2,0,5.0,342,67,5.104477611940299
0,6,3,0,0,0,2,0,1,0,0,0,0,0,1,0,1,0,2.0,253,50,5.06
1,2,2,0,0,0,1,0,1,1,0,2,0,0,1,5,0,0,4.0,186,34,5.470588235294118
1,0,2,0,0,0,2,0,0,0,1,1,1,0,1,0,0,0,3.0,191,34,5.617647058823529
1,6,2,0,1,5,2,0,1,0,1,1,1,0,1,0,0,0,3.0,196,34,5.764705882352941
0,3,3,0,1,6,0,0,1,0,0,2,0,0,1,0,0,0,9.0,400,79,5.063291139240507
0,2,3,9,0,1,4,0,1,0,2,2,0,0,1,0,1,0,4.0,297,59,5.033898305084746
1,2,2,0,2,1,5,0,1,0,0,0,1,0,2,0,9,0,3.0,89,15,5.933333333333334
1,15,2,3,0,0,1,1,1,0,2,2,2,1,1,0,1,0,3.0,156,31,5.032258064516129
1,5,2,0,2,4,2,0,1,0,2,2,0,0,2,0,1,1,6.0,50,11,4.545454545454546
1,5,2,0,0,1,0,0,1,0,1,2,0,0,1,0,0,0,2.0,161,31,5.193548387096774
0,2,0,0,2,1,2,0,1,1,0,0,0,0,2,0,1,0,3.0,109,23,4.739130434782608
1,5,2,0,2,0,1,1,0,0,0,0,0,0,4,1,8,0,5.0,378,65,5.815384615384615
1,12,2,0,2,0,1,1,2,1,0,0,0,0,6,20,0,0,5.0,97,17,5.705882352941177
0,2,3,0,0,5,2,0,1,1,2,2,0,0,1,0,0,0,1.0,203,36,5.638888888888889
1,5,2,0,1,1,4,0,2,1,0,2,0,0,1,0,0,0,2.0,29,5,5.8
1,6,2,0,0,0,1,1,1,0,2,2,2,0,1,150,1,0,11.0,278,48,5.791666666666667
0,2,1,0,1,3,2,0,1,1,2,2,0,0,1,100,1,0,5.0,761,144,5.284722222222222
0,2,3,9,2,0,1,5,1,0,0,0,0,0,3,0,0,0,1.0,204,36,5.666666666666667
1,2,2,0,1,3,0,0,1,0,0,0,0,0,1,20,3,0,1.0,144,25,5.76
1,2,2,7,1,1,2,0,1,1,2,2,0,0,1,0,0,0,4.0,397,76,5.223684210526316
1,1,2,0,2,0,1,2,1,0,0,0,0,0,4,0,0,0,5.0,362,71,5.098591549295775
0,8,3,0,1,1,3,1,1,0,0,2,0,0,1,0,1,0,2.0,242,43,5.627906976744186
0,4,0,0,0,0,1,1,1,0,2,2,1,0,1,0,0,0,3.0,1210,221,5.475113122171946
0,3,3,0,1,6,0,0,1,0,2,2,0,0,1,0,0,0,2.0,4,1,4.0
1,1,14,3,0,1,2,0,1,0,1,1,0,0,1,0,0,0,1.0,90,18,5.0
1,5,2,3,1,6,4,1,1,1,0,0,0,0,1,0,1,0,2.0,74,12,6.166666666666667
1,8,2,0,1,3,0,0,0,0,2,2,2,0,1,0,3,0,4.0,271,57,4.754385964912281
0,3,3,0,1,0,0,0,0,0,2,2,0,0,1,0,1,0,3.0,11,2,5.5
1,3,2,3,2,0,1,0,2,0,1,1,1,0,3,0,0,0,12.0,441,78,5.653846153846154
0,1,3,0,0,0,4,3,0,0,0,0,0,0,1,0,1,0,5.0,592,110,5.381818181818182
1,24,2,0,0,0,2,0,2,1,2,2,2,0,1,30,9,0,4.0,72,14,5.142857142857143
1,2,2,0,1,0,0,0,1,0,0,0,0,0,1,0,0,0,6.0,686,138,4.971014492753623
0,6,1,0,2,0,0,0,1,1,0,0,0,0,2,0,0,0,3.0,220,42,5.238095238095238
1,21,63,0,0,0,1,2,0,0,0,0,0,0,1,500,0,0,1.0,153,26,5.884615384615385
1,36,20,3,0,4,2,0,3,1,2,2,2,0,1,0,0,0,1.0,307,51,6.019607843137255
0,12,10,57,0,0,6,1,1,1,1,2,0,0,1,100,0,0,4.0,696,108,6.444444444444445
1,31,2,0,1,4,4,0,0,0,2,2,2,0,1,80,0,0,5.0,373,74,5.04054054054054
0,4,10,0,1,1,0,0,0,0,2,2,0,0,1,400,1,0,4.0,682,127,5.3700787401574805
1,31,28,0,0,1,0,0,1,0,2,2,0,0,1,400,0,0,1.0,353,67,5.268656716417911
1,120,2,3,1,1,2,0,1,1,0,0,2,0,1,0,6,0,1.0,251,51,4.921568627450981
1,2,2,0,1,0,1,3,1,0,0,0,0,0,4,0,0,0,1.0,104,23,4.521739130434782
1,2,2,0,2,0,1,1,1,0,0,0,0,0,6,0,0,0,5.0,122,23,5.304347826086956
0,9,3,67,0,3,2,0,1,1,0,2,0,0,1,10,1,0,3.0,441,89,4.955056179775281
0,3,41,9,2,0,5,1,0,0,0,2,0,0,3,0,1,0,11.0,116,23,5.043478260869565
1,5,5,3,1,0,0,0,0,0,2,2,0,0,1,0,0,0,4.0,145,19,7.631578947368421
0,7,7,9,2,1,0,0,1,1,2,2,0,0,2,250,1,0,16.0,17,3,5.666666666666667
1,3,2,0,1,0,2,0,1,0,0,2,0,0,1,0,0,0,3.0,74,14,5.285714285714286
0,3,1,26,2,6,4,1,0,1,0,0,0,0,4,0,0,0,6.0,411,79,5.2025316455696204
0,6,3,26,0,4,0,0,0,0,2,2,0,0,1,100,1,0,6.0,2989,513,5.826510721247564
1,2,2,0,0,0,5,1,1,1,0,2,0,0,1,0,1,0,6.0,428,75,5.706666666666667
0,4,3,0,1,0,0,0,0,0,1,1,1,1,1,0,1,0,1.0,411,84,4.892857142857143
1,15,20,0,0,1,6,0,2,1,2,2,1,0,1,0,1,0,0.0,280,48,5.833333333333333
0,15,1,0,1,5,2,0,1,1,0,2,0,0,1,0,2,0,1.0,61,10,6.1
0,2,3,0,0,0,0,0,1,0,0,2,0,0,1,30,0,0,5.0,25,5,5.0
0,3,3,0,0,3,2,0,1,0,0,2,0,0,1,0,1,0,3.0,281,55,5.109090909090909
1,12,98,0,1,4,2,0,1,1,2,2,1,0,1,300,3,0,3.0,120,18,6.666666666666667
1,4,2,3,2,1,2,0,0,0,2,2,1,0,4,0,0,0,7.0,968,183,5.2896174863387975
1,2,2,7,0,1,0,0,1,0,0,2,0,1,1,0,1,0,11.0,927,164,5.652439024390244
1,2,2,0,0,5,2,0,0,0,2,2,0,0,1,0,0,0,3.0,91,16,5.6875
1,24,48,3,1,0,2,0,1,0,2,2,2,0,1,0,0,0,4.0,558,108,5.166666666666667
0,2,1,6,2,0,3,0,0,0,0,0,1,0,2,0,9,0,4.0,38,8,4.75
0,7,3,0,0,0,0,0,1,0,2,2,2,0,1,50,1,0,2.0,427,80,5.3375
1,5,2,0,1,1,6,0,1,1,0,2,0,0,1,0,0,0,5.0,585,118,4.9576271186440675
1,2,2,0,0,1,6,0,1,1,0,2,0,0,1,50,0,0,3.0,771,154,5.0064935064935066
0,2,3,9,2,0,1,1,1,0,0,0,0,0,2,0,0,0,1.0,128,21,6.095238095238095
0,4,1,0,1,6,0,0,1,1,0,0,0,0,1,100,4,0,2.0,252,43,5.8604651162790695
1,12,2,0,0,0,0,0,1,1,1,1,1,0,1,0,5,2,5.0,154,23,6.695652173913044
0,3,3,0,1,0,2,0,1,0,0,2,0,0,1,0,1,0,4.0,37,5,7.4
0,3,1,0,1,0,6,1,0,1,0,2,0,0,1,0,3,0,2.0,466,85,5.482352941176471
1,1,2,3,1,1,2,0,1,1,2,2,0,0,1,0,0,0,2.0,12,2,6.0
0,14,1,26,2,4,5,2,0,1,0,0,0,0,3,0,0,0,3.0,489,91,5.373626373626373
1,1,2,0,1,1,0,0,1,1,0,0,0,0,1,0,0,0,7.0,197,38,5.184210526315789
0,2,3,0,0,4,0,0,1,0,2,2,0,0,1,0,0,0,1.0,27,6,4.5
0,3,3,0,0,0,0,0,0,0,2,2,2,0,1,0,10,0,1.0,19,3,6.333333333333333
0,3,3,0,1,0,0,0,1,1,0,0,0,0,1,0,0,1,4.0,526,95,5.536842105263158
1,15,2,0,1,1,2,0,1,0,0,2,0,0,1,0,0,0,4.0,356,63,5.650793650793651
0,2,31,6,2,0,1,5,0,0,0,2,0,0,4,0,0,0,4.0,24,4,6.0
1,8,28,3,0,0,1,1,1,0,2,2,2,0,1,0,0,0,3.0,454,86,5.27906976744186
0,6,92,0,1,0,6,2,1,1,0,1,1,0,2,0,0,0,5.0,186,33,5.636363636363637
1,2,2,0,1,0,1,1,1,0,1,1,0,0,1,0,0,0,1.0,76,13,5.846153846153846
1,36,83,0,0,5,2,0,0,2,2,2,0,0,1,300,0,0,2.0,190,38,5.0
1,2,55,0,1,0,1,1,1,0,0,0,0,0,1,0,0,0,4.0,33,4,8.25
0,0,1,0,2,0,4,3,0,1,1,1,1,0,5,0,0,0,3.0,325,53,6.132075471698113
0,1,3,0,0,4,5,1,1,0,0,0,0,0,1,0,0,1,3.0,777,156,4.980769230769231
1,6,2,0,0,1,0,0,1,0,2,2,0,0,1,0,1,0,3.0,39,8,4.875
1,108,20,0,0,4,2,0,2,1,2,2,1,0,1,0,1,0,1.0,503,92,5.467391304347826
1,60,33,0,1,2,2,0,1,2,2,2,0,1,1,0,1,0,4.0,395,76,5.197368421052632
1,2,2,3,2,2,0,0,1,0,0,2,2,0,5,0,0,0,5.0,179,28,6.392857142857143
0,1,3,0,1,2,3,1,2,0,0,0,0,0,2,0,0,0,3.0,201,39,5.153846153846154
1,3,2,0,1,0,1,1,1,0,1,1,0,0,1,0,0,0,7.0,370,70,5.285714285714286
1,2,2,3,0,0,1,0,1,1,2,2,0,0,1,0,0,0,1.0,12,2,6.0
0,3,1,6,1,3,0,0,0,1,0,0,0,0,1,0,0,0,12.0,7,1,7.0
1,1,2,0,0,0,1,1,1,1,0,0,0,0,1,0,3,0,1.0,133,20,6.65
0,0,3,9,1,0,1,1,0,0,0,0,0,0,6,0,1,0,0.0,337,63,5.349206349206349
1,72,9,24,1,0,0,0,0,2,2,2,2,0,1,0,0,0,9.0,300,59,5.084745762711864
1,3,2,0,1,0,1,1,1,1,2,2,0,0,1,0,0,0,1.0,10,2,5.0
0,2,1,0,2,0,0,0,0,1,0,2,0,0,2,0,0,0,13.0,159,27,5.888888888888889
0,3,3,0,1,0,3,1,1,0,0,0,0,0,1,0,0,0,3.0,617,111,5.558558558558558
1,2,2,0,1,1,2,0,1,1,0,2,0,0,1,0,3,0,1.0,22,3,7.333333333333333
1,18,2,3,0,0,1,0,1,0,0,0,2,0,1,0,1,0,1.0,88,11,8.0
1,2,2,0,1,0,1,0,1,1,0,0,0,0,1,0,0,0,1.0,21,4,5.25
0,3,3,8,2,5,2,0,1,0,2,2,0,0,2,0,1,0,4.0,347,68,5.102941176470588
1,1,2,3,2,0,1,1,1,0,0,0,0,0,3,80,0,0,13.0,160,29,5.517241379310345
1,12,2,0,2,0,1,1,1,0,1,1,1,1,3,0,1,0,1.0,2150,366,5.8743169398907105
0,7,3,0,1,0,3,1,1,0,2,2,2,0,1,0,0,0,6.0,486,91,5.34065934065934
1,1,2,0,1,0,0,0,1,0,0,0,0,0,1,0,2,1,5.0,694,132,5.257575757575758
1,4,2,0,2,1,4,0,1,0,0,0,0,0,2,200,0,0,2.0,365,70,5.214285714285714
1,4,48,3,0,2,2,0,0,0,0,0,0,0,1,0,0,0,3.0,155,30,5.166666666666667
0,8,10,0,1,3,0,0,1,1,2,2,2,0,1,250,3,0,3.0,339,52,6.519230769230769
0,5,4,0,2,1,5,2,1,2,0,0,0,0,3,0,0,0,5.0,273,54,5.055555555555555
1,2,2,0,0,1,2,0,1,0,1,1,0,0,1,0,0,0,3.0,99,21,4.714285714285714
0,7,3,0,0,0,3,1,1,0,0,0,0,0,1,0,0,0,3.0,123,20,6.15
0,212,3,0,1,0,2,0,1,0,2,2,0,0,1,0,2,1,13.0,271,56,4.839285714285714
1,60,34,0,1,1,2,0,0,0,2,2,2,1,1,0,0,0,4.0,1008,190,5.3052631578947365
1,2,2,3,0,1,2,0,1,1,2,2,0,0,1,0,0,0,1.0,12,2,6.0
1,1,2,0,1,1,6,0,0,1,0,0,0,0,1,0,0,0,5.0,236,46,5.130434782608695
1,4,23,3,1,0,1,2,0,1,0,0,0,1,1,30,1,0,3.0,491,98,5.010204081632653
1,6,2,0,1,5,2,0,1,0,2,2,0,0,1,0,0,0,1.0,427,83,5.144578313253012
0,3,0,0,1,0,1,0,0,1,0,2,0,0,2,50,1,0,3.0,1217,236,5.156779661016949
1,1,2,0,0,0,1,5,1,0,0,0,1,0,6,1,1,0,4.0,24,5,4.8
0,2,3,0,0,5,2,0,1,0,0,0,0,0,2,0,1,0,1.0,170,32,5.3125
0,24,10,0,1,1,4,0,1,0,0,2,0,0,1,100,0,0,8.0,801,145,5.524137931034483
0,1,3,0,0,0,0,0,0,0,0,0,0,0,1,0,9,0,1.0,20,4,5.0
0,12,3,0,1,0,0,0,1,0,0,0,0,1,2,0,0,0,5.0,193,41,4.7073170731707314
1,3,2,0,1,1,2,0,1,1,2,2,0,0,1,0,0,0,1.0,238,47,5.0638297872340425
1,2,2,0,1,0,1,0,1,0,2,2,0,0,1,0,0,0,1.0,954,168,5.678571428571429
0,2,3,0,1,1,3,1,0,0,0,0,0,0,2,0,5,0,4.0,356,71,5.014084507042254
0,2,3,0,1,0,5,1,1,0,0,2,0,0,1,0,1,0,15.0,632,125,5.056
0,2,3,0,0,4,0,0,1,0,0,2,0,0,1,0,1,0,4.0,95,17,5.588235294117647
1,1,48,3,2,0,6,0,1,0,2,2,0,0,2,0,0,0,13.0,1174,192,6.114583333333333
1,3,2,3,0,0,0,0,1,1,2,2,0,0,1,0,0,0,4.0,12,2,6.0
0,48,3,0,1,6,2,0,1,0,2,2,2,0,1,0,1,0,9.0,837,173,4.838150289017341
1,12,2,0,0,4,4,0,1,0,2,2,2,0,1,0,0,0,1.0,160,30,5.333333333333333
1,60,2,0,0,0,4,1,1,0,2,2,2,0,1,0,1,0,3.0,404,81,4.987654320987654
0,1,1,0,1,4,0,0,0,1,0,0,0,0,1,0,0,0,1.0,346,67,5.164179104477612
0,7,4,6,0,2,2,0,1,1,0,0,0,0,1,0,0,0,2.0,158,29,5.448275862068965
0,1,1,6,2,5,2,0,0,1,0,0,1,0,3,0,1,0,3.0,173,36,4.805555555555555
1,2,2,3,1,0,1,5,1,1,2,2,0,0,1,0,0,0,3.0,357,65,5.492307692307692
0,2,1,0,2,0,1,3,0,1,0,0,0,0,2,0,1,0,3.0,20,3,6.666666666666667
1,3,2,0,2,0,0,0,1,0,0,0,0,0,2,0,1,0,5.0,278,45,6.177777777777778
0,6,3,0,1,5,2,0,1,0,2,2,0,0,1,0,0,0,2.0,85,17,5.0
1,4,2,3,1,0,1,1,1,1,2,2,0,0,2,0,2,0,2.0,523,97,5.391752577319588
0,4,1,0,1,0,6,3,2,1,0,2,2,0,1,30,1,0,2.0,121,25,4.84
0,16,0,0,0,0,0,0,1,0,0,0,0,0,10,0,3,0,4.0,474,96,4.9375
0,3,3,0,1,6,3,1,2,0,2,2,2,0,1,100,0,0,2.0,118,21,5.619047619047619
1,7,23,31,0,0,5,1,1,1,2,2,2,0,1,0,1,0,5.0,584,108,5.407407407407407
1,8,2,0,1,0,1,0,1,0,2,2,2,0,1,0,3,0,1.0,202,40,5.05
0,12,0,0,0,1,3,0,1,0,0,0,2,0,1,0,0,0,1.0,13,3,4.333333333333333
0,2,49,69,0,3,2,0,1,1,2,2,0,0,1,0,0,0,4.0,314,61,5.147540983606557
0,6,1,0,0,0,1,3,1,1,0,2,2,1,1,100,7,0,5.0,504,97,5.195876288659794
1,20,2,0,1,4,4,1,1,1,2,2,2,0,1,0,8,0,2.0,750,153,4.901960784313726
0,0,3,9,2,0,1,1,1,0,0,0,0,0,5,0,0,0,14.0,647,124,5.217741935483871
1,2,2,0,1,2,0,0,1,0,0,0,0,0,1,0,1,1,5.0,116,27,4.296296296296297
0,2,3,9,2,3,2,0,1,1,0,0,0,0,2,0,0,0,4.0,312,61,5.114754098360656
1,1,2,0,1,1,0,0,1,0,0,0,0,0,1,0,0,0,2.0,561,100,5.61
0,2,1,0,1,1,2,0,0,1,1,2,0,0,1,0,0,0,7.0,53,9,5.888888888888889
0,1,56,0,2,0,3,1,1,1,0,2,0,0,2,0,1,0,5.0,381,72,5.291666666666667
0,2,3,10,0,4,5,1,0,1,0,0,0,0,1,0,0,0,3.0,417,89,4.685393258426966
1,2,2,0,0,0,0,0,1,0,2,2,2,0,1,0,2,0,3.0,52,9,5.777777777777778
0,2,3,6,0,0,3,0,1,0,2,0,0,0,1,100,1,0,4.0,418,74,5.648648648648648
1,24,2,0,1,1,2,0,1,1,2,2,2,0,1,0,1,0,2.0,522,91,5.736263736263736
1,2,2,3,1,1,2,0,1,0,2,2,0,0,1,30,0,0,4.0,503,89,5.651685393258427
1,12,2,3,0,0,1,1,1,1,1,1,1,2,1,0,5,0,3.0,636,137,4.642335766423358
0,1,4,9,0,1,6,1,2,0,0,0,0,0,1,0,0,0,4.0,505,92,5.489130434782608
1,8,2,38,0,0,2,0,2,0,2,2,2,0,1,0,0,0,1.0,300,59,5.084745762711864
1,2,2,0,1,0,0,0,2,0,0,2,0,0,1,50,0,0,16.0,3468,613,5.65742251223491
1,1,2,3,2,1,4,1,1,0,0,0,0,0,5,0,1,0,5.0,122,22,5.545454545454546
1,1,2,3,1,0,1,5,0,0,1,1,1,0,2,0,0,0,5.0,318,58,5.482758620689655
0,5,3,0,0,1,0,0,1,0,0,0,0,0,1,0,1,0,1.0,49,9,5.444444444444445
0,1,3,0,2,2,3,1,1,1,0,0,0,0,3,0,0,0,23.0,475,90,5.277777777777778
1,6,2,0,0,0,2,0,1,1,2,2,0,0,1,0,1,0,10.0,158,26,6.076923076923077
1,3,2,0,1,1,4,0,1,0,2,2,0,0,1,0,0,1,2.0,406,82,4.951219512195122
1,2,2,0,1,1,2,0,0,0,0,0,0,1,1,0,1,0,2.0,213,42,5.071428571428571
0,24,4,0,1,0,5,2,1,2,0,0,0,0,1,0,0,0,5.0,77,14,5.5
1,1,2,0,2,0,1,0,1,1,0,0,0,0,3,0,0,0,5.0,325,65,5.0
0,2,3,0,0,1,6,1,1,0,0,0,0,0,1,0,3,0,2.0,116,22,5.2727272727272725
0,2,1,6,2,0,1,1,1,1,0,0,0,0,2,0,1,0,4.0,111,20,5.55
0,2,26,0,1,0,1,1,0,1,0,0,0,0,1,0,0,0,5.0,191,36,5.305555555555555
1,1,2,0,0,4,2,0,1,0,0,0,0,0,1,0,0,0,1.0,75,11,6.818181818181818
0,2,3,9,2,0,3,0,0,1,0,0,0,0,4,0,0,0,5.0,47,10,4.7
1,4,48,4,1,0,2,0,1,0,0,2,0,0,1,0,0,0,5.0,215,40,5.375
1,6,8,0,0,0,6,0,2,0,2,2,2,0,1,0,1,0,4.0,525,102,5.147058823529412
1,1,2,0,0,0,2,0,1,0,0,0,0,0,1,0,0,0,2.0,618,119,5.19327731092437
0,29,3,0,0,3,2,0,1,0,2,2,2,0,1,30,0,0,4.0,869,172,5.0523255813953485
0,1,3,0,2,0,3,1,1,0,0,0,0,0,5,0,0,0,1.0,331,55,6.0181818181818185
1,18,80,56,0,2,0,0,2,1,0,2,0,0,1,0,1,0,3.0,312,67,4.656716417910448
0,5,3,0,1,0,3,1,1,0,0,2,0,0,1,0,1,0,2.0,316,55,5.745454545454545
1,3,39,3,0,0,1,0,1,0,1,1,0,0,1,0,0,0,3.0,104,18,5.777777777777778
1,5,11,14,1,0,1,1,1,0,1,1,0,0,1,0,0,0,5.0,287,55,5.218181818181818
0,2,3,0,1,0,0,0,0,0,0,0,0,0,4,0,0,0,3.0,163,31,5.258064516129032
1,12,53,42,1,0,6,0,0,0,1,1,1,0,1,0,1,0,2.0,180,35,5.142857142857143
0,2,3,0,2,1,5,1,0,0,0,2,0,0,2,0,0,0,5.0,507,88,5.761363636363637
1,2,2,0,1,4,2,0,1,0,2,2,0,0,1,0,0,0,1.0,105,21,5.0
0,2,3,9,2,1,6,1,0,0,0,0,0,0,3,0,1,3,4.0,716,131,5.465648854961832
1,24,2,3,1,5,2,0,0,0,2,2,2,0,1,0,0,0,3.0,764,152,5.026315789473684
1,24,2,3,1,2,2,0,1,1,1,1,0,0,2,0,0,0,0.0,36,6,6.0
0,3,1,0,2,1,5,2,1,1,0,2,0,0,2,1,0,0,7.0,26,4,6.5
0,2,0,0,1,1,5,3,0,0,0,2,0,0,1,0,0,0,5.0,91,17,5.352941176470588
0,2,10,0,1,2,2,0,1,0,0,0,0,0,1,0,0,0,2.0,16,3,5.333333333333333
1,2,134,0,1,1,0,0,1,1,2,2,0,0,1,0,0,0,2.0,65,12,5.416666666666667
1,4,14,30,1,2,2,0,1,0,2,2,0,0,1,0,0,0,3.0,699,133,5.2556390977443606
1,4,2,0,1,2,2,0,1,0,2,2,0,0,1,0,0,0,4.0,294,52,5.653846153846154
0,2,10,9,0,1,0,0,0,0,0,2,0,0,1,100,0,0,5.0,506,91,5.56043956043956
0,12,10,69,1,3,2,0,2,0,1,1,0,0,5,50,0,0,11.0,548,104,5.269230769230769
1,36,5,28,0,0,4,3,1,1,2,2,2,0,1,200,0,0,2.0,363,52,6.980769230769231
1,18,2,0,1,1,0,0,1,1,2,2,2,0,1,0,2,0,7.0,232,48,4.833333333333333
0,1,3,0,1,0,6,1,1,1,1,1,1,0,1,0,0,0,4.0,78,15,5.2
1,108,20,33,1,4,4,1,1,1,2,0,1,0,1,0,0,0,1.0,157,29,5.413793103448276
0,4,0,0,1,0,3,1,0,1,0,0,0,0,1,0,11,0,1.0,196,38,5.157894736842105
0,1,3,0,2,3,0,0,1,0,0,0,0,0,2,0,0,0,3.0,96,15,6.4
1,2,2,0,1,0,1,1,1,0,2,2,0,0,4,0,0,0,7.0,252,48,5.25
1,4,2,0,1,0,0,0,1,1,0,2,0,0,2,0,0,0,6.0,851,161,5.285714285714286
0,24,1,0,1,0,6,1,1,1,2,2,2,0,1,250,3,0,2.0,346,55,6.290909090909091
1,2,2,0,0,1,0,0,1,0,0,0,0,0,1,0,3,0,1.0,107,22,4.863636363636363
1,3,2,0,1,1,3,1,1,2,1,2,1,0,2,0,0,0,4.0,116,16,7.25
1,12,9,0,1,0,0,0,0,2,2,2,0,0,1,650,0,0,2.0,382,69,5.536231884057971
1,12,2,0,1,1,2,0,1,0,1,1,1,0,1,0,0,0,3.0,437,82,5.329268292682927
0,24,3,0,2,0,6,1,0,0,0,0,2,0,6,0,2,0,4.0,274,50,5.48
1,2,2,3,0,0,1,5,0,1,2,2,0,0,1,0,0,0,5.0,390,75,5.2
1,12,2,33,2,0,1,2,1,1,2,2,1,0,3,0,1,0,2.0,1702,289,5.889273356401384
1,4,2,3,1,1,5,2,1,0,2,2,0,0,1,0,0,0,3.0,328,59,5.559322033898305
1,2,2,0,0,0,1,0,1,0,0,2,0,0,1,0,0,0,1.0,184,41,4.487804878048781
0,10,3,0,1,1,6,1,0,0,2,2,0,0,1,0,1,0,4.0,187,40,4.675
1,2,2,0,1,0,1,0,1,0,0,2,0,0,1,200,5,0,4.0,1292,244,5.295081967213115
1,1,2,0,2,0,1,0,0,1,0,0,2,0,2,0,9,0,3.0,329,64,5.140625
0,1,3,0,1,0,1,5,0,0,0,2,0,0,1,0,0,0,4.0,1498,315,4.7555555555555555
1,2,2,0,2,0,1,1,1,0,0,0,0,0,6,0,1,0,1.0,276,50,5.52
0,4,10,26,1,3,0,0,1,0,2,2,0,0,2,0,0,0,4.0,373,74,5.04054054054054
1,15,2,0,0,1,2,0,2,0,0,0,0,0,1,0,0,0,2.0,262,47,5.574468085106383
1,3,2,0,1,0,1,0,1,1,0,0,0,0,1,0,1,0,3.0,79,14,5.642857142857143
0,1,1,0,1,3,0,0,1,1,0,0,0,0,1,0,0,0,3.0,236,47,5.0212765957446805
1,2,2,7,2,0,1,1,1,0,0,0,0,0,3,0,0,0,5.0,588,111,5.297297297297297
1,1,2,0,1,1,2,0,1,0,0,0,0,0,1,0,0,0,1.0,75,11,6.818181818181818
1,6,2,3,0,0,1,0,1,0,2,2,0,0,1,0,3,0,1.0,670,122,5.491803278688525
1,8,2,0,1,5,2,0,1,2,2,2,2,0,1,0,6,0,4.0,97,20,4.85
1,3,2,0,1,1,2,0,1,1,0,0,0,0,1,0,0,0,5.0,485,88,5.511363636363637
0,3,3,9,0,0,3,1,1,0,2,2,0,0,1,0,0,1,4.0,630,112,5.625
1,30,2,0,0,0,1,1,1,0,1,1,1,2,1,0,0,0,6.0,745,151,4.933774834437086
1,24,28,0,1,0,1,1,1,0,2,2,0,0,1,100,0,0,0.0,209,41,5.097560975609756
1,2,2,3,0,1,0,0,1,1,0,2,0,0,1,0,0,0,2.0,14,3,4.666666666666667
1,1,2,0,1,0,5,0,1,1,0,0,0,0,2,0,1,1,6.0,136,23,5.913043478260869
1,2,2,0,0,1,2,0,0,0,0,0,0,0,1,0,1,0,2.0,1322,271,4.878228782287823
1,8,2,0,1,1,4,0,1,0,2,2,2,0,1,0,1,0,8.0,83,14,5.928571428571429
0,2,3,0,2,4,0,0,0,0,0,0,0,0,3,0,1,0,13.0,299,54,5.537037037037037
0,3,30,0,1,5,2,0,1,0,1,1,1,0,1,0,0,0,3.0,49,9,5.444444444444445
0,2,4,9,1,2,2,0,1,1,0,0,0,0,1,80,0,0,5.0,256,50,5.12
1,2,2,0,1,0,1,1,1,1,2,0,0,0,1,0,3,0,1.0,218,36,6.055555555555555
1,29,57,0,1,0,1,1,2,0,2,2,0,0,1,1,0,0,0.0,144,24,6.0
0,6,1,44,1,0,1,0,0,1,1,1,1,0,3,0,0,0,0.0,9,1,9.0
1,24,2,3,2,0,1,0,1,0,0,0,2,0,2,0,0,0,0.0,876,167,5.245508982035928
1,2,2,0,1,0,5,0,1,0,0,2,0,0,1,0,1,0,4.0,347,60,5.783333333333333
0,2,3,0,0,6,0,0,0,0,0,0,0,0,1,0,0,0,1.0,191,43,4.441860465116279
1,2,2,0,1,0,0,0,1,0,0,0,0,0,1,20,3,0,1.0,144,25,5.76
0,6,4,6,2,0,3,1,1,1,0,0,0,0,3,0,1,0,5.0,185,34,5.4411764705882355
0,2,1,0,1,0,5,1,0,1,0,2,0,0,1,0,1,0,5.0,578,113,5.115044247787611
0,4,1,0,0,0,1,2,0,1,1,1,1,0,1,0,0,0,2.0,900,178,5.056179775280899
1,3,2,0,1,0,0,0,1,0,0,2,0,0,1,50,3,0,4.0,316,59,5.3559322033898304
1,48,2,0,1,2,2,0,2,0,2,2,2,0,1,0,0,0,2.0,232,45,5.155555555555556
1,12,2,0,1,0,0,0,0,0,2,2,2,0,1,0,0,0,4.0,178,33,5.393939393939394
1,3,2,0,1,2,2,0,1,1,0,0,0,0,1,0,0,0,6.0,379,71,5.338028169014085
0,2,3,0,2,0,3,1,1,0,0,2,0,0,2,0,1,0,15.0,155,23,6.739130434782608
1,108,9,0,1,3,0,0,0,1,2,2,2,0,1,200,0,0,2.0,209,39,5.358974358974359
0,12,3,0,1,1,4,1,1,0,0,0,0,0,1,0,0,3,11.0,241,49,4.918367346938775
0,6,3,0,0,2,2,0,1,0,2,2,0,0,1,0,0,0,4.0,16,3,5.333333333333333
0,8,3,0,1,0,2,0,1,0,2,2,2,0,1,10,3,0,2.0,657,116,5.663793103448276
1,0,2,0,1,1,2,0,1,0,2,2,0,0,1,0,0,0,1.0,405,74,5.472972972972973
1,2,2,3,0,4,2,0,1,1,2,2,0,0,1,0,0,0,2.0,12,2,6.0
0,4,1,0,1,0,3,1,1,1,0,2,1,0,1,0,0,0,4.0,137,22,6.2272727272727275
0,3,3,9,1,0,5,1,0,0,0,2,0,0,1,0,1,0,5.0,224,41,5.463414634146342
0,12,3,0,0,4,2,0,1,0,0,0,1,0,1,0,1,0,2.0,107,20,5.35
0,24,3,9,1,3,0,0,2,0,2,2,2,0,1,0,0,0,9.0,367,72,5.097222222222222
0,12,1,0,0,3,2,0,1,1,2,2,0,0,1,0,0,0,3.0,346,63,5.492063492063492
1,2,2,0,1,1,0,0,1,0,0,2,0,0,1,5,3,0,1.0,163,24,6.791666666666667
1,4,2,0,1,1,2,0,1,0,2,2,2,0,1,0,2,0,3.0,371,66,5.621212121212121
1,2,2,3,0,1,2,0,1,0,0,0,0,0,1,0,0,0,3.0,208,44,4.7272727272727275
1,24,2,0,1,0,1,2,1,0,2,2,2,0,1,50,3,0,4.0,239,45,5.311111111111111
0,1,1,0,1,5,2,0,0,1,0,0,0,0,1,0,1,0,2.0,23,4,5.75
1,2,2,0,2,0,1,1,1,0,0,2,0,0,3,0,1,0,4.0,584,112,5.214285714285714
1,96,19,21,0,1,3,0,1,1,2,1,1,0,1,0,1,0,3.0,74,15,4.933333333333334
0,24,61,0,1,1,3,0,2,2,0,2,0,0,1,0,1,0,1.0,59,9,6.555555555555555
0,2,3,0,2,0,4,3,0,0,2,2,0,0,2,80,1,0,15.0,1723,283,6.088339222614841
1,3,2,0,1,0,2,0,1,0,0,0,0,0,1,0,0,0,5.0,350,71,4.929577464788732
0,2,1,6,2,0,1,0,0,0,0,0,0,0,4,0,0,0,5.0,387,67,5.776119402985074
1,96,25,0,0,0,2,0,2,0,2,2,0,1,1,0,0,0,1.0,215,37,5.8108108108108105
1,1,2,0,0,0,3,1,1,1,0,0,1,0,1,250,0,0,1.0,45,8,5.625
1,24,2,0,0,1,2,0,1,0,2,2,0,0,1,0,1,0,2.0,190,36,5.277777777777778
1,3,2,0,1,0,1,0,1,1,0,0,0,0,1,0,0,0,0.0,216,35,6.171428571428572
0,15,120,0,1,0,1,1,0,1,0,0,0,0,1,0,0,0,5.0,206,44,4.681818181818182
0,24,3,0,1,0,5,1,1,0,2,2,2,0,1,0,0,0,4.0,202,37,5.45945945945946
0,3,10,9,1,2,3,0,0,0,0,0,0,0,1,0,0,0,14.0,525,110,4.7727272727272725
1,2,2,0,1,1,2,0,1,0,0,2,0,0,1,0,3,0,1.0,226,41,5.512195121951219
0,2,3,0,1,0,5,1,0,0,0,0,0,0,1,0,0,0,11.0,332,62,5.354838709677419
1,8,2,0,0,0,1,2,1,1,2,2,2,0,2,0,0,0,1.0,315,61,5.163934426229508
1,3,2,0,1,0,1,0,1,0,0,0,0,0,2,0,0,0,2.0,120,23,5.217391304347826
0,2,1,0,0,1,5,1,0,1,0,1,0,0,1,0,0,0,5.0,62,7,8.857142857142858
1,84,104,0,2,0,6,0,0,1,2,2,2,0,2,0,0,0,1.0,235,44,5.340909090909091
1,4,2,0,1,1,0,0,2,0,0,0,0,0,2,0,0,0,2.0,146,24,6.083333333333333
1,2,2,0,2,0,1,2,1,0,0,0,0,0,2,0,0,0,4.0,645,119,5.420168067226891
1,24,2,0,0,1,0,0,1,0,2,2,2,0,1,0,0,0,5.0,369,69,5.3478260869565215
1,2,2,0,1,1,2,0,1,0,0,0,0,0,1,20,3,0,1.0,144,25,5.76
1,2,2,3,1,1,0,0,1,1,0,2,0,0,1,0,0,0,4.0,12,2,6.0
1,4,2,0,1,1,2,0,1,0,2,2,0,0,1,50,0,0,1.0,147,24,6.125
0,8,3,0,1,5,2,0,0,0,0,0,0,0,1,0,1,1,13.0,262,49,5.346938775510204
1,1,2,36,1,0,1,0,2,1,2,2,0,0,1,0,0,0,3.0,316,53,5.962264150943396
0,3,3,0,0,0,3,1,1,0,0,2,0,0,1,0,0,0,1.0,418,79,5.291139240506329
1,24,2,0,0,0,1,0,2,1,1,1,0,0,1,0,1,0,5.0,491,92,5.336956521739131
1,3,2,3,2,0,1,0,1,1,0,0,0,0,6,0,1,0,5.0,420,80,5.25
1,3,2,0,1,0,1,0,1,0,0,2,0,0,1,0,0,0,4.0,270,50,5.4
1,2,2,3,0,1,5,2,0,0,2,2,0,0,1,0,2,0,2.0,44,7,6.285714285714286
0,6,3,0,0,1,0,0,1,0,2,2,0,0,1,0,0,0,4.0,610,104,5.865384615384615
0,2,3,0,2,0,1,0,1,0,0,2,0,0,2,0,0,0,3.0,415,78,5.32051282051282
0,2,3,0,0,4,0,0,0,0,0,0,0,0,1,0,0,0,5.0,60,8,7.5
1,2,2,0,0,1,2,0,1,0,2,2,0,0,1,0,0,0,3.0,377,76,4.9605263157894735
1,1,2,3,0,0,1,1,0,0,0,0,0,0,3,0,0,0,5.0,306,63,4.857142857142857
0,1,36,0,2,0,1,0,0,0,0,0,0,0,3,0,0,0,4.0,138,24,5.75
1,2,2,3,1,1,2,0,0,0,1,1,1,0,1,0,0,0,2.0,20,3,6.666666666666667
1,1,2,3,0,1,0,0,1,1,0,0,0,0,1,0,1,0,3.0,70,13,5.384615384615385
1,11,2,31,0,0,1,0,1,1,1,1,1,0,1,0,0,0,4.0,181,35,5.171428571428572
1,2,2,0,0,0,0,0,1,1,2,2,0,0,1,0,1,0,3.0,334,66,5.0606060606060606
0,12,7,0,1,2,3,1,1,2,0,0,0,0,1,0,0,0,3.0,47,10,4.7
1,2,2,0,1,0,1,1,1,0,0,0,0,0,1,20,3,0,1.0,201,32,6.28125
1,96,9,0,1,2,2,0,1,1,2,2,2,0,1,0,1,0,4.0,128,22,5.818181818181818
0,2,0,9,1,0,3,0,0,0,2,2,0,0,1,0,3,1,5.0,936,175,5.348571428571429
0,24,3,0,1,3,2,0,0,0,2,2,1,0,1,0,1,0,3.0,221,38,5.815789473684211
0,5,26,0,1,0,1,1,0,0,2,2,2,0,1,200,5,0,6.0,1240,233,5.3218884120171674
1,17,19,0,1,3,2,0,0,1,1,2,2,0,1,0,0,0,4.0,371,68,5.455882352941177
0,8,1,0,2,1,4,3,2,1,2,2,0,0,2,100,3,0,3.0,102,18,5.666666666666667
1,10,2,3,0,1,2,0,1,0,2,2,0,0,1,0,1,0,13.0,344,63,5.4603174603174605
1,2,2,3,0,1,0,0,1,1,0,0,0,0,2,0,0,0,4.0,723,132,5.4772727272727275
0,4,3,0,1,0,1,0,1,1,0,2,0,0,1,0,0,0,2.0,585,103,5.679611650485437
0,24,1,6,2,1,5,1,1,1,2,1,1,0,6,0,0,0,5.0,90,15,6.0
1,2,53,42,2,1,2,0,0,0,2,2,0,0,2,0,3,0,5.0,515,100,5.15
1,4,5,104,1,0,1,1,1,0,0,2,0,0,1,0,0,0,5.0,308,53,5.811320754716981
0,2,3,0,0,0,2,0,0,0,0,0,0,0,1,0,0,0,4.0,487,90,5.411111111111111
1,3,2,0,2,0,1,0,0,0,0,0,0,0,14,0,1,0,0.0,4,1,4.0
1,1,20,11,2,0,1,1,1,1,2,2,0,0,7,200,0,0,11.0,244,45,5.4222222222222225
1,2,2,0,0,0,1,1,0,1,2,2,0,0,1,0,0,0,5.0,422,60,7.033333333333333
0,18,3,0,1,5,2,0,1,0,0,0,0,0,1,0,0,0,3.0,182,34,5.352941176470588
0,6,3,0,1,0,3,1,1,0,0,2,2,0,1,0,0,0,5.0,417,76,5.4868421052631575
1,4,2,0,1,5,2,0,0,0,0,0,0,0,1,20,3,0,1.0,113,19,5.947368421052632
1,24,2,0,0,0,2,0,1,0,2,2,2,0,1,0,1,0,2.0,105,17,6.176470588235294
0,4,3,9,0,3,2,0,1,0,0,2,0,0,1,0,0,0,5.0,527,110,4.790909090909091
1,24,2,0,1,2,2,0,1,1,2,2,2,0,20,0,9,0,1.0,79,16,4.9375
0,2,3,0,1,0,3,1,1,0,1,2,1,0,1,0,1,0,1.0,44,9,4.888888888888889
1,48,8,0,0,0,1,0,2,0,2,2,1,0,1,0,0,0,6.0,338,64,5.28125
0,2,3,0,1,0,1,1,1,0,2,2,0,0,1,80,1,0,2.0,629,115,5.469565217391304
0,7,10,0,0,5,2,0,2,1,0,2,1,0,1,0,0,0,1.0,98,17,5.764705882352941
1,5,2,0,0,1,2,0,1,0,2,2,2,0,1,0,0,0,5.0,206,34,6.0588235294117645
0,1,3,0,0,0,2,0,0,0,0,0,0,0,1,0,1,0,4.0,216,46,4.695652173913044
0,1,3,0,0,6,0,0,1,0,0,0,0,0,1,0,0,0,7.0,595,96,6.197916666666667
0,2,105,8,1,3,0,0,1,1,0,0,0,0,1,0,0,0,4.0,85,14,6.071428571428571
0,1,24,26,2,0,6,0,1,0,0,2,0,0,3,0,1,0,5.0,1978,346,5.716763005780347
0,8,3,0,0,6,0,0,1,0,0,0,0,0,1,20,1,0,2.0,47,8,5.875
1,2,2,0,1,0,1,0,1,0,1,1,0,0,1,0,0,0,1.0,103,16,6.4375
0,1,3,0,2,0,1,1,0,1,0,2,0,0,4,0,3,0,5.0,180,38,4.7368421052631575
1,1,2,0,2,0,1,0,1,0,2,2,0,0,5,0,0,0,5.0,74,14,5.285714285714286
1,2,2,0,0,1,0,0,1,0,2,2,0,0,1,0,0,0,5.0,150,27,5.555555555555555
0,2,1,0,0,3,2,0,0,1,0,0,0,0,1,0,0,0,3.0,268,51,5.254901960784314
0,1,3,0,2,1,3,1,1,1,1,1,1,0,3,0,1,0,5.0,340,61,5.573770491803279
1,24,20,0,0,4,2,0,2,2,2,2,2,0,1,0,0,0,2.0,364,68,5.352941176470588
1,15,44,0,0,1,0,0,0,0,2,2,0,0,1,0,0,0,3.0,115,21,5.476190476190476
1,8,2,0,0,0,1,0,1,0,0,0,0,0,1,0,0,0,2.0,130,21,6.190476190476191
1,5,19,0,0,3,2,0,0,0,2,2,0,0,1,0,1,0,2.0,482,102,4.7254901960784315
1,1,2,0,0,0,1,0,1,1,2,1,0,0,1,0,0,0,1.0,85,16,5.3125
0,5,3,0,1,0,2,0,1,1,2,2,2,0,1,0,5,1,4.0,154,30,5.133333333333334
1,2,2,0,0,0,0,0,1,0,1,1,0,0,1,0,0,0,2.0,88,16,5.5
1,24,20,0,1,6,2,0,2,1,1,1,0,0,1,400,0,0,1.0,548,95,5.768421052631579
0,2,29,0,0,5,2,0,1,0,0,2,0,0,2,0,0,0,4.0,72,12,6.0
0,1,3,0,2,3,0,0,1,1,0,0,0,0,5,0,1,0,11.0,232,37,6.27027027027027
0,14,7,0,0,4,0,0,1,1,1,1,1,0,1,0,1,0,4.0,119,17,7.0
1,28,21,0,0,0,0,0,2,1,2,2,1,0,1,50,0,0,2.0,304,64,4.75
0,1,3,0,0,6,0,0,1,0,0,2,0,0,1,0,0,0,10.0,527,102,5.166666666666667
1,122,9,0,0,1,0,0,0,0,2,2,0,0,1,0,0,0,2.0,85,15,5.666666666666667
1,84,71,24,1,5,2,0,0,1,2,2,2,0,1,0,0,0,2.0,356,54,6.592592592592593
0,48,3,0,0,4,0,0,1,1,0,0,0,0,1,0,0,0,3.0,540,100,5.4
1,2,2,0,0,2,2,0,1,0,0,2,0,0,1,150,0,0,16.0,226,44,5.136363636363637
0,1,3,0,2,1,5,0,1,0,2,2,0,0,4,0,3,0,4.0,454,83,5.469879518072289
1,2,2,0,2,0,1,1,1,0,0,0,0,0,7,0,0,0,3.0,335,55,6.090909090909091
1,9,2,0,1,0,1,1,1,1,2,2,2,0,1,0,2,1,3.0,582,120,4.85
0,4,3,0,2,6,3,1,1,1,2,2,0,0,2,0,0,0,4.0,198,38,5.2105263157894735
1,1,2,0,0,0,1,0,1,0,0,0,0,0,1,0,0,0,1.0,599,124,4.830645161290323
0,11,3,0,0,0,0,0,1,0,2,2,2,0,1,0,1,0,3.0,136,27,5.037037037037037
1,1,2,0,1,0,1,2,1,1,0,0,0,0,1,0,1,0,2.0,75,16,4.6875
1,123,28,0,1,0,5,1,1,0,2,2,2,0,1,0,0,0,3.0,79,16,4.9375
1,2,2,0,0,1,2,0,1,1,2,2,0,0,1,0,1,0,4.0,202,45,4.488888888888889
1,6,2,0,0,1,2,0,0,0,2,2,0,0,1,0,0,0,2.0,71,15,4.733333333333333
1,3,2,0,1,1,2,0,1,1,1,2,0,0,1,100,1,0,7.0,72,15,4.8
0,2,3,0,1,2,0,0,0,0,0,2,0,0,1,0,1,0,1.0,241,45,5.355555555555555
0,2,3,0,2,6,0,0,0,0,0,2,0,0,2,0,0,0,5.0,238,45,5.288888888888889
1,2,2,0,2,1,4,0,1,0,0,2,0,0,5,0,0,0,7.0,535,101,5.297029702970297
1,2,2,0,0,2,2,0,1,0,2,2,0,0,1,0,1,0,3.0,155,26,5.961538461538462
1,1,2,0,1,1,4,1,1,0,0,2,0,0,3,0,0,0,9.0,586,116,5.051724137931035
0,1,61,1,2,0,4,3,0,2,0,0,0,0,3,0,1,0,0.0,1070,216,4.953703703703703
0,3,3,0,1,4,5,1,0,1,0,0,0,0,1,0,9,0,4.0,264,59,4.47457627118644
1,2,2,31,1,0,1,1,1,1,2,2,2,0,1,10,0,0,2.0,63,10,6.3
1,12,2,0,1,1,2,0,0,1,2,2,0,0,1,80,0,0,4.0,400,79,5.063291139240507
1,3,2,0,1,2,2,0,1,1,0,0,0,0,1,0,0,0,10.0,543,103,5.271844660194175
0,2,3,0,1,6,2,0,2,0,0,2,0,0,1,0,0,0,2.0,348,70,4.9714285714285715
0,1,3,0,2,1,6,4,1,0,0,0,0,0,7,0,1,0,5.0,39,7,5.571428571428571
0,3,1,0,1,4,5,0,0,1,2,2,2,0,1,0,0,0,5.0,132,22,6.0
0,5,3,0,1,0,3,0,0,0,0,0,0,0,1,0,0,0,5.0,265,54,4.907407407407407
1,2,2,0,1,0,1,0,1,0,1,1,0,0,1,0,0,0,2.0,105,17,6.176470588235294
0,1,3,0,1,1,0,0,1,0,1,1,0,0,1,0,0,0,3.0,89,16,5.5625
0,1,3,0,2,0,5,1,1,0,0,0,0,0,3,0,0,0,1.0,225,36,6.25
0,4,3,0,1,0,5,1,1,0,0,2,0,0,1,30,0,0,1.0,389,73,5.328767123287672
1,72,9,0,1,1,6,1,1,1,1,1,0,0,1,0,1,0,7.0,621,105,5.914285714285715
1,4,2,0,1,0,1,1,1,0,2,2,0,0,1,0,0,0,4.0,47,6,7.833333333333333
0,4,0,16,1,3,0,0,0,1,0,0,0,0,1,0,0,0,5.0,93,19,4.894736842105263
0,3,36,48,0,4,4,1,1,0,0,0,0,0,1,0,0,0,3.0,886,167,5.3053892215568865
0,4,26,0,1,0,1,1,1,1,0,2,0,0,1,50,1,0,3.0,1269,238,5.331932773109243
1,0,2,0,2,0,1,1,1,0,0,0,0,0,5,0,3,0,8.0,620,119,5.2100840336134455
0,4,3,0,1,0,5,1,0,0,2,2,0,0,1,0,3,0,5.0,1400,272,5.147058823529412
0,2,24,9,1,0,6,2,0,0,0,2,0,0,1,0,0,0,10.0,227,38,5.973684210526316
1,24,19,21,0,3,0,0,0,1,1,1,2,0,1,0,0,0,10.0,272,54,5.037037037037037
0,3,3,0,0,2,2,0,1,0,2,2,2,0,1,50,1,0,12.0,1173,213,5.507042253521127
1,3,2,11,0,4,2,0,2,0,2,2,0,0,1,0,0,0,4.0,46,8,5.75
1,1,2,0,1,1,2,0,0,0,0,0,1,0,3,0,5,0,2.0,29,5,5.8
0,48,30,44,1,0,0,0,1,0,2,2,2,0,1,0,1,0,1.0,280,56,5.0
0,12,3,6,2,1,6,1,1,0,0,2,2,0,2,0,5,0,5.0,246,47,5.23404255319149
1,3,5,3,0,1,0,0,1,0,0,0,0,0,1,0,0,0,2.0,276,50,5.52
0,7,3,0,0,0,1,0,1,0,0,0,0,1,1,0,1,1,5.0,597,110,5.427272727272728
1,2,2,0,1,0,1,0,1,0,0,0,0,0,1,0,0,0,6.0,171,34,5.029411764705882
0,2,3,0,2,1,6,4,0,1,0,0,0,0,3,0,0,0,1.0,591,106,5.5754716981132075
0,2,3,0,0,1,6,0,0,0,0,0,0,0,2,0,0,0,5.0,160,30,5.333333333333333
0,3,1,26,0,6,4,1,0,1,0,0,2,0,1,0,1,0,5.0,12,3,4.0
0,3,1,9,1,0,1,4,1,1,0,2,0,0,2,0,3,0,4.0,237,46,5.1521739130434785
1,3,2,33,1,0,6,0,1,1,2,2,0,0,1,0,0,0,7.0,105,16,6.5625
0,30,1,0,1,2,3,1,1,1,2,2,2,0,1,1,0,0,1.0,156,28,5.571428571428571
1,12,156,11,0,1,0,0,1,1,2,2,2,0,1,0,0,0,10.0,382,77,4.961038961038961
0,6,3,0,0,4,0,0,1,0,0,2,0,0,1,30,0,0,1.0,318,57,5.578947368421052
1,8,2,50,1,0,1,0,1,0,2,2,2,0,1,0,0,0,3.0,295,52,5.673076923076923
0,2,3,26,2,0,2,0,1,0,0,0,0,0,2,0,0,0,1.0,138,21,6.571428571428571
0,3,0,0,1,0,1,0,0,0,0,2,0,0,1,0,1,0,5.0,262,37,7.081081081081081
0,3,3,0,0,0,0,0,1,0,0,2,0,0,1,50,1,0,7.0,813,152,5.348684210526316
1,13,2,0,1,1,2,0,1,0,2,2,2,0,1,0,1,0,6.0,59,14,4.214285714285714
1,6,2,0,1,0,1,5,0,1,1,1,1,0,1,0,1,1,5.0,278,53,5.245283018867925
0,3,1,0,0,1,0,0,0,1,2,2,1,0,1,0,1,0,1.0,509,91,5.593406593406593
0,8,3,0,0,1,2,0,1,0,1,1,1,0,2,0,0,0,1.0,263,46,5.717391304347826
1,2,70,3,1,0,1,0,1,0,1,1,0,0,1,0,0,0,3.0,134,25,5.36
1,3,23,3,1,0,1,0,1,1,0,2,0,0,1,200,0,0,2.0,472,74,6.378378378378378
0,4,10,44,0,2,0,0,1,1,0,2,0,0,1,50,2,0,2.0,84,14,6.0
1,3,14,33,0,1,2,0,1,0,1,1,1,0,1,0,3,0,2.0,629,121,5.198347107438017
1,3,2,0,1,2,2,0,1,2,0,2,0,0,1,200,5,0,11.0,2100,392,5.357142857142857
0,12,3,0,1,6,3,0,1,0,2,2,2,0,1,0,1,0,1.0,229,43,5.325581395348837
0,2,3,0,2,6,4,1,0,0,2,2,0,0,4,0,1,0,1.0,382,74,5.162162162162162
0,3,3,0,0,4,2,0,1,0,0,2,0,0,1,0,0,0,1.0,361,58,6.224137931034483
1,1,2,0,1,2,2,0,1,0,0,0,0,0,1,0,0,0,1.0,534,104,5.134615384615385
1,7,2,0,1,1,3,1,0,0,2,2,2,0,3,100,1,0,4.0,483,92,5.25
0,1,1,0,1,0,1,5,2,1,0,2,0,0,1,0,0,0,12.0,804,156,5.153846153846154
0,2,3,0,1,1,5,2,0,0,0,0,0,0,1,0,1,0,5.0,914,167,5.473053892215569
1,3,2,0,0,0,5,0,0,0,1,1,2,0,1,1,0,0,3.0,32,6,5.333333333333333
1,5,25,3,0,0,1,0,1,0,2,2,2,0,1,0,0,0,6.0,388,73,5.315068493150685
1,3,2,31,1,0,1,0,1,1,2,2,0,0,1,0,0,0,5.0,14,3,4.666666666666667
1,51,9,0,1,1,0,0,1,0,2,2,2,0,1,188,0,0,2.0,415,71,5.845070422535211
1,63,8,3,1,0,1,0,2,0,1,2,2,0,1,0,0,0,5.0,306,58,5.275862068965517
1,1,2,0,1,0,1,1,1,0,0,0,0,0,5,10,1,0,5.0,378,65,5.815384615384615
1,2,2,0,1,0,0,0,1,1,0,0,0,0,1,0,3,0,1.0,622,120,5.183333333333334
1,2,2,0,1,2,0,0,1,1,0,2,0,0,1,0,3,0,3.0,182,26,7.0
0,48,0,0,0,0,1,5,1,1,2,2,2,0,1,0,1,0,5.0,707,140,5.05
0,96,7,8,1,3,0,0,1,1,2,2,2,0,2,0,1,0,5.0,714,138,5.173913043478261
1,6,2,0,1,0,1,0,1,0,0,2,0,0,1,0,1,0,2.0,428,79,5.417721518987341
0,5,3,0,1,0,2,0,0,0,0,2,0,0,1,0,0,0,2.0,316,61,5.180327868852459
1,5,2,0,0,1,4,0,1,0,2,2,0,0,1,0,0,0,5.0,368,67,5.492537313432836
1,2,2,0,2,6,4,0,1,0,0,0,0,0,4,0,3,0,4.0,308,52,5.923076923076923
0,3,3,0,0,4,5,0,0,0,1,1,1,0,1,0,1,0,4.0,34,6,5.666666666666667
1,72,5,33,0,2,0,0,1,1,2,2,0,0,1,0,1,0,1.0,416,72,5.777777777777778
1,2,2,0,0,0,0,0,1,1,0,2,0,0,1,0,3,0,1.0,122,19,6.421052631578948
0,48,0,114,2,3,2,0,1,0,2,2,2,0,2,0,0,0,5.0,1335,252,5.2976190476190474
0,24,81,47,2,0,1,1,1,1,1,1,1,0,5,0,5,0,0.0,43,9,4.777777777777778
0,1,1,0,0,6,4,0,1,1,0,0,0,0,1,0,0,0,9.0,229,50,4.58
1,1,2,0,2,0,1,0,0,0,0,2,0,0,5,0,0,0,7.0,376,67,5.611940298507463
0,2,10,8,2,0,0,0,1,1,0,0,0,0,2,0,0,0,5.0,471,79,5.962025316455696
0,12,1,0,0,0,1,1,2,1,2,2,2,0,1,0,0,0,12.0,84,18,4.666666666666667
1,4,2,3,1,5,2,0,1,0,2,2,0,0,1,0,1,0,3.0,144,31,4.645161290322581
0,2,1,0,1,1,3,1,1,1,0,0,0,0,1,0,0,0,4.0,190,32,5.9375
1,12,2,0,0,0,1,0,1,0,2,2,2,0,1,0,1,0,1.0,50,9,5.555555555555555
0,12,0,0,0,0,3,0,1,0,0,2,0,0,1,0,0,0,3.0,8,1,8.0
1,8,2,3,1,3,2,0,1,0,2,2,2,0,1,0,0,0,4.0,141,4,35.25
0,3,3,26,0,0,1,0,0,0,0,0,2,0,1,0,0,0,3.0,15,2,7.5
1,1,2,0,0,1,0,0,1,0,2,2,0,0,1,0,0,0,10.0,393,69,5.695652173913044
0,4,3,0,0,4,0,0,1,0,0,2,0,0,1,30,0,0,1.0,388,70,5.542857142857143
0,3,3,0,2,2,3,1,1,0,0,0,0,0,4,0,9,0,4.0,162,31,5.225806451612903
1,1,2,38,2,0,1,4,1,1,0,0,0,0,6,50,1,0,5.0,127,23,5.521739130434782
1,5,2,0,1,0,2,0,0,0,0,0,0,0,1,0,0,0,5.0,211,39,5.410256410256411
0,1,26,0,1,0,1,1,0,0,0,0,0,0,1,0,0,0,7.0,147,26,5.653846153846154
0,1,30,0,1,3,0,0,1,0,0,0,0,0,1,0,0,0,1.0,233,38,6.131578947368421
1,39,9,0,1,1,6,1,1,2,2,2,0,0,1,250,1,0,2.0,102,17,6.0
1,1,2,3,0,1,2,0,1,1,0,2,0,0,1,0,0,0,1.0,14,3,4.666666666666667
0,3,0,0,1,1,4,1,1,0,0,2,0,0,2,0,0,0,6.0,161,30,5.366666666666666
0,2,1,0,0,0,4,3,2,1,2,2,2,0,1,0,0,0,1.0,26,4,6.5
1,1,2,0,1,2,2,0,1,0,0,0,0,0,1,0,0,0,1.0,75,11,6.818181818181818
1,96,19,0,0,3,2,0,0,1,2,2,0,0,1,0,0,0,1.0,96,17,5.647058823529412
1,4,2,3,0,0,1,1,1,0,0,2,0,0,1,0,3,0,2.0,144,31,4.645161290322581
1,1,2,0,1,1,0,0,1,0,2,2,0,0,1,0,0,0,1.0,221,40,5.525
1,13,2,50,1,0,1,1,1,0,2,2,2,0,1,0,3,0,5.0,358,77,4.64935064935065
1,2,2,3,1,2,2,0,1,1,0,2,0,0,1,0,0,0,8.0,12,2,6.0
1,12,2,0,0,0,1,1,1,1,2,2,2,0,1,0,0,0,6.0,838,146,5.739726027397261
0,2,1,0,1,0,1,4,1,0,0,2,1,0,1,0,0,0,5.0,1111,178,6.241573033707865
1,1,2,3,1,1,2,0,1,0,0,0,2,0,1,0,0,0,3.0,73,12,6.083333333333333
1,24,14,3,0,1,2,0,2,0,2,2,2,0,1,0,2,0,5.0,424,75,5.653333333333333
0,2,1,0,1,1,2,0,2,1,0,2,1,0,1,0,0,0,2.0,286,47,6.085106382978723
1,12,2,0,0,0,1,0,1,0,1,1,1,0,1,0,2,0,5.0,518,104,4.980769230769231
0,6,36,23,1,1,3,1,0,0,0,2,0,0,2,0,0,0,1.0,554,116,4.775862068965517
0,8,4,6,2,1,5,2,2,2,1,1,1,0,6,100,0,0,0.0,586,122,4.80327868852459
1,24,2,3,0,5,2,0,1,0,0,0,1,1,2,0,0,0,3.0,587,108,5.435185185185185
0,4,1,0,1,0,0,0,1,1,0,2,0,0,1,0,7,0,10.0,1802,350,5.148571428571429
0,2,1,0,1,5,2,0,0,1,0,0,0,0,1,10,0,0,1.0,207,33,6.2727272727272725
0,1,3,0,1,3,0,0,1,1,0,0,0,0,1,0,0,0,5.0,427,82,5.2073170731707314
0,1,30,0,0,2,2,0,0,0,0,0,0,0,1,0,0,0,1.0,38,8,4.75
1,3,2,0,1,0,1,0,1,1,2,2,0,0,1,0,0,0,2.0,204,44,4.636363636363637
0,3,3,0,1,0,3,1,1,0,0,2,0,0,1,0,0,0,4.0,231,43,5.372093023255814
0,2,4,0,1,0,6,1,1,2,0,0,0,0,4,0,9,0,5.0,201,38,5.2894736842105265
0,6,0,0,0,3,2,0,1,0,0,2,0,0,1,0,1,0,4.0,288,56,5.142857142857143
0,1,0,0,2,0,5,0,0,0,0,0,0,0,2,0,5,0,7.0,228,38,6.0
1,7,2,0,1,1,0,0,1,0,2,2,2,0,1,110,0,0,5.0,134,22,6.090909090909091
1,48,66,0,0,4,2,0,0,1,2,2,0,0,1,0,1,0,1.0,98,18,5.444444444444445
1,3,2,0,1,1,0,0,1,0,2,2,2,0,1,0,0,0,6.0,104,17,6.117647058823529
0,2,3,0,0,6,4,0,0,0,0,0,0,0,1,0,0,0,4.0,519,99,5.242424242424242
0,2,1,1,2,6,2,0,2,2,0,0,0,0,4,0,1,0,3.0,22,3,7.333333333333333
0,7,1,0,1,3,0,0,1,1,2,2,2,0,1,0,0,0,3.0,679,117,5.803418803418803
0,2,3,0,1,0,4,1,0,0,0,0,0,0,1,0,0,2,5.0,313,59,5.305084745762712
1,2,2,0,1,0,4,0,1,0,2,2,0,0,1,0,1,0,5.0,470,83,5.662650602409639
0,5,3,0,1,5,2,0,1,0,0,2,0,0,1,0,1,0,3.0,1276,239,5.338912133891213
0,3,7,6,1,4,2,0,2,1,0,2,0,0,1,150,0,0,7.0,620,108,5.7407407407407405
1,1,2,36,1,0,1,0,2,1,2,2,0,0,1,0,0,0,3.0,316,53,5.962264150943396
0,1,3,0,2,0,4,1,1,0,0,0,0,0,2,0,0,0,2.0,69,14,4.928571428571429
0,2,3,0,0,0,0,0,0,0,0,0,0,0,1,0,0,0,4.0,5798,1153,5.0286209887250655
0,11,3,0,0,0,3,1,1,0,2,2,2,0,1,0,5,0,0.0,86,17,5.0588235294117645
0,2,3,0,0,2,0,0,0,0,1,2,0,0,1,0,1,0,2.0,40,7,5.714285714285714
1,8,25,3,1,0,1,0,1,0,2,1,2,0,1,0,0,0,3.0,269,55,4.890909090909091
1,12,2,0,1,0,2,0,1,0,2,2,2,0,1,0,0,0,7.0,462,88,5.25
0,5,1,20,0,0,1,0,1,1,0,0,0,0,1,150,0,0,3.0,341,55,6.2
0,4,93,0,0,0,0,0,1,1,0,0,0,0,1,0,0,0,3.0,556,108,5.148148148148148
0,2,3,0,1,0,1,1,0,0,0,0,0,0,1,0,3,0,11.0,159,30,5.3
1,72,2,0,2,0,1,0,1,0,1,1,2,0,2,0,0,0,4.0,637,128,4.9765625
0,2,3,0,2,6,3,1,1,0,0,0,0,0,5,0,0,0,3.0,246,51,4.823529411764706
1,72,39,0,1,1,2,0,1,1,2,2,0,0,1,0,0,0,4.0,807,156,5.173076923076923
1,0,101,3,1,1,2,0,1,0,0,0,0,0,1,0,1,0,2.0,91,18,5.055555555555555
0,1,3,0,2,6,4,1,0,0,0,0,1,0,3,0,0,0,22.0,217,36,6.027777777777778
0,2,3,0,0,0,0,0,1,0,2,2,0,0,1,0,0,0,4.0,189,36,5.25
1,2,2,0,0,1,2,0,1,0,0,0,0,0,1,0,3,0,2.0,181,35,5.171428571428572
1,12,2,35,1,1,6,0,1,1,2,2,2,0,1,0,0,1,20.0,656,118,5.559322033898305
0,2,0,0,1,3,2,0,0,0,0,0,0,0,1,0,0,0,7.0,203,38,5.342105263157895
0,0,3,0,2,0,6,1,0,0,0,0,0,0,4,0,1,0,3.0,114,19,6.0
0,2,1,0,2,0,1,1,1,1,0,0,0,0,3,10,1,1,6.0,59,9,6.555555555555555
0,2,3,0,0,0,0,0,1,0,0,2,0,0,1,0,1,0,8.0,665,132,5.037878787878788
0,1,3,0,1,5,2,0,0,0,1,2,0,0,1,0,0,0,2.0,337,60,5.616666666666666
1,2,2,3,2,0,1,0,1,0,0,0,0,0,6,0,0,0,3.0,409,82,4.987804878048781
0,12,24,6,1,6,3,0,1,1,2,2,2,0,1,0,1,0,5.0,313,55,5.6909090909090905
0,3,1,0,0,6,2,0,2,1,2,2,0,0,1,150,0,0,3.0,389,69,5.63768115942029
0,2,3,0,1,1,0,0,1,0,0,2,0,1,1,0,0,0,5.0,882,166,5.313253012048193
1,2,2,3,0,0,0,0,1,1,2,2,0,0,1,0,0,0,7.0,12,2,6.0
0,12,31,6,1,0,0,0,1,1,1,1,1,0,1,200,1,0,5.0,493,103,4.786407766990291
0,18,3,0,1,0,5,1,0,0,1,2,1,0,1,0,1,0,2.0,19,3,6.333333333333333
1,2,2,0,1,2,0,0,1,0,0,0,0,0,3,0,1,0,2.0,358,67,5.343283582089552
1,36,2,0,1,0,0,0,1,0,2,2,2,0,1,0,0,0,1.0,1429,288,4.961805555555555
1,48,2,0,1,4,4,0,1,1,0,2,2,0,1,0,8,0,1.0,348,68,5.117647058823529
1,32,2,12,1,1,0,0,1,0,2,0,2,0,1,0,1,0,1.0,148,29,5.103448275862069
1,12,57,3,1,0,0,0,1,0,2,2,2,0,1,0,5,0,2.0,238,43,5.534883720930233
0,4,0,0,0,3,2,0,0,0,2,2,0,0,1,0,0,0,3.0,129,24,5.375
0,2,0,0,2,0,6,1,1,0,0,0,0,0,5,0,11,0,3.0,601,113,5.31858407079646
0,4,3,9,2,1,5,3,0,0,2,2,0,0,4,0,1,0,4.0,491,73,6.726027397260274
0,1,1,0,0,3,0,0,1,1,0,0,0,0,1,0,0,0,1.0,61,9,6.777777777777778
0,1,3,0,0,0,0,0,1,0,0,0,0,0,1,0,1,0,1.0,215,43,5.0
1,48,72,0,0,1,4,0,0,2,2,2,1,0,1,0,1,0,1.0,182,32,5.6875
0,5,3,0,1,4,5,1,1,0,0,2,0,0,1,10,4,0,2.0,430,75,5.733333333333333
1,2,2,0,1,1,4,1,1,1,0,2,0,0,2,0,0,0,5.0,276,32,8.625
0,2,3,0,0,0,0,0,1,0,0,2,0,0,1,0,1,0,12.0,1727,318,5.430817610062893
0,2,3,0,0,0,2,0,0,0,0,2,0,0,1,0,11,0,3.0,156,32,4.875
0,10,3,0,2,6,2,0,1,0,1,2,0,0,2,0,1,0,3.0,636,128,4.96875
0,7,3,6,1,1,6,0,0,0,0,2,0,0,1,0,1,0,3.0,42,7,6.0
1,3,2,0,0,0,1,5,2,0,0,0,0,0,1,0,0,0,2.0,136,21,6.476190476190476
1,48,2,0,0,0,1,1,1,0,2,2,1,0,1,0,0,0,3.0,71,15,4.733333333333333
0,5,3,8,0,0,1,1,1,1,0,2,0,0,1,0,3,0,5.0,116,21,5.523809523809524
0,1,1,0,0,0,2,0,0,1,0,0,0,0,1,0,0,0,2.0,807,169,4.775147928994083
0,4,1,0,1,0,0,0,1,1,2,2,0,0,1,0,0,0,1.0,99,20,4.95
1,6,2,0,0,1,2,0,1,0,0,0,0,0,1,0,0,0,2.0,97,16,6.0625
0,7,78,0,0,6,0,0,2,1,2,2,2,0,1,0,1,0,2.0,24,6,4.0
1,2,2,0,1,0,4,0,1,0,0,0,0,0,1,0,2,1,8.0,1233,230,5.360869565217391
1,1,2,7,0,0,4,0,1,0,0,2,0,0,1,0,0,0,2.0,282,47,6.0
1,12,8,38,0,0,2,0,2,1,2,2,0,0,1,500,0,0,1.0,42,8,5.25
1,2,5,3,0,1,6,1,1,1,2,2,0,0,1,0,0,0,5.0,165,29,5.689655172413793
0,1,3,0,1,0,0,0,0,0,0,0,0,0,1,0,1,0,2.0,137,25,5.48
0,4,1,0,0,5,2,0,2,1,0,2,0,0,1,0,1,0,5.0,1449,291,4.979381443298969
1,26,2,0,1,0,1,0,1,0,2,2,0,0,1,0,1,0,5.0,291,58,5.017241379310345
0,12,3,0,1,0,5,1,1,0,0,0,0,0,6,0,0,0,4.0,93,21,4.428571428571429
1,2,2,0,0,0,1,0,1,0,0,2,0,0,1,0,0,0,2.0,380,73,5.205479452054795
1,3,2,0,1,0,0,0,1,0,0,2,0,0,1,0,1,0,5.0,442,87,5.080459770114943
0,1,0,0,0,0,6,3,0,1,2,2,2,0,5,0,1,0,4.0,179,38,4.7105263157894735
1,13,2,0,0,0,5,1,1,0,0,0,0,0,1,0,1,0,4.0,341,70,4.871428571428571
1,2,2,3,1,0,1,1,1,1,0,2,0,0,1,0,0,0,4.0,12,2,6.0
0,5,3,0,0,0,1,0,2,2,0,0,0,0,1,50,0,0,6.0,12,2,6.0
0,2,4,1,2,3,0,0,1,2,0,2,0,0,2,0,9,0,4.0,90,18,5.0
1,2,2,0,1,0,2,0,1,1,2,2,0,0,1,0,0,0,0.0,101,16,6.3125
0,5,3,1,0,0,0,0,1,0,0,0,2,0,1,0,0,0,5.0,113,22,5.136363636363637
0,3,3,0,0,4,2,0,0,0,0,2,0,1,1,0,5,0,2.0,144,28,5.142857142857143
1,3,14,3,1,1,2,0,1,0,1,1,0,0,1,0,0,0,2.0,125,22,5.681818181818182
1,3,2,0,1,1,2,0,1,0,0,0,0,0,1,0,0,0,3.0,140,26,5.384615384615385
0,0,92,0,2,0,6,1,0,1,0,1,1,0,3,0,0,0,1.0,192,38,5.052631578947368
1,2,2,3,0,1,2,0,1,1,2,2,0,0,1,0,0,0,1.0,12,2,6.0
1,2,2,3,1,1,2,0,1,1,2,2,0,0,1,0,0,0,1.0,12,2,6.0
1,84,23,0,0,0,1,0,3,0,2,2,0,0,1,0,0,0,1.0,1458,278,5.244604316546763
1,12,2,0,1,0,0,0,1,0,0,0,0,0,1,20,3,0,1.0,142,25,5.68
0,3,3,0,0,0,3,1,0,1,0,0,0,0,3,0,1,0,3.0,16,3,5.333333333333333
0,12,3,0,1,0,1,0,0,0,2,2,2,0,1,0,0,0,8.0,673,128,5.2578125
1,2,2,0,1,0,1,2,1,0,0,2,0,0,2,0,8,0,5.0,397,76,5.223684210526316
0,7,32,26,1,1,0,0,0,1,1,1,0,0,1,0,0,0,4.0,1173,238,4.928571428571429
0,36,0,0,0,4,5,0,1,1,1,1,2,0,1,0,0,0,4.0,342,57,6.0
1,1,2,0,0,1,4,1,1,1,0,2,0,0,5,0,3,2,23.0,550,99,5.555555555555555
0,4,3,0,1,0,1,3,1,0,0,2,0,0,1,0,0,0,2.0,12,2,6.0
0,2,3,0,2,2,3,1,1,0,0,0,0,0,5,0,0,0,5.0,188,30,6.266666666666667
1,24,2,0,1,1,2,0,1,0,2,2,2,0,1,300,0,0,3.0,488,71,6.873239436619718
0,2,1,26,2,0,4,1,1,1,0,2,0,0,3,0,0,0,5.0,1208,228,5.298245614035087
0,2,3,9,2,0,1,1,0,0,0,2,0,0,2,0,1,0,5.0,155,28,5.535714285714286
1,4,2,0,0,0,0,0,0,0,2,2,0,0,1,200,0,0,1.0,1717,316,5.4335443037974684
0,5,3,26,1,1,6,0,0,0,2,2,0,0,1,0,0,0,3.0,208,43,4.837209302325581
1,3,2,3,1,0,2,0,1,0,2,2,1,0,2,0,1,0,5.0,185,38,4.868421052631579
1,42,2,0,1,1,0,0,2,1,2,1,1,0,1,0,0,0,2.0,297,57,5.2105263157894735
0,12,3,0,1,4,2,0,1,0,2,2,2,0,1,0,1,0,2.0,770,140,5.5
0,2,3,0,0,0,3,1,1,0,2,2,0,0,4,100,0,0,5.0,111,20,5.55
0,14,4,1,1,0,0,0,2,2,2,2,2,0,1,100,0,0,5.0,106,19,5.578947368421052
1,36,19,0,1,3,2,0,0,2,1,2,1,0,1,0,0,0,0.0,560,104,5.384615384615385
0,4,3,0,0,6,0,0,1,0,2,2,0,0,1,0,1,0,17.0,300,58,5.172413793103448
0,8,12,0,1,0,3,1,1,0,2,2,2,0,3,300,0,0,2.0,186,32,5.8125
1,2,2,0,1,0,1,0,1,1,0,0,0,0,1,0,2,0,2.0,252,53,4.754716981132075
0,3,3,0,2,0,3,1,0,0,0,0,0,0,2,0,0,1,2.0,289,49,5.8979591836734695
1,2,2,0,2,2,0,0,1,1,0,0,0,0,2,0,0,0,4.0,441,82,5.378048780487805
1,9,20,0,0,4,2,0,2,2,2,2,2,0,1,200,0,0,3.0,55,12,4.583333333333333
1,3,2,0,0,0,0,0,1,1,2,2,0,0,1,0,0,0,7.0,1182,222,5.324324324324325
0,3,36,48,1,0,3,0,1,0,0,0,0,0,1,0,0,0,3.0,797,150,5.3133333333333335
1,48,2,3,1,1,2,0,1,0,1,1,2,1,1,0,0,0,3.0,397,80,4.9625
1,5,5,3,1,4,2,0,1,0,2,2,2,0,1,0,0,0,2.0,347,69,5.028985507246377
1,12,2,3,0,0,5,0,1,0,0,2,0,0,1,0,0,0,7.0,880,166,5.301204819277109
0,3,3,0,0,3,2,0,0,0,0,0,0,0,2,0,5,0,4.0,345,64,5.390625
1,0,34,0,0,2,2,0,1,1,1,1,1,0,1,0,1,0,5.0,333,68,4.897058823529412
1,18,34,0,0,1,2,0,1,1,2,2,1,0,1,0,0,0,4.0,16,3,5.333333333333333
1,1,2,0,2,0,1,0,1,0,0,2,0,0,6,0,1,0,3.0,454,86,5.27906976744186
0,1,3,0,2,0,5,1,0,0,0,0,0,0,3,0,1,0,4.0,130,24,5.416666666666667
0,1,3,6,2,4,4,1,1,0,1,2,0,0,6,0,0,0,1.0,360,67,5.373134328358209
0,4,3,0,0,4,0,0,1,0,0,2,0,0,1,30,0,0,3.0,453,80,5.6625
0,12,3,26,1,3,0,0,0,0,2,2,2,0,1,0,0,0,2.0,445,81,5.493827160493828
0,1,1,0,1,0,1,0,1,1,0,0,0,0,2,20,0,0,1.0,467,76,6.144736842105263
1,2,2,0,0,0,0,0,1,0,0,0,0,0,1,0,0,0,1.0,239,50,4.78
1,2,2,0,0,0,0,0,1,0,0,0,0,0,1,0,0,0,3.0,137,27,5.074074074074074
0,3,3,0,2,0,5,3,0,0,2,2,0,0,3,0,0,0,3.0,257,51,5.03921568627451
1,32,2,0,1,1,0,0,1,1,1,2,1,0,1,0,2,0,2.0,179,33,5.424242424242424
0,24,3,26,1,0,5,0,1,0,0,2,2,0,1,0,0,0,5.0,681,128,5.3203125
1,15,2,0,0,2,0,0,1,0,2,2,2,0,1,0,0,0,4.0,89,18,4.944444444444445
1,2,2,3,0,5,2,0,1,0,0,0,0,0,1,0,0,0,3.0,191,41,4.658536585365853
1,3,2,11,1,1,2,0,1,0,2,2,0,0,1,0,0,0,4.0,66,11,6.0
0,5,3,0,1,0,1,1,0,0,0,0,0,0,1,0,1,0,15.0,835,160,5.21875
1,1,2,0,1,0,1,0,1,0,1,1,0,0,1,0,0,0,3.0,124,21,5.904761904761905
1,1,2,3,1,0,1,0,1,1,0,0,0,0,1,0,0,0,1.0,12,2,6.0
0,1,3,0,1,1,0,0,0,0,0,2,0,0,1,0,0,0,1.0,179,38,4.7105263157894735
0,60,7,6,1,0,1,1,1,1,0,0,0,0,3,0,6,0,5.0,723,138,5.239130434782608
0,6,3,0,0,5,2,0,1,0,1,1,1,0,1,0,0,0,1.0,25,5,5.0
1,3,2,0,0,5,2,0,1,1,0,0,0,0,1,50,1,0,4.0,87,17,5.117647058823529
1,12,2,4,0,0,3,1,1,1,2,2,1,0,1,0,1,0,2.0,257,53,4.849056603773585
1,36,19,0,1,3,2,0,0,2,2,2,0,0,1,500,1,0,1.0,340,63,5.396825396825397
1,1,2,3,0,0,2,0,1,1,0,2,0,0,1,0,0,0,3.0,12,2,6.0
0,2,1,9,0,0,1,1,1,1,2,2,0,0,2,100,0,0,7.0,288,44,6.545454545454546
1,8,2,3,2,0,1,1,1,0,2,2,1,0,8,0,0,0,14.0,522,102,5.117647058823529
1,5,2,0,1,1,5,1,1,0,2,2,2,0,1,0,2,1,11.0,515,97,5.309278350515464
0,4,0,9,0,3,2,0,0,0,0,2,0,0,1,50,0,0,4.0,1424,275,5.178181818181818
0,4,3,0,0,4,0,0,1,0,0,2,0,0,1,30,0,0,1.0,532,97,5.484536082474227
1,2,2,0,2,0,1,0,1,0,0,0,0,0,4,0,0,0,9.0,289,52,5.5576923076923075
0,0,3,0,2,0,1,4,0,0,0,0,0,0,3,0,0,0,6.0,794,145,5.475862068965517
1,24,34,0,0,5,2,0,0,1,1,1,1,0,1,0,1,0,3.0,161,27,5.962962962962963
0,5,4,0,0,6,0,0,2,2,0,0,0,0,1,250,4,0,5.0,286,49,5.836734693877551
0,2,0,97,0,0,3,1,1,0,0,2,0,0,1,0,1,0,4.0,1210,211,5.734597156398104
0,6,1,0,1,4,0,0,1,1,0,0,1,0,1,0,1,0,5.0,128,22,5.818181818181818
0,2,1,0,0,0,3,1,1,1,2,2,0,0,4,150,0,0,9.0,484,86,5.627906976744186
0,2,31,78,2,0,3,1,0,0,1,1,1,0,3,0,9,0,5.0,11,2,5.5
1,1,2,3,1,1,0,0,1,1,2,2,0,0,1,0,0,0,1.0,12,2,6.0
1,48,2,0,1,3,2,0,2,1,2,2,2,0,1,0,1,0,5.0,280,48,5.833333333333333
0,3,3,8,1,0,5,1,0,0,0,0,0,0,1,0,1,0,4.0,137,27,5.074074074074074
0,5,3,0,1,0,3,1,1,1,2,2,1,0,1,0,0,0,5.0,349,66,5.287878787878788
1,2,57,3,1,0,0,0,1,0,0,2,0,0,1,0,1,0,8.0,29,5,5.8
1,1,110,3,0,1,2,0,1,0,0,0,0,0,1,0,7,0,2.0,92,16,5.75
0,15,3,0,0,1,0,0,1,0,2,2,2,0,1,100,0,0,9.0,734,135,5.437037037037037
0,6,3,9,2,2,3,0,1,0,2,2,2,0,2,0,0,0,8.0,348,70,4.9714285714285715
0,3,3,0,0,4,2,0,1,0,0,2,0,0,1,0,0,0,1.0,361,58,6.224137931034483
0,5,3,0,1,0,1,3,0,0,0,0,0,0,1,0,0,0,4.0,287,59,4.864406779661017
1,1,2,36,1,2,0,0,2,1,2,2,0,0,1,0,0,0,3.0,279,47,5.9361702127659575
1,4,62,31,2,0,1,0,1,0,1,1,0,0,2,0,0,0,6.0,823,146,5.636986301369863
0,4,3,0,0,3,0,0,1,0,0,2,0,0,1,0,0,0,6.0,118,20,5.9
0,5,3,0,1,1,3,1,0,0,2,2,0,0,1,0,0,0,8.0,787,153,5.143790849673203
0,2,3,0,2,0,3,0,1,0,0,2,0,0,4,0,1,0,3.0,290,54,5.37037037037037
0,24,3,0,1,1,2,0,2,0,0,0,0,0,6,0,1,0,4.0,364,63,5.777777777777778
0,2,3,0,0,0,3,0,1,0,0,0,0,0,2,0,0,0,4.0,279,54,5.166666666666667
0,3,3,0,1,0,0,0,2,0,0,2,0,0,1,0,6,0,3.0,244,43,5.674418604651163
1,1,2,0,1,1,2,0,2,0,0,0,0,0,2,0,0,0,3.0,147,27,5.444444444444445
0,5,3,0,2,6,0,0,1,0,0,0,0,0,5,50,0,0,1.0,165,38,4.342105263157895
0,7,10,9,1,1,4,0,1,0,2,2,1,0,2,0,0,0,4.0,282,56,5.035714285714286
1,2,2,0,1,0,2,0,1,0,0,0,0,0,1,0,0,0,11.0,438,78,5.615384615384615
1,2,2,0,0,0,1,0,0,0,0,0,0,0,1,0,1,0,5.0,509,99,5.141414141414141
1,16,2,0,0,1,2,0,1,0,2,2,2,0,2,300,0,0,5.0,595,88,6.761363636363637
1,60,19,0,1,0,4,1,0,0,2,2,2,0,1,300,0,0,2.0,417,63,6.619047619047619
1,12,2,0,1,0,2,0,1,0,2,2,2,0,1,250,1,0,2.0,129,24,5.375
0,0,1,69,2,0,3,1,1,1,0,0,0,0,4,100,0,0,2.0,296,54,5.481481481481482
1,1,2,0,0,1,2,0,1,0,0,0,0,0,1,0,0,0,8.0,337,62,5.435483870967742
1,5,25,11,1,0,2,0,1,1,2,2,2,0,1,0,0,0,3.0,232,38,6.105263157894737
1,26,11,3,1,1,4,1,1,0,2,2,2,0,1,0,0,1,5.0,384,66,5.818181818181818
0,8,31,16,1,0,0,0,1,1,0,2,0,0,1,0,1,0,7.0,117,17,6.882352941176471
0,10,1,0,0,4,2,0,1,1,2,2,0,0,2,0,1,0,6.0,390,72,5.416666666666667
1,1,2,0,0,1,2,0,1,1,0,2,0,0,1,38,0,0,17.0,303,57,5.315789473684211
0,1,10,26,0,1,4,1,0,0,2,2,0,0,1,0,0,0,4.0,277,53,5.226415094339623
0,3,10,0,2,0,1,1,0,1,0,0,0,0,4,50,0,0,1.0,144,27,5.333333333333333
1,2,25,3,1,0,1,0,1,1,2,1,0,0,1,0,0,0,4.0,120,22,5.454545454545454
1,12,2,3,0,1,2,0,1,1,2,2,2,0,1,0,0,0,1.0,12,2,6.0
1,12,2,0,1,5,2,0,1,1,2,2,2,0,1,0,0,0,4.0,294,51,5.764705882352941
0,5,3,0,1,1,6,1,1,0,2,2,2,0,1,0,0,0,5.0,1704,338,5.041420118343195
1,1,2,3,1,0,1,0,0,0,0,2,0,0,3,50,2,1,11.0,561,107,5.242990654205608
1,2,2,0,1,0,1,0,1,0,0,2,0,0,1,0,3,0,3.0,172,25,6.88
0,7,1,44,1,0,0,0,1,1,1,1,0,0,2,0,0,0,4.0,71,13,5.461538461538462
1,2,2,0,1,0,1,2,1,0,2,2,0,0,1,0,0,0,5.0,156,26,6.0
0,1,12,0,1,0,0,0,0,0,0,0,0,0,1,0,1,0,1.0,23,4,5.75
0,10,3,0,0,4,2,0,1,0,2,2,0,0,1,0,0,0,5.0,131,24,5.458333333333333
0,12,3,0,1,0,0,0,1,1,0,0,0,0,1,0,5,0,2.0,67,8,8.375
0,21,4,8,0,2,3,1,2,2,2,2,0,1,1,0,0,0,1.0,331,60,5.516666666666667
1,36,34,0,0,1,2,0,1,2,2,2,0,0,1,150,1,0,3.0,569,119,4.781512605042017
0,2,10,0,2,1,4,1,0,1,0,2,0,0,2,0,0,0,6.0,121,14,8.642857142857142
1,36,2,0,1,1,2,0,1,0,2,2,2,0,1,0,0,0,1.0,187,36,5.194444444444445
1,36,9,0,0,1,0,0,0,1,0,0,0,0,1,100,1,0,1.0,15,3,5.0
1,2,2,0,1,1,2,0,1,0,2,2,0,0,1,0,0,0,2.0,79,16,4.9375
0,21,3,6,1,0,2,0,1,1,0,0,0,0,1,0,0,0,2.0,20,5,4.0
0,3,3,10,1,0,0,0,2,0,2,2,0,0,1,0,1,0,2.0,20,5,4.0
0,48,3,70,0,3,0,0,2,0,2,2,2,0,1,0,0,0,10.0,369,72,5.125
1,36,9,0,1,1,0,0,0,2,2,2,0,0,1,250,1,0,3.0,197,33,5.96969696969697
1,2,5,3,1,0,1,0,0,0,0,2,0,0,1,0,0,0,10.0,171,28,6.107142857142857
1,24,2,0,0,0,1,0,1,1,1,1,1,0,1,0,1,0,3.0,577,101,5.712871287128713
1,1,2,0,1,1,2,0,1,0,1,1,0,0,1,0,2,0,5.0,107,22,4.863636363636363
1,77,9,0,1,1,0,0,1,0,2,2,2,0,1,0,0,0,1.0,59,11,5.363636363636363
0,11,3,0,2,4,0,0,1,1,0,0,0,0,3,0,1,0,3.0,54,11,4.909090909090909
0,4,1,0,1,0,1,2,0,1,0,0,0,0,1,0,0,0,7.0,481,87,5.528735632183908
1,1,2,3,2,0,1,2,1,1,0,0,0,0,6,0,2,0,6.0,156,28,5.571428571428571
1,12,2,0,0,5,2,0,2,0,0,0,0,0,1,0,0,0,2.0,404,84,4.809523809523809
1,2,53,0,2,0,6,0,1,0,2,2,0,0,2,0,0,0,4.0,297,58,5.120689655172414
1,2,2,0,0,0,2,0,1,0,0,1,0,0,1,0,0,0,4.0,186,35,5.314285714285714
0,2,3,0,0,1,0,0,1,0,0,2,0,0,1,0,0,0,10.0,614,118,5.203389830508475
1,2,2,3,1,1,2,0,1,0,0,2,0,0,1,0,1,0,9.0,777,129,6.023255813953488
1,1,2,0,0,6,4,0,1,1,0,2,0,1,1,0,9,2,7.0,109,18,6.055555555555555
1,2,2,3,1,0,1,0,1,1,2,2,0,0,1,0,0,0,5.0,12,2,6.0
0,2,0,0,1,1,6,3,1,0,0,2,0,0,1,0,0,0,5.0,1157,219,5.28310502283105
1,22,66,2,0,0,6,1,0,1,2,2,0,0,1,0,0,0,5.0,474,79,6.0
1,6,2,0,0,4,5,2,1,0,0,0,0,0,1,0,1,0,1.0,724,133,5.443609022556391
1,0,2,3,2,0,1,2,0,1,0,0,1,0,7,0,0,0,8.0,318,53,6.0
0,24,3,0,0,0,0,0,1,0,2,2,2,0,1,0,0,0,2.0,460,85,5.411764705882353
1,24,2,0,0,1,2,0,1,1,1,1,1,0,1,0,1,0,3.0,578,101,5.7227722772277225
0,4,36,8,0,3,2,0,1,1,0,0,0,0,1,100,0,0,1.0,28,5,5.6
1,1,2,0,2,0,1,1,0,0,0,0,0,1,6,0,1,0,2.0,149,29,5.137931034482759
1,1,2,3,0,2,2,0,1,1,0,2,0,0,1,0,0,0,1.0,14,3,4.666666666666667
1,28,72,0,0,2,2,0,0,2,2,2,1,0,1,50,0,0,1.0,249,47,5.297872340425532
1,2,2,3,0,0,1,1,1,0,0,0,0,0,4,0,0,0,4.0,392,73,5.36986301369863
0,12,4,10,0,6,4,1,1,1,2,2,2,0,1,100,1,0,2.0,271,55,4.927272727272728
0,2,3,16,1,0,0,0,0,0,1,1,1,0,1,0,1,0,5.0,240,47,5.1063829787234045
1,1,2,0,0,5,2,0,1,1,0,0,1,0,8,0,0,0,2.0,51,9,5.666666666666667
0,16,4,9,2,0,3,1,1,0,0,0,0,0,3,0,0,0,5.0,411,78,5.269230769230769
1,2,2,0,1,1,5,0,1,1,0,2,1,0,3,0,5,0,4.0,14,4,3.5
0,6,4,0,0,0,2,0,1,2,0,0,0,0,1,150,0,0,3.0,169,36,4.694444444444445
0,6,3,0,1,0,1,1,1,0,2,2,2,0,1,0,0,0,5.0,593,116,5.112068965517241
1,1,2,0,1,0,1,5,1,0,0,2,0,0,1,0,0,0,10.0,225,40,5.625
0,3,3,0,0,1,6,0,0,0,0,2,0,0,1,0,0,0,2.0,611,114,5.359649122807017
1,52,9,0,0,1,6,1,1,0,2,2,0,0,1,0,0,0,2.0,636,126,5.0476190476190474
1,2,2,3,2,0,0,0,1,0,0,0,0,0,2,0,0,0,4.0,653,135,4.837037037037037
1,3,2,3,0,0,2,0,1,0,0,0,0,0,1,0,0,0,3.0,142,31,4.580645161290323
1,3,2,0,1,1,2,0,1,0,0,0,0,0,1,0,1,0,1.0,39,8,4.875
0,4,3,16,2,0,0,0,0,0,0,0,0,0,4,0,0,0,5.0,658,123,5.349593495934959
0,0,3,0,2,3,2,0,0,0,0,0,0,0,3,0,5,0,2.0,73,13,5.615384615384615
0,4,1,0,1,4,0,0,1,1,2,2,0,0,2,0,0,0,5.0,312,60,5.2
1,3,15,51,1,5,2,0,1,0,0,0,0,0,1,0,1,1,4.0,241,41,5.878048780487805
0,1,3,0,1,0,3,1,0,0,0,2,0,0,1,0,3,0,2.0,75,13,5.769230769230769
0,4,3,0,1,0,6,3,1,1,0,2,0,0,1,30,0,0,1.0,410,76,5.394736842105263
1,2,2,0,1,1,2,0,1,2,0,0,0,0,1,0,5,0,1.0,76,14,5.428571428571429
1,3,2,0,1,0,1,1,1,0,0,0,0,0,1,0,0,1,4.0,783,140,5.5928571428571425
0,1,3,0,1,4,3,1,1,0,0,0,0,0,1,0,0,0,1.0,457,86,5.313953488372093
0,1,1,0,1,0,1,1,1,1,0,2,1,0,1,0,0,0,4.0,97,16,6.0625
0,2,3,0,0,0,3,1,1,0,0,0,0,0,1,0,0,0,6.0,325,63,5.158730158730159
1,12,114,3,1,1,2,0,1,0,0,2,2,0,1,0,0,0,3.0,465,95,4.894736842105263
1,21,28,0,0,0,1,1,1,0,2,2,0,0,1,300,1,0,1.0,89,17,5.235294117647059
1,12,2,0,1,0,1,1,1,1,2,2,2,0,1,0,0,0,5.0,319,62,5.145161290322581
0,4,0,0,0,1,0,0,1,0,1,2,2,0,2,0,1,0,5.0,260,50,5.2
0,6,3,0,1,0,1,1,1,0,0,0,0,0,1,0,0,0,1.0,24,5,4.8
1,0,2,0,2,0,1,1,0,0,0,0,0,0,6,0,0,0,22.0,125,23,5.434782608695652
1,4,2,0,1,0,2,0,1,1,2,2,0,0,1,0,0,0,2.0,162,35,4.628571428571429
1,2,2,0,0,1,2,0,1,0,0,0,0,0,1,0,0,0,2.0,678,123,5.512195121951219
1,67,34,0,1,1,2,0,0,1,2,2,2,0,1,300,1,0,1.0,775,163,4.754601226993865
1,24,2,3,0,1,2,0,1,0,2,2,2,0,1,0,0,2,5.0,1213,236,5.139830508474576
0,4,3,0,1,3,2,0,1,0,0,0,0,0,1,0,0,0,4.0,118,19,6.2105263157894735
0,1,3,0,0,1,0,0,0,0,0,0,0,0,1,0,1,0,5.0,128,21,6.095238095238095
0,4,1,0,2,2,0,0,0,1,2,2,2,0,2,0,1,0,4.0,59,11,5.363636363636363
0,4,3,0,0,0,0,0,1,0,0,0,0,0,3,0,0,0,6.0,807,103,7.834951456310679
1,4,2,0,1,0,1,0,0,0,0,2,0,0,1,0,0,1,2.0,504,97,5.195876288659794
1,1,11,50,0,1,2,0,1,1,1,1,1,0,1,0,5,2,11.0,1566,297,5.2727272727272725
0,4,3,0,1,4,0,0,0,0,2,2,0,0,1,0,0,0,1.0,208,39,5.333333333333333
0,1,1,0,0,4,0,0,0,1,0,0,0,0,1,0,0,0,7.0,119,20,5.95
0,60,4,1,2,0,3,1,2,2,2,2,2,0,2,0,0,0,2.0,1219,245,4.975510204081632
1,7,2,0,1,2,0,0,1,0,2,2,2,0,1,0,0,0,4.0,310,56,5.535714285714286
1,12,2,0,0,0,1,1,2,1,2,2,2,0,1,0,1,1,5.0,1138,220,5.172727272727273
1,12,2,0,1,1,5,0,0,0,2,2,2,0,1,0,1,0,8.0,191,30,6.366666666666666
1,22,2,0,0,1,4,0,1,0,2,1,2,0,1,0,2,0,6.0,226,44,5.136363636363637
1,5,2,0,0,1,0,0,1,1,2,2,0,0,1,0,3,0,3.0,229,47,4.872340425531915
0,2,1,0,2,0,1,4,1,1,0,0,0,0,4,150,0,0,5.0,84,14,6.0
0,1,1,0,0,2,0,0,1,1,0,0,1,0,1,0,0,2,3.0,227,38,5.973684210526316
1,3,2,0,0,0,1,0,1,0,0,0,0,0,1,0,0,0,5.0,347,66,5.257575757575758
1,1,2,0,2,0,0,0,2,0,0,0,0,0,3,0,1,0,2.0,482,85,5.670588235294118
0,28,7,0,1,6,2,0,1,2,2,2,0,0,1,50,0,0,2.0,313,60,5.216666666666667
0,10,149,0,1,3,2,0,1,1,2,2,2,0,1,50,1,0,1.0,89,14,6.357142857142857
0,12,3,0,0,1,3,1,1,0,2,2,2,0,1,0,1,0,3.0,582,111,5.243243243243243
1,24,2,0,1,1,2,0,1,0,2,2,2,0,1,0,0,0,17.0,178,31,5.741935483870968
0,8,3,0,1,0,1,1,0,0,0,0,0,0,1,0,0,0,5.0,154,27,5.703703703703703
0,15,3,0,1,5,2,0,1,0,2,2,2,0,1,0,0,0,5.0,194,34,5.705882352941177
0,12,3,0,1,4,3,1,1,0,2,2,2,0,1,250,3,0,3.0,417,64,6.515625
1,15,13,0,1,5,2,0,0,1,2,0,1,0,1,1,0,0,2.0,68,11,6.181818181818182
1,36,23,0,1,0,2,0,2,1,1,2,0,0,1,0,1,0,3.0,268,50,5.36
0,4,4,0,0,0,2,0,1,2,0,0,0,0,1,150,0,1,2.0,216,46,4.695652173913044
0,24,92,0,1,1,5,2,1,1,1,1,1,0,2,0,0,0,3.0,453,91,4.978021978021978
1,1,2,0,0,1,5,0,1,0,0,0,0,0,1,50,0,0,2.0,59,11,5.363636363636363
1,3,2,0,0,1,0,0,1,1,2,2,0,0,1,0,0,0,2.0,63,10,6.3
1,7,2,0,0,0,1,0,1,0,2,2,2,0,1,0,5,0,1.0,179,35,5.114285714285714
1,15,34,28,1,2,2,0,1,0,2,2,0,0,1,500,2,0,1.0,168,33,5.090909090909091
0,3,3,0,2,0,1,1,1,0,0,0,0,0,4,0,0,0,3.0,187,34,5.5
1,12,2,7,1,0,3,0,1,1,2,2,2,0,1,0,6,0,2.0,533,98,5.438775510204081
0,3,4,6,2,0,4,1,1,2,0,2,0,0,4,100,0,0,4.0,337,61,5.524590163934426
0,2,4,0,0,3,0,0,0,2,1,1,1,0,1,0,1,0,5.0,648,112,5.785714285714286
1,2,2,0,0,0,1,2,1,0,0,0,0,0,1,0,1,0,3.0,50,8,6.25
1,1,2,0,0,0,2,0,1,0,1,1,0,0,1,0,0,0,1.0,88,16,5.5
0,4,3,0,0,1,0,0,0,0,2,2,0,0,1,0,1,0,5.0,163,24,6.791666666666667
1,3,2,3,0,0,0,0,0,0,0,2,0,0,5,0,7,0,5.0,3,1,3.0
1,2,2,0,1,5,2,0,1,1,0,0,0,0,1,0,1,0,4.0,63,12,5.25
1,14,2,0,1,2,0,0,1,0,2,2,0,0,1,0,0,0,0.0,349,77,4.532467532467533
1,10,2,0,0,0,1,0,1,0,2,2,2,0,1,0,0,0,5.0,422,80,5.275
0,27,1,6,1,4,5,2,1,1,0,0,2,0,1,0,1,0,4.0,5,1,5.0
1,0,2,0,2,0,1,4,2,0,1,1,1,0,9,0,0,0,8.0,512,102,5.019607843137255
1,1,2,0,1,5,2,0,1,0,0,0,0,0,1,0,5,0,4.0,105,23,4.565217391304348
1,4,48,3,2,0,1,0,1,0,0,2,0,0,2,0,0,0,6.0,403,74,5.445945945945946
1,1,2,0,0,0,1,0,1,1,0,0,0,0,1,0,3,0,1.0,133,20,6.65
0,1,3,0,0,3,0,0,0,0,0,0,0,0,1,0,0,0,3.0,605,112,5.401785714285714
0,12,3,0,1,0,0,0,0,0,2,2,0,0,1,0,0,0,5.0,340,69,4.927536231884058
1,1,2,0,0,1,2,0,1,0,0,0,0,0,1,0,9,0,1.0,295,60,4.916666666666667
0,24,10,0,0,1,0,0,1,1,2,2,2,0,1,0,1,0,2.0,101,14,7.214285714285714
1,18,2,0,0,1,4,1,1,1,1,1,1,0,1,0,0,0,3.0,359,69,5.202898550724638
1,12,2,0,0,0,2,0,1,0,2,2,0,0,1,0,0,0,3.0,80,14,5.714285714285714
1,2,2,0,2,1,5,1,0,0,1,1,1,0,3,0,2,1,3.0,157,30,5.233333333333333
1,3,2,3,1,0,1,1,1,1,0,2,0,0,1,0,0,0,0.0,170,34,5.0
1,1,2,0,2,0,1,1,1,0,0,0,0,0,7,0,3,0,3.0,73,14,5.214285714285714
1,24,14,3,1,4,4,0,2,1,2,2,2,0,1,0,2,0,1.0,358,69,5.188405797101449
1,18,2,0,1,2,2,0,1,1,2,2,2,0,1,200,0,0,3.0,47,9,5.222222222222222
1,24,19,0,1,3,0,0,0,1,1,1,1,0,1,0,0,0,4.0,304,55,5.527272727272727
0,29,3,0,0,0,1,0,1,0,2,2,2,0,1,90,1,0,11.0,2050,343,5.97667638483965
0,24,12,0,1,3,0,0,2,1,1,1,1,0,1,0,1,0,2.0,19,5,3.8
1,2,2,0,1,1,0,0,1,1,0,0,0,0,1,0,0,0,1.0,264,54,4.888888888888889
1,4,2,0,0,1,2,0,1,0,2,2,0,0,1,0,0,0,4.0,443,89,4.977528089887641
0,24,3,0,2,6,2,0,0,0,0,2,0,0,3,0,7,0,11.0,332,51,6.509803921568627
0,2,3,0,0,0,0,0,1,0,0,2,0,0,1,0,0,0,3.0,246,46,5.3478260869565215
1,48,9,0,0,2,2,0,0,2,2,2,2,1,1,200,0,0,1.0,360,52,6.923076923076923
0,5,1,0,0,0,2,0,2,1,2,0,0,0,1,0,1,0,3.0,202,38,5.315789473684211
1,1,2,3,2,0,1,3,1,0,0,0,0,0,3,0,0,0,7.0,281,57,4.9298245614035086
0,4,3,0,2,0,1,1,1,1,0,0,0,0,2,0,0,0,1.0,250,48,5.208333333333333
1,24,2,0,1,0,1,1,1,1,2,2,2,0,1,0,0,0,3.0,426,58,7.344827586206897
0,1,0,9,1,0,1,3,1,1,0,0,0,0,1,0,0,0,2.0,1058,206,5.135922330097087
1,60,19,0,1,0,2,0,0,0,1,1,1,0,1,25,0,0,2.0,520,99,5.252525252525253
0,3,3,0,1,0,0,0,0,0,0,0,0,0,1,0,1,0,1.0,241,45,5.355555555555555
0,5,7,1,2,0,1,3,1,2,0,0,0,0,2,100,1,0,3.0,405,81,5.0
0,2,3,0,2,0,5,1,1,0,0,0,0,0,4,0,0,0,4.0,918,185,4.962162162162162
1,4,2,0,1,0,1,0,1,1,2,2,2,0,3,0,0,0,2.0,769,152,5.059210526315789
1,1,2,0,0,1,0,0,0,1,0,0,0,1,1,0,0,0,2.0,138,25,5.52
0,2,3,0,2,0,1,1,2,0,0,0,0,0,4,0,1,0,3.0,197,38,5.184210526315789
1,2,2,0,0,1,2,0,1,1,1,1,1,0,1,1,9,0,4.0,115,19,6.052631578947368
1,4,2,3,0,2,2,0,1,0,2,2,2,0,1,0,0,0,3.0,231,46,5.021739130434782
1,24,2,11,0,2,2,0,1,1,1,1,1,1,1,0,0,0,2.0,147,28,5.25
1,1,2,0,1,0,3,0,1,0,0,0,0,0,1,0,1,0,1.0,200,38,5.2631578947368425
1,3,2,0,1,0,1,0,1,0,2,0,0,0,1,0,3,1,5.0,267,52,5.134615384615385
1,1,2,0,0,0,1,1,1,1,1,1,0,0,1,0,0,0,1.0,95,16,5.9375
0,6,30,0,1,1,0,0,1,0,2,2,2,0,1,0,0,0,9.0,909,169,5.378698224852071
0,12,115,1,2,1,0,0,1,2,0,0,0,0,5,750,1,0,5.0,284,54,5.2592592592592595
0,4,3,0,0,4,2,0,1,0,2,2,0,0,1,0,1,0,2.0,501,96,5.21875
1,4,28,3,1,1,2,0,1,0,2,2,1,0,1,120,1,0,8.0,13,3,4.333333333333333
0,12,1,0,1,0,2,0,2,1,1,1,1,0,1,0,3,0,2.0,479,91,5.263736263736264
1,4,2,0,1,1,0,0,0,0,0,0,0,0,1,0,0,0,5.0,106,20,5.3
1,12,2,0,1,2,2,0,1,0,2,2,0,0,1,0,3,0,1.0,395,75,5.266666666666667
1,1,2,3,0,0,1,1,1,0,0,2,0,0,3,0,1,0,4.0,679,122,5.565573770491803
0,12,1,0,1,0,1,1,1,1,1,1,1,1,1,0,0,0,1.0,196,39,5.0256410256410255
0,5,3,0,2,0,1,0,1,0,0,2,0,0,7,0,0,0,9.0,526,105,5.0095238095238095
0,4,3,0,0,6,0,0,1,0,0,0,0,0,1,0,0,0,1.0,173,31,5.580645161290323
1,48,20,0,0,4,2,0,2,1,2,2,0,0,1,0,8,0,3.0,304,57,5.333333333333333
1,1,2,0,0,0,1,0,1,2,0,0,0,0,1,0,3,0,3.0,162,29,5.586206896551724
1,2,39,3,0,0,1,0,2,0,2,2,0,0,1,0,0,0,3.0,109,21,5.190476190476191
1,49,9,0,0,1,4,1,0,2,2,2,2,0,1,0,6,0,1.0,110,22,5.0
1,3,2,0,1,6,4,0,1,1,2,2,1,0,1,100,3,0,2.0,72,14,5.142857142857143
1,84,14,0,1,1,4,0,2,0,2,2,2,0,1,0,1,0,1.0,439,65,6.753846153846154
1,2,2,0,0,0,1,1,1,1,0,0,0,0,5,0,3,0,1.0,57,9,6.333333333333333
0,5,3,0,1,1,2,0,0,0,2,2,0,0,1,0,5,0,2.0,391,74,5.283783783783784
1,1,2,0,1,1,2,0,1,0,0,0,0,0,1,0,1,0,14.0,211,39,5.410256410256411
0,12,12,60,2,0,6,1,1,1,0,0,0,0,4,25,0,0,1.0,394,68,5.794117647058823
0,12,1,0,1,6,4,1,1,1,1,1,2,0,1,0,1,0,4.0,935,171,5.4678362573099415
1,3,2,3,1,2,0,0,1,1,2,2,0,0,1,0,0,0,4.0,12,2,6.0
0,6,3,0,1,6,2,0,1,0,2,2,2,0,1,100,1,0,4.0,281,49,5.73469387755102
1,1,2,0,1,0,1,1,1,0,0,0,0,0,1,0,2,0,2.0,643,119,5.4033613445378155
0,8,3,6,2,1,5,1,1,0,0,2,0,0,3,0,3,0,2.0,268,47,5.702127659574468
1,4,2,0,1,0,4,0,1,0,0,2,0,0,1,0,0,0,5.0,690,131,5.267175572519084
0,1,3,0,1,0,1,0,0,0,1,2,0,0,1,0,1,0,3.0,186,36,5.166666666666667
1,0,2,0,2,1,4,0,1,0,0,0,0,0,7,0,0,0,9.0,730,137,5.328467153284672
0,2,10,9,2,2,2,0,1,0,0,2,0,0,2,0,0,0,1.0,529,95,5.568421052631579
1,2,23,3,0,1,2,0,1,0,2,2,2,0,1,0,5,0,0.0,248,50,4.96
1,6,25,0,1,0,1,0,2,0,1,1,0,0,1,0,1,0,5.0,114,22,5.181818181818182
1,3,2,0,1,0,1,0,1,1,0,0,0,0,1,0,5,0,2.0,31,6,5.166666666666667
1,3,2,3,0,0,0,0,1,1,2,2,0,0,1,0,0,0,5.0,12,2,6.0
0,1,1,6,2,0,3,1,0,1,0,0,0,0,5,0,1,0,1.0,142,27,5.2592592592592595
0,1,3,0,2,0,5,1,0,0,0,2,0,0,5,0,9,0,7.0,411,78,5.269230769230769
0,3,26,8,1,6,4,1,1,0,2,2,0,0,1,0,0,2,9.0,375,71,5.28169014084507
1,1,2,0,2,0,1,1,1,0,0,0,0,0,4,0,1,0,7.0,271,55,4.927272727272728
0,7,1,9,1,1,4,1,1,1,0,0,0,0,2,0,1,0,5.0,265,48,5.520833333333333
0,2,1,6,2,0,5,0,1,1,0,0,0,0,4,0,1,0,1.0,290,62,4.67741935483871
0,3,3,0,1,5,2,0,0,0,0,0,0,0,1,0,5,0,1.0,335,52,6.4423076923076925
0,3,1,0,0,0,5,1,1,1,0,0,0,0,1,0,0,0,15.0,225,48,4.6875
1,2,2,0,1,0,1,0,1,1,0,2,0,0,1,0,3,0,5.0,161,24,6.708333333333333
0,24,4,0,0,0,2,0,1,2,2,2,2,0,1,0,1,0,2.0,444,83,5.349397590361446
1,3,2,0,0,2,2,0,1,0,0,2,0,0,1,0,1,0,2.0,291,47,6.191489361702128
0,3,3,0,1,3,0,0,0,0,0,0,0,0,1,0,1,0,0.0,72,10,7.2
1,48,66,0,0,1,6,1,0,2,2,2,0,0,1,200,0,0,2.0,193,38,5.078947368421052
1,2,2,0,0,2,2,0,1,0,2,2,0,0,1,0,0,1,5.0,334,50,6.68
0,2,3,0,1,0,1,1,0,1,0,0,0,0,1,0,0,0,1.0,106,20,5.3
0,3,3,0,1,3,2,0,0,0,0,2,0,0,2,0,6,0,12.0,127,20,6.35
1,30,9,15,0,5,2,0,1,1,2,2,2,0,1,500,2,0,4.0,192,35,5.485714285714286
0,12,1,0,1,5,2,0,1,1,0,2,2,0,1,0,0,0,14.0,149,24,6.208333333333333
0,2,3,0,0,0,0,0,0,0,0,0,0,0,1,0,0,1,5.0,780,159,4.90566037735849
1,2,2,0,2,0,4,1,1,0,0,0,0,0,5,0,3,0,5.0,161,30,5.366666666666666
0,3,1,0,0,4,2,0,1,1,0,0,0,0,1,0,1,0,2.0,85,17,5.0
0,2,3,0,1,0,0,0,1,0,0,2,0,0,1,0,2,0,3.0,180,32,5.625
0,2,1,8,1,2,2,0,1,1,2,2,0,0,2,0,0,0,1.0,421,77,5.467532467532467
1,2,2,0,0,0,2,0,1,1,0,0,0,0,1,0,0,0,1.0,126,21,6.0
0,2,3,0,2,4,3,1,1,0,0,2,0,0,3,0,1,0,2.0,175,25,7.0
0,3,3,0,1,1,6,3,0,0,0,0,0,0,1,0,0,0,15.0,67,11,6.090909090909091
0,3,1,0,0,3,2,0,0,1,0,0,0,0,1,0,1,0,1.0,383,66,5.803030303030303
1,36,169,98,0,0,6,1,0,1,2,2,2,0,1,0,0,0,1.0,31,5,6.2
1,2,2,0,1,0,0,0,1,1,0,2,0,0,1,0,1,0,6.0,166,30,5.533333333333333
1,8,14,3,0,0,1,0,2,1,0,2,0,0,1,0,0,0,0.0,91,19,4.7894736842105265
1,1,2,0,1,0,0,0,1,0,0,2,0,0,1,0,1,0,1.0,84,18,4.666666666666667
1,60,34,0,0,1,4,0,0,0,2,0,0,0,1,300,0,0,1.0,495,86,5.755813953488372
1,6,9,131,0,0,1,0,0,2,1,2,0,0,1,300,1,0,6.0,400,72,5.555555555555555
1,1,2,0,1,5,2,0,1,1,0,0,0,0,1,0,0,0,1.0,211,41,5.146341463414634
1,12,2,0,2,1,2,0,1,1,1,1,1,0,4,0,1,0,5.0,2150,366,5.8743169398907105
0,61,3,0,0,5,2,0,2,0,2,2,2,0,1,0,1,1,6.0,222,47,4.723404255319149
1,60,72,0,1,2,2,0,0,1,2,2,2,0,1,0,0,0,2.0,17,3,5.666666666666667
1,3,2,0,2,1,3,0,1,0,2,2,0,0,2,0,0,0,3.0,181,33,5.484848484848484
0,1,3,0,2,0,1,5,0,0,0,0,0,0,4,0,1,0,3.0,236,42,5.619047619047619
1,4,2,0,1,1,2,0,0,0,0,0,0,0,1,20,3,0,1.0,113,19,5.947368421052632
1,2,2,3,0,0,2,0,1,1,2,2,0,0,1,0,1,0,2.0,284,50,5.68
0,1,1,6,1,6,4,1,1,1,0,0,0,0,1,0,1,0,1.0,279,54,5.166666666666667
0,3,3,0,1,0,5,1,1,1,0,0,0,0,1,0,1,3,10.0,1108,199,5.567839195979899
1,1,2,0,1,1,4,1,1,1,0,0,0,0,1,0,3,0,0.0,265,47,5.638297872340425
1,1,2,0,2,0,1,1,2,0,0,0,0,0,4,0,1,0,3.0,420,78,5.384615384615385
1,1,2,0,0,0,1,0,1,2,0,0,0,0,1,0,3,0,2.0,112,22,5.090909090909091
0,1,3,26,1,0,1,3,0,0,0,2,0,1,1,0,1,0,16.0,1752,344,5.093023255813954
1,0,2,3,0,0,0,0,1,0,0,0,0,0,1,0,0,0,3.0,199,40,4.975
1,1,2,0,0,0,1,0,1,0,0,0,0,0,1,0,0,0,8.0,189,31,6.096774193548387
0,3,1,0,0,0,1,0,1,1,0,2,0,0,3,0,1,0,2.0,668,113,5.911504424778761
1,2,2,3,1,1,0,0,1,1,2,2,0,0,1,0,0,0,5.0,12,2,6.0
0,12,3,0,1,3,0,0,1,0,2,2,2,0,1,0,1,0,1.0,34,7,4.857142857142857
1,1,2,0,0,0,1,0,1,0,1,1,0,0,1,0,0,0,5.0,126,22,5.7272727272727275
1,5,2,0,1,1,2,0,1,0,2,2,0,0,1,50,1,1,5.0,824,154,5.35064935064935
1,2,14,33,2,0,1,2,1,1,0,0,0,0,6,0,0,0,1.0,206,37,5.5675675675675675
0,12,3,0,0,4,2,0,1,0,2,2,0,0,1,0,0,0,5.0,28,4,7.0
1,36,2,7,0,0,0,0,1,0,0,0,2,0,1,0,0,0,5.0,396,75,5.28
0,1,3,0,0,0,0,0,1,0,0,0,0,0,1,15,0,0,7.0,101,20,5.05
1,2,2,0,0,0,0,0,1,0,0,0,0,0,1,0,5,0,1.0,280,48,5.833333333333333
1,3,2,0,0,0,1,0,1,1,0,0,0,0,1,0,0,0,2.0,94,20,4.7
1,9,2,0,0,0,0,0,1,0,2,2,2,0,1,0,1,0,14.0,231,48,4.8125
1,1,2,0,2,0,1,0,1,0,0,0,0,0,4,0,5,0,1.0,196,39,5.0256410256410255
0,2,3,0,1,0,1,3,1,0,0,2,0,0,1,50,0,1,7.0,812,151,5.377483443708609
1,18,51,3,1,0,0,0,0,2,1,1,0,0,1,0,5,2,9.0,415,60,6.916666666666667
0,2,10,6,0,1,4,3,1,1,0,1,0,0,1,20,0,0,3.0,633,112,5.651785714285714
1,5,2,31,1,0,5,0,2,0,2,2,0,0,1,0,0,0,3.0,564,106,5.320754716981132
0,2,3,0,0,3,0,0,1,0,0,2,0,0,1,0,1,0,9.0,665,132,5.037878787878788
1,1,2,0,1,1,4,1,1,1,1,1,1,0,2,0,3,0,1.0,52,11,4.7272727272727275
1,10,2,0,1,1,6,0,1,1,2,2,0,0,2,0,1,0,2.0,597,120,4.975
1,4,2,3,1,5,2,0,2,0,2,2,2,0,1,50,9,0,2.0,227,41,5.536585365853658
1,2,2,0,2,0,1,4,1,0,0,0,0,0,20,0,0,0,2.0,890,158,5.632911392405063
0,2,0,9,2,0,0,0,1,0,0,0,0,0,7,0,1,0,6.0,370,77,4.805194805194805
1,8,2,0,1,2,2,0,0,0,2,2,2,0,1,0,0,0,1.0,271,48,5.645833333333333
1,2,2,0,2,0,1,2,1,0,2,2,0,0,5,0,0,0,11.0,608,117,5.196581196581197
0,3,3,0,1,2,3,0,1,0,0,2,0,0,1,0,1,0,1.0,215,37,5.8108108108108105
0,9,7,6,0,4,5,0,1,1,0,2,0,0,1,0,0,0,8.0,215,45,4.777777777777778
1,1,5,3,1,2,0,0,1,0,0,2,0,0,1,0,0,0,11.0,260,48,5.416666666666667
0,10,64,0,1,0,3,1,0,0,1,2,0,0,3,50,1,0,3.0,340,62,5.483870967741935
0,2,1,0,0,0,0,0,0,1,0,0,0,0,1,0,0,0,5.0,31,10,3.1
1,2,2,0,0,1,2,0,1,1,2,2,0,0,1,0,0,0,3.0,323,63,5.126984126984127
0,30,3,0,0,3,0,0,1,0,2,2,2,0,1,0,0,2,19.0,1140,230,4.956521739130435
0,3,3,9,0,6,3,1,1,0,0,2,0,0,1,30,0,0,1.0,157,27,5.814814814814815
0,2,3,0,1,0,0,0,1,0,0,1,0,0,1,0,1,0,1.0,119,23,5.173913043478261
0,3,3,0,2,6,3,1,1,0,0,2,0,0,5,30,1,0,1.0,62,13,4.769230769230769
0,2,1,0,1,0,0,0,1,1,0,0,0,0,1,0,0,0,5.0,100,19,5.2631578947368425
1,1,2,3,2,0,1,5,2,0,2,2,0,0,7,0,0,5,30.0,347,53,6.547169811320755
1,72,14,3,1,4,5,0,1,0,2,2,2,0,1,0,0,0,6.0,866,126,6.873015873015873
0,4,3,0,0,0,5,3,1,0,0,0,0,0,1,0,0,0,2.0,10,2,5.0
0,3,3,0,1,4,3,1,1,1,0,0,0,0,2,0,1,0,2.0,69,12,5.75
0,2,3,0,0,0,2,0,1,0,0,0,0,0,1,0,0,0,2.0,113,22,5.136363636363637
0,21,3,0,0,0,0,0,1,0,2,2,2,0,1,0,0,0,3.0,490,98,5.0
1,1,2,0,1,0,0,0,1,0,0,0,0,0,1,0,0,0,6.0,845,133,6.353383458646617
0,3,1,0,1,1,0,0,1,1,0,0,0,0,1,0,1,0,4.0,63,10,6.3
1,1,2,0,1,0,1,3,1,1,0,0,0,0,2,0,3,0,5.0,437,68,6.426470588235294
1,36,101,3,0,4,2,0,2,0,2,2,2,0,1,0,0,0,2.0,430,90,4.777777777777778
0,12,3,0,1,0,1,3,0,0,2,2,2,0,1,0,0,0,6.0,704,133,5.293233082706767
1,0,2,3,1,0,4,1,1,0,0,0,0,0,1,0,5,0,1.0,30,6,5.0
1,26,2,0,1,0,2,0,1,0,2,2,2,0,1,0,0,0,2.0,187,34,5.5
1,1,2,0,2,0,1,1,1,1,0,2,1,0,2,0,0,0,1.0,197,36,5.472222222222222
1,12,2,3,1,0,4,1,2,0,2,2,2,0,1,0,0,0,1.0,72,13,5.538461538461538
1,4,2,0,0,0,2,0,1,0,2,2,0,0,1,0,0,0,1.0,142,24,5.916666666666667
0,5,3,0,0,1,4,0,0,0,2,2,0,0,1,0,1,0,1.0,437,77,5.675324675324675
1,2,2,0,1,6,0,0,0,0,2,1,0,0,1,0,0,0,4.0,148,27,5.481481481481482
1,0,2,0,2,0,1,1,1,1,1,1,1,0,7,0,0,0,5.0,84,16,5.25
0,2,0,0,1,0,3,1,1,0,0,0,0,0,2,0,1,0,1.0,172,31,5.548387096774194
0,1,1,6,2,3,0,0,0,1,0,0,0,0,4,0,0,0,7.0,55,9,6.111111111111111
1,24,2,33,1,0,1,0,1,1,2,2,1,0,1,0,1,0,3.0,700,128,5.46875
0,12,10,0,0,1,4,1,1,0,2,2,0,0,1,50,0,0,5.0,127,22,5.7727272727272725
1,4,2,0,1,1,2,0,1,0,2,2,0,0,1,0,1,0,4.0,122,19,6.421052631578948
0,2,3,9,0,1,4,1,0,0,1,2,0,0,1,0,1,0,1.0,123,21,5.857142857142857
0,1,3,0,2,0,5,1,1,0,0,0,0,0,2,0,1,0,3.0,348,64,5.4375
0,26,3,57,0,4,4,0,2,1,2,2,2,0,1,100,0,0,4.0,313,44,7.113636363636363
1,5,28,3,0,1,2,0,1,0,0,2,0,0,1,0,0,0,1.0,171,33,5.181818181818182
1,1,2,0,1,1,2,0,1,0,0,2,0,0,1,0,0,0,1.0,77,14,5.5
1,3,2,3,1,0,1,2,1,0,0,0,0,0,1,0,0,0,1.0,29,6,4.833333333333333
0,4,3,0,0,0,2,0,1,0,0,0,0,0,1,0,1,0,5.0,299,57,5.245614035087719
0,3,7,1,0,4,0,0,2,1,1,1,1,0,1,0,8,0,2.0,23,4,5.75
0,2,3,0,0,0,2,0,0,0,0,2,0,0,1,50,0,0,1.0,267,47,5.680851063829787
1,3,2,0,1,0,1,1,1,0,2,2,0,0,1,0,1,0,2.0,56,9,6.222222222222222
1,2,2,0,1,0,1,0,1,1,0,0,0,0,1,0,0,0,1.0,214,37,5.783783783783784
1,2,2,31,1,0,1,0,1,1,2,2,0,0,1,0,0,0,3.0,200,40,5.0
0,12,10,9,1,1,0,0,1,0,2,2,0,0,1,0,0,0,1.0,68,12,5.666666666666667
0,1,1,78,1,4,4,1,1,1,0,2,0,0,1,40,0,0,7.0,1087,186,5.844086021505376
0,4,26,9,1,0,1,1,1,0,2,2,2,0,1,50,0,0,9.0,439,83,5.289156626506024
0,2,56,16,2,0,0,0,1,1,0,0,0,0,3,0,0,0,20.0,641,112,5.723214285714286
0,2,3,0,0,6,0,0,1,0,2,2,0,0,1,0,1,0,1.0,160,28,5.714285714285714
1,2,2,0,1,0,1,0,1,0,0,2,0,0,1,0,0,0,4.0,339,65,5.2153846153846155
1,5,11,3,0,1,0,0,1,0,2,2,2,0,1,0,1,0,6.0,281,49,5.73469387755102
0,12,30,0,0,0,0,0,2,1,0,0,0,0,1,0,0,0,3.0,315,57,5.526315789473684
1,2,2,0,1,1,0,0,1,0,1,1,0,0,1,0,0,0,9.0,275,45,6.111111111111111
0,12,30,0,1,6,0,0,1,1,1,0,1,0,1,1,1,0,3.0,68,14,4.857142857142857
0,60,36,20,1,0,1,4,1,0,2,2,0,0,2,0,1,0,2.0,500,102,4.901960784313726
0,12,17,9,0,0,2,0,0,0,2,2,2,0,1,120,0,0,0.0,93,16,5.8125
1,27,2,0,1,1,0,0,0,0,2,2,2,0,1,0,0,0,1.0,16,3,5.333333333333333
1,6,62,3,1,0,2,0,1,0,1,1,0,0,1,0,1,0,3.0,725,145,5.0
0,5,3,9,0,2,0,0,1,0,0,0,0,0,1,0,1,0,3.0,6,1,6.0
0,2,4,0,1,0,5,1,0,2,0,2,0,0,1,0,1,1,2.0,420,58,7.241379310344827
0,2,3,0,1,2,3,1,1,0,2,2,0,0,2,0,0,0,12.0,1114,199,5.597989949748744
1,2,2,3,2,0,1,1,1,1,2,2,0,0,4,100,0,0,14.0,282,59,4.779661016949152
1,7,2,0,1,1,0,0,1,0,2,2,0,0,1,0,0,0,1.0,186,40,4.65
1,60,2,3,0,1,4,1,1,1,2,2,2,0,1,0,0,0,4.0,106,15,7.066666666666666
1,2,2,0,0,0,1,1,1,0,0,2,0,0,4,0,0,0,4.0,365,68,5.367647058823529
1,3,2,0,1,6,0,0,1,0,0,0,0,1,1,0,9,0,2.0,719,149,4.825503355704698
1,0,2,0,2,0,1,0,1,0,0,0,0,0,8,0,1,0,2.0,145,27,5.37037037037037
1,2,2,0,1,0,5,0,2,1,1,1,0,0,1,0,0,0,2.0,70,12,5.833333333333333
0,3,3,0,1,1,6,0,0,0,2,2,0,0,3,0,0,0,3.0,627,118,5.313559322033898
1,12,2,11,0,1,5,2,2,1,0,0,2,0,1,150,0,0,3.0,527,103,5.116504854368932
1,36,2,0,1,1,2,0,1,0,1,1,0,0,1,0,6,0,1.0,80,14,5.714285714285714
1,144,2,0,0,1,2,0,2,1,1,1,1,0,1,0,0,0,1.0,442,71,6.225352112676056
0,12,1,6,0,0,1,2,1,1,2,0,0,0,2,0,1,0,1.0,2,1,2.0
1,42,19,0,0,3,0,0,1,1,2,2,2,0,1,0,6,0,2.0,585,114,5.131578947368421
1,2,2,0,1,0,1,0,1,1,0,0,0,0,1,20,3,0,1.0,122,21,5.809523809523809
1,1,2,0,2,1,0,0,1,1,0,0,0,0,5,0,3,0,8.0,490,79,6.2025316455696204
1,4,2,0,1,1,0,0,0,0,0,2,0,0,1,0,1,0,1.0,377,71,5.309859154929577
0,2,3,0,1,0,0,0,1,0,0,2,0,0,1,0,0,0,5.0,295,41,7.195121951219512
1,3,2,0,1,1,6,0,1,1,0,2,0,0,1,0,0,1,1.0,26,5,5.2
0,25,1,0,2,0,1,4,0,1,0,2,0,0,12,0,0,0,5.0,203,37,5.486486486486487
0,1,3,0,0,0,0,0,0,0,0,0,0,0,1,0,0,0,1.0,183,36,5.083333333333333
0,2,3,0,1,0,2,0,0,0,0,0,0,0,2,0,0,0,3.0,294,59,4.983050847457627
0,4,3,0,1,0,2,0,1,0,0,0,0,0,1,5,0,0,1.0,355,68,5.220588235294118
0,1,0,0,2,0,1,5,0,1,0,0,0,0,5,50,0,0,5.0,202,39,5.17948717948718
0,12,10,6,1,0,3,1,1,1,2,2,2,0,1,0,0,0,9.0,485,86,5.6395348837209305
0,12,3,0,0,0,0,0,2,0,0,0,0,0,1,0,0,0,5.0,617,123,5.016260162601626
0,2,3,0,0,0,1,1,0,0,0,0,0,0,3,0,0,0,3.0,247,43,5.744186046511628
0,1,3,5,2,0,1,3,0,0,0,0,0,0,3,0,0,0,5.0,211,39,5.410256410256411
0,1,12,0,0,0,1,1,0,0,0,0,0,0,1,0,0,0,3.0,194,36,5.388888888888889
0,2,3,0,0,0,1,1,0,0,0,0,0,0,1,0,0,0,2.0,55,10,5.5
1,24,66,0,0,5,2,0,0,2,2,2,0,0,1,300,1,0,2.0,113,20,5.65
0,12,30,0,1,3,0,0,2,1,2,2,2,0,1,0,1,0,5.0,312,58,5.379310344827586
1,9,2,0,1,0,1,0,1,0,2,2,2,0,1,0,3,0,6.0,824,149,5.530201342281879
1,2,2,0,1,1,4,0,1,0,2,2,0,0,1,0,0,0,4.0,158,26,6.076923076923077
1,0,5,0,0,1,6,0,0,1,1,1,0,0,1,0,0,0,2.0,21,3,7.0
0,4,0,0,1,0,5,0,0,1,0,2,2,0,1,100,2,0,2.0,72,12,6.0
1,6,34,0,0,1,2,0,0,0,2,1,0,0,1,200,3,0,2.0,50,10,5.0
1,1,2,0,0,5,2,0,1,1,0,2,0,0,1,0,0,0,5.0,343,69,4.971014492753623
1,2,2,0,1,0,2,0,1,0,0,2,0,0,1,0,1,0,14.0,42,7,6.0
0,2,1,0,0,6,0,0,1,1,0,2,1,0,1,0,0,0,6.0,930,157,5.923566878980892
1,4,2,3,0,1,4,1,1,0,2,2,0,0,1,0,0,0,2.0,248,47,5.276595744680851
1,7,2,7,0,0,0,0,0,1,2,2,0,0,1,0,0,0,3.0,228,46,4.956521739130435
1,42,9,0,0,2,2,0,0,1,2,2,2,0,1,0,0,0,6.0,1132,231,4.9004329004329
0,11,3,0,1,4,3,1,1,0,2,2,2,0,1,0,0,0,1.0,37,7,5.285714285714286
0,3,1,0,0,0,0,0,0,0,0,0,0,0,1,0,0,0,1.0,199,37,5.378378378378378
0,6,3,0,1,1,5,2,0,0,2,2,0,0,1,0,0,0,3.0,307,62,4.951612903225806
1,2,2,0,1,0,0,0,1,1,2,2,0,0,3,0,0,0,4.0,359,65,5.523076923076923
0,2,12,0,1,5,2,0,0,0,0,0,2,0,1,100,5,0,4.0,250,51,4.901960784313726
0,14,10,10,2,0,6,3,0,0,1,2,2,0,5,100,0,0,4.0,219,39,5.615384615384615
1,2,2,0,1,5,2,0,1,1,2,2,0,0,1,0,1,1,14.0,246,47,5.23404255319149
1,2,13,3,0,1,2,0,1,0,2,2,2,0,5,0,0,0,3.0,524,106,4.943396226415095
0,14,3,8,0,1,4,0,1,0,2,0,0,0,1,0,0,0,1.0,51,7,7.285714285714286
1,1,2,0,0,0,1,0,1,0,0,2,0,0,1,0,3,0,2.0,190,26,7.3076923076923075
1,12,2,3,0,0,4,0,1,0,2,2,2,0,1,0,0,0,3.0,100,20,5.0
0,3,3,9,0,4,0,0,1,0,0,2,0,0,1,0,1,0,5.0,255,53,4.811320754716981
0,2,3,26,2,1,6,3,0,0,0,0,0,0,2,0,3,1,8.0,2765,478,5.7845188284518825
0,5,3,20,2,0,1,1,1,0,0,2,0,0,2,50,1,0,9.0,440,85,5.176470588235294
1,24,2,3,1,0,1,1,1,1,1,2,1,0,1,0,5,0,1.0,436,80,5.45
1,3,2,3,0,1,2,0,1,0,2,1,2,0,1,0,0,0,1.0,554,103,5.378640776699029
0,3,3,0,0,0,0,0,0,0,0,2,0,0,1,0,5,0,5.0,383,67,5.7164179104477615
0,1,4,0,2,0,1,4,0,0,0,0,0,0,3,0,0,0,3.0,56,10,5.6
0,0,3,0,2,2,0,0,0,0,0,0,0,0,5,0,1,0,7.0,814,149,5.4630872483221475
1,4,2,11,0,0,1,0,1,0,0,0,0,0,1,0,8,0,2.0,138,29,4.758620689655173
1,9,2,0,1,0,1,0,1,0,1,1,1,2,1,0,0,0,7.0,1194,247,4.834008097165992
0,5,3,0,1,0,2,0,1,0,0,2,0,0,1,0,1,0,1.0,85,18,4.722222222222222
1,72,34,0,1,2,2,0,0,0,0,0,0,0,1,200,0,0,1.0,177,33,5.363636363636363
1,1,2,0,2,0,2,0,1,0,0,0,0,0,7,0,0,1,3.0,42,8,5.25
1,48,34,28,1,2,2,0,0,0,1,1,1,0,1,200,0,0,1.0,490,89,5.50561797752809
0,5,85,1,2,0,3,1,1,1,2,2,1,0,3,0,1,0,6.0,78,15,5.2
1,2,2,7,1,0,1,1,1,0,0,2,0,0,2,0,0,0,10.0,375,68,5.514705882352941
1,60,34,0,0,1,2,0,1,1,2,0,0,0,1,0,0,0,2.0,188,32,5.875
1,0,2,0,0,0,1,5,2,0,0,0,0,0,5,0,5,0,7.0,156,26,6.0
1,11,2,0,1,4,2,0,1,1,2,2,2,0,1,0,0,0,2.0,73,10,7.3
1,12,2,0,0,0,0,0,1,0,2,2,0,0,1,250,0,0,3.0,127,27,4.703703703703703
1,1,14,3,0,1,2,0,1,0,1,1,0,0,1,0,0,0,1.0,83,16,5.1875
1,2,2,0,1,1,2,0,1,0,2,2,0,0,1,0,0,0,9.0,243,44,5.5227272727272725
0,6,3,0,0,1,5,1,0,0,0,0,0,0,3,0,1,0,4.0,385,76,5.065789473684211
1,4,2,0,0,1,0,0,1,0,2,2,0,0,1,0,0,0,1.0,96,18,5.333333333333333
1,6,2,0,0,4,2,0,1,1,0,0,2,0,1,50,1,0,1.0,224,42,5.333333333333333
0,1,3,0,2,6,0,0,1,0,0,2,0,0,2,0,0,0,4.0,394,76,5.184210526315789
1,20,8,0,0,0,2,0,2,1,2,2,2,0,1,300,0,0,5.0,266,49,5.428571428571429
1,2,2,0,1,0,4,1,1,0,0,0,0,0,1,0,2,1,7.0,1239,230,5.386956521739131
1,2,2,0,0,2,2,0,1,1,1,1,0,0,1,0,0,0,5.0,68,12,5.666666666666667
1,4,2,3,1,0,0,0,1,0,2,2,0,0,1,100,0,0,8.0,12,3,4.0
0,6,3,0,1,0,2,0,1,0,0,0,0,0,1,0,1,1,1.0,198,39,5.076923076923077
1,2,2,0,0,1,6,0,1,1,2,2,0,0,1,50,0,0,2.0,31,7,4.428571428571429
1,2,2,58,2,0,1,1,1,0,2,2,0,0,2,200,0,0,2.0,256,45,5.688888888888889
1,1,2,0,1,1,2,0,1,0,1,1,0,0,1,0,0,0,1.0,123,21,5.857142857142857
1,5,2,0,0,1,2,0,1,0,2,2,0,0,1,0,0,0,4.0,253,45,5.622222222222222
0,5,3,19,1,0,6,2,1,0,0,2,0,0,1,0,1,0,15.0,78,11,7.090909090909091
1,60,33,0,0,0,1,0,1,1,2,2,2,1,1,0,0,0,2.0,234,43,5.441860465116279
0,2,3,9,1,0,1,4,1,1,0,0,0,0,2,0,1,0,2.0,137,26,5.269230769230769
0,3,61,19,1,0,1,4,1,2,0,0,0,0,1,0,0,0,1.0,358,69,5.188405797101449
1,3,2,0,2,0,1,1,1,0,0,0,0,0,4,0,0,0,4.0,101,20,5.05
1,132,11,0,1,1,0,0,0,1,2,2,2,0,1,0,0,0,2.0,298,55,5.418181818181818
0,1,1,0,1,0,3,1,1,1,0,0,0,0,1,0,0,0,1.0,154,30,5.133333333333334
1,60,2,0,0,1,2,0,1,1,1,1,1,0,1,0,1,0,4.0,574,102,5.627450980392157
1,2,2,0,1,2,0,0,1,0,0,2,0,0,1,0,1,0,4.0,68,12,5.666666666666667
0,2,142,0,2,0,3,1,0,0,1,1,1,0,3,0,9,0,2.0,47,10,4.7
0,5,56,26,0,0,1,1,1,0,0,0,0,0,2,0,1,0,2.0,78,17,4.588235294117647
1,3,2,0,1,1,2,0,1,0,0,2,1,0,1,0,0,0,2.0,42,7,6.0
1,2,2,0,0,1,2,0,1,1,2,2,0,0,1,0,0,0,1.0,169,35,4.828571428571428
1,1,2,3,0,1,2,0,1,1,2,2,0,0,1,0,0,0,1.0,12,2,6.0
0,36,3,19,1,0,6,1,1,0,2,2,2,0,1,0,0,0,5.0,363,69,5.260869565217392
0,48,7,57,2,0,4,1,1,2,2,2,2,0,2,0,0,0,2.0,310,58,5.344827586206897
1,2,2,0,0,0,1,2,2,0,2,2,0,0,3,0,0,0,4.0,313,55,5.6909090909090905
0,3,3,0,1,3,0,0,0,0,0,0,0,0,1,0,5,0,5.0,61,12,5.083333333333333
1,48,2,0,0,0,2,0,1,0,1,1,1,0,1,0,0,0,4.0,630,125,5.04
0,3,4,9,2,4,0,0,1,2,0,0,0,0,4,0,0,0,5.0,659,104,6.336538461538462
1,2,2,0,2,1,4,1,1,0,1,2,0,0,9,0,1,0,1.0,35,5,7.0
1,3,2,0,0,0,1,0,1,1,2,2,1,0,1,0,1,0,3.0,27,5,5.4
0,3,1,0,2,1,5,1,1,1,0,0,0,0,3,0,0,0,2.0,70,12,5.833333333333333
1,4,2,0,1,0,0,0,1,0,2,2,2,0,1,0,2,0,11.0,317,45,7.044444444444444
0,24,4,0,1,0,1,4,1,2,1,1,1,0,1,0,1,0,1.0,332,66,5.03030303030303
1,4,9,0,0,1,4,3,0,2,1,2,0,0,1,500,0,0,3.0,378,78,4.846153846153846
0,4,4,10,1,1,2,0,1,2,0,2,0,0,1,650,0,0,6.0,65,12,5.416666666666667
0,72,3,0,1,0,1,1,2,0,2,2,2,0,1,0,0,0,1.0,188,32,5.875
0,1,1,0,1,0,6,1,1,1,0,0,0,0,1,0,1,0,5.0,167,30,5.566666666666666
1,3,2,0,0,1,2,0,1,0,1,1,0,0,1,0,0,0,2.0,109,23,4.739130434782608
0,2,3,0,0,0,0,0,0,0,0,0,0,0,1,10,0,0,3.0,140,21,6.666666666666667
1,60,2,0,0,0,6,0,1,0,1,1,1,0,1,0,1,0,3.0,246,25,9.84
0,4,3,0,0,3,0,0,0,0,0,0,0,0,1,0,1,0,5.0,109,20,5.45
1,1,2,0,2,0,1,0,0,0,0,0,1,0,6,0,9,0,0.0,446,83,5.373493975903615
0,36,3,0,0,0,0,0,2,1,1,2,2,0,1,0,1,0,5.0,682,128,5.328125
1,5,2,0,1,1,4,1,1,0,2,2,0,0,2,0,0,0,3.0,384,73,5.260273972602739
1,12,9,0,0,0,1,1,1,0,2,2,0,0,1,0,2,0,1.0,90,14,6.428571428571429
1,24,2,0,1,0,1,0,1,1,2,2,2,0,1,0,1,0,1.0,587,105,5.59047619047619
1,18,100,11,1,6,4,1,1,1,0,2,2,0,1,100,1,0,2.0,1595,293,5.4436860068259385
0,10,3,0,0,0,0,0,1,0,2,2,2,0,1,0,5,0,7.0,619,111,5.576576576576577
1,1,2,0,1,2,2,0,1,1,0,0,0,0,1,0,0,0,3.0,126,23,5.478260869565218
0,4,7,9,2,0,1,3,1,1,0,0,0,0,6,0,0,0,12.0,490,99,4.94949494949495
0,2,3,0,2,0,5,0,1,0,2,2,0,0,4,0,5,0,4.0,341,68,5.014705882352941
0,5,3,9,2,6,3,1,1,0,0,0,2,0,3,0,0,0,3.0,218,36,6.055555555555555
1,4,2,3,1,0,1,0,1,0,1,1,1,0,2,0,0,0,5.0,395,70,5.642857142857143
1,24,14,3,0,2,2,0,2,0,0,2,0,1,1,0,1,0,4.0,719,127,5.661417322834645
1,12,2,0,2,1,2,0,1,1,1,1,1,0,4,0,1,0,7.0,2150,366,5.8743169398907105
1,12,2,0,0,0,2,0,1,0,0,0,0,0,1,0,0,0,1.0,113,21,5.380952380952381
1,2,2,0,1,0,1,2,1,0,0,2,0,0,1,0,1,0,3.0,219,43,5.093023255813954
1,2,2,31,1,0,1,0,2,1,2,2,0,0,1,0,0,0,5.0,300,51,5.882352941176471
1,5,2,0,0,1,4,0,1,1,2,2,0,0,1,0,0,0,8.0,504,94,5.361702127659575
1,3,2,0,0,0,1,0,0,0,2,2,0,0,1,0,0,0,3.0,477,90,5.3
0,6,3,6,2,0,5,1,0,0,1,1,1,0,5,0,3,0,2.0,640,104,6.153846153846154
0,4,36,8,0,5,2,0,1,1,0,0,0,0,2,100,0,0,1.0,34,4,8.5
0,1,12,0,2,0,3,1,0,1,0,2,0,0,5,0,1,1,6.0,497,99,5.02020202020202
0,1,56,0,2,1,0,0,0,1,1,1,1,0,4,0,5,0,4.0,624,122,5.114754098360656
0,10,3,0,0,0,0,0,1,0,0,0,2,0,1,0,0,0,7.0,125,20,6.25
1,3,2,0,0,0,0,0,0,0,1,1,1,0,1,0,0,0,5.0,121,25,4.84
1,2,2,11,0,1,0,0,1,1,0,0,0,0,1,0,1,0,2.0,128,23,5.565217391304348
1,17,2,0,0,0,0,0,1,0,2,2,2,0,1,0,1,0,3.0,1871,370,5.056756756756757
1,2,70,3,1,1,2,0,1,0,1,1,0,0,1,0,0,0,2.0,123,21,5.857142857142857
0,14,3,0,0,4,2,0,1,0,2,2,2,0,1,0,5,0,10.0,905,146,6.198630136986301
0,12,1,1,1,6,0,0,2,2,0,2,2,0,1,100,1,0,11.0,285,57,5.0
1,96,9,0,1,2,0,0,0,1,2,2,1,0,1,0,0,0,2.0,549,107,5.130841121495327
0,6,1,0,0,2,2,0,1,1,0,0,0,0,1,0,0,0,1.0,16,3,5.333333333333333
1,36,34,0,0,1,2,0,0,0,2,2,2,0,1,0,1,0,3.0,340,62,5.483870967741935
0,2,3,0,0,0,0,0,1,1,0,2,1,0,1,0,0,0,5.0,179,37,4.837837837837838
0,4,3,0,1,0,1,1,0,1,0,2,0,0,1,0,1,0,2.0,217,45,4.822222222222222
0,4,3,0,1,0,1,1,0,0,0,2,0,0,1,0,3,0,4.0,127,28,4.535714285714286
1,24,2,42,1,0,1,0,1,0,2,2,2,0,1,0,3,0,2.0,305,57,5.350877192982456
0,3,1,6,2,0,1,1,1,1,0,0,0,0,6,0,0,0,7.0,428,63,6.7936507936507935
1,36,96,0,1,0,3,1,0,2,1,1,2,0,1,0,5,0,6.0,378,72,5.25
0,2,4,6,0,0,1,3,1,1,0,2,0,0,1,50,0,0,8.0,790,149,5.302013422818792
0,3,10,9,1,1,4,0,0,0,0,0,0,0,1,0,0,0,1.0,106,21,5.0476190476190474
1,10,111,3,0,1,0,0,1,1,2,2,0,0,1,0,0,0,4.0,375,71,5.28169014084507
1,30,2,0,1,0,4,1,1,1,2,2,2,0,1,0,0,0,1.0,1035,197,5.253807106598985
0,1,12,0,2,1,6,4,1,0,0,0,0,0,2,0,5,0,5.0,479,91,5.263736263736264
1,13,19,3,1,0,3,1,1,1,2,2,2,0,1,0,0,0,3.0,232,45,5.155555555555556
0,2,3,0,1,0,5,1,1,0,0,0,0,0,1,50,0,0,3.0,295,51,5.784313725490196
1,60,2,0,1,1,4,0,1,1,1,1,1,0,1,0,6,0,1.0,21,2,10.5
0,2,1,9,2,2,3,1,2,1,0,2,1,0,5,30,0,0,5.0,64,9,7.111111111111111
