Type,Age,Breed1,Breed2,Gender,Color1,Color2,Color3,MaturitySize,FurLength,Vaccinated,Dewormed,Sterilized,Health,Quantity,Fee,State,VideoAmt,PhotoAmt,desc_length,desc_words,average_word_length
0,12,4,1,0,0,2,0,1,2,0,0,1,0,1,300,0,0,3.0,400,78,5.128205128205129
0,12,1,0,1,0,0,0,1,1,1,1,1,0,1,0,0,0,2.0,232,45,5.155555555555556
1,2,2,0,0,0,1,1,1,0,0,2,0,0,1,0,1,0,7.0,68,12,5.666666666666667
0,6,3,0,1,1,2,0,0,0,2,2,2,0,1,0,0,0,1.0,39,8,4.875
0,2,7,6,0,4,2,0,1,1,0,0,0,0,1,0,1,0,11.0,54,9,6.0
0,1,3,0,1,1,0,0,0,0,0,2,0,0,1,0,3,0,1.0,296,54,5.481481481481482
0,12,4,0,1,3,2,0,1,2,0,0,0,0,1,0,0,0,5.0,22,4,5.5
1,3,2,0,1,1,0,0,0,0,1,1,1,1,1,0,0,0,0.0,254,52,4.884615384615385
0,5,3,0,0,0,0,0,1,0,0,2,0,0,1,30,0,0,4.0,627,119,5.26890756302521
1,1,2,0,1,0,1,0,1,1,0,0,0,0,2,0,0,0,3.0,118,20,5.9
0,47,17,10,1,0,1,0,1,2,0,0,0,0,1,0,0,0,2.0,137,28,4.892857142857143
1,1,2,0,0,1,2,0,1,0,0,0,0,0,1,0,2,0,5.0,643,119,5.4033613445378155
0,24,3,0,0,6,2,0,2,0,0,0,0,1,1,0,6,0,12.0,672,106,6.339622641509434
0,3,1,0,0,0,0,0,1,1,1,1,0,0,1,0,0,0,1.0,22,3,7.333333333333333
1,12,21,0,0,0,3,1,1,1,2,0,0,0,1,400,9,0,1.0,1146,208,5.509615384615385
0,2,24,9,2,0,1,0,1,0,0,0,0,0,2,0,9,0,2.0,102,14,7.285714285714286
0,36,31,0,2,0,6,3,1,1,2,2,2,0,5,0,0,0,0.0,659,113,5.831858407079646
1,17,2,0,0,0,2,0,1,1,2,2,2,0,1,150,1,0,1.0,707,134,5.276119402985074
0,12,3,9,0,4,0,0,1,0,2,2,2,0,2,0,1,0,2.0,160,24,6.666666666666667
1,24,2,0,1,1,0,0,1,0,2,2,2,0,1,0,0,0,24.0,490,87,5.632183908045977
1,2,2,0,0,0,1,2,1,0,0,0,0,0,1,0,0,0,2.0,517,102,5.068627450980392
0,12,3,0,1,1,6,2,1,0,2,2,2,0,1,0,1,0,2.0,627,119,5.26890756302521
1,2,2,11,2,2,0,0,2,0,2,2,0,0,3,0,0,1,8.0,344,51,6.745098039215686
1,1,5,2,2,0,4,1,1,1,0,0,0,0,4,0,0,0,2.0,207,40,5.175
0,2,1,0,1,0,3,1,1,1,2,2,0,0,1,0,0,0,4.0,43,7,6.142857142857143
1,3,2,3,0,1,2,0,2,0,0,0,1,0,1,0,1,0,3.0,129,24,5.375
1,24,2,3,1,1,2,0,1,0,2,2,2,1,1,20,0,0,2.0,148,26,5.6923076923076925
1,7,2,0,1,1,2,0,1,0,2,2,0,0,1,0,1,0,1.0,425,80,5.3125
0,1,1,0,1,0,5,1,1,2,0,2,0,0,1,0,0,2,10.0,986,171,5.766081871345029
0,1,3,0,0,0,0,0,1,0,0,2,0,0,1,0,0,0,6.0,837,151,5.543046357615894
1,36,13,7,1,5,2,0,1,1,2,2,2,0,1,0,1,0,2.0,43,9,4.777777777777778
1,2,2,0,1,1,5,0,1,0,0,2,0,0,1,0,0,0,4.0,1217,237,5.135021097046414
1,3,2,3,1,1,2,0,1,0,2,2,2,0,1,200,0,0,6.0,43,8,5.375
0,12,1,0,0,0,2,0,0,1,1,1,1,0,1,0,0,0,1.0,139,25,5.56
1,12,2,3,1,1,2,0,1,1,0,2,0,0,1,0,3,0,1.0,23,4,5.75
1,36,5,7,1,1,6,2,1,2,2,2,2,0,1,0,0,0,3.0,255,50,5.1
1,2,2,0,1,0,1,1,1,0,2,2,0,0,1,0,0,0,6.0,140,24,5.833333333333333
0,3,3,0,2,1,4,1,0,0,1,2,2,0,7,60,1,0,5.0,94,15,6.266666666666667
1,2,2,3,1,0,2,0,1,1,2,2,0,0,1,0,0,0,1.0,249,50,4.98
1,4,2,0,1,0,1,0,1,1,2,2,0,0,1,0,0,0,4.0,220,42,5.238095238095238
0,1,1,0,1,5,2,0,0,1,0,2,0,0,1,0,7,0,10.0,321,57,5.631578947368421
0,1,4,0,2,0,6,0,0,1,0,0,0,0,2,0,0,0,1.0,173,34,5.088235294117647
1,2,2,0,0,0,1,2,1,0,2,2,0,0,1,0,0,1,14.0,562,103,5.456310679611651
1,24,2,0,1,1,2,0,1,0,1,1,1,0,1,0,5,0,6.0,842,155,5.432258064516129
1,53,2,3,0,5,2,0,1,1,2,1,1,0,1,0,0,0,1.0,138,24,5.75
1,3,2,0,0,0,0,0,1,0,2,2,0,0,1,0,0,0,1.0,817,168,4.863095238095238
1,1,2,0,2,0,1,1,2,1,0,2,0,0,12,0,0,0,5.0,3100,561,5.52584670231729
0,1,3,0,1,1,3,1,0,0,1,1,0,0,1,30,0,0,1.0,159,23,6.913043478260869
0,18,1,0,1,2,0,0,1,0,0,0,0,0,1,0,1,0,3.0,102,15,6.8
1,1,2,0,2,0,1,1,1,0,1,1,1,0,5,0,0,0,15.0,1,1,1.0
1,2,2,0,0,0,1,0,1,0,1,1,0,0,1,0,0,0,1.0,82,14,5.857142857142857
1,4,2,0,1,1,0,0,1,1,1,2,1,0,1,0,0,0,3.0,487,101,4.821782178217822
0,2,0,0,2,0,5,3,1,1,0,0,0,0,2,0,0,0,2.0,180,31,5.806451612903226
0,1,3,0,2,0,1,3,1,0,0,2,0,0,2,0,0,0,1.0,471,72,6.541666666666667
1,3,2,0,1,1,2,0,1,1,2,2,2,0,1,0,1,0,12.0,92,16,5.75
1,48,2,0,1,4,2,0,1,2,2,2,2,0,1,0,0,0,1.0,219,36,6.083333333333333
0,1,3,0,0,0,0,0,1,0,0,2,0,0,1,0,1,0,2.0,295,55,5.363636363636363
0,4,7,26,0,6,2,0,0,1,0,2,0,0,3,100,1,0,0.0,32,4,8.0
1,1,2,0,0,0,1,1,1,0,0,0,0,0,1,0,0,0,1.0,46,9,5.111111111111111
0,12,4,1,0,4,2,0,1,2,2,1,1,0,1,0,0,0,5.0,297,60,4.95
0,2,10,6,1,1,4,0,1,1,0,0,0,0,1,0,1,0,5.0,447,86,5.1976744186046515
1,3,2,0,1,1,4,0,1,0,2,2,0,0,1,0,0,0,3.0,258,50,5.16
0,2,3,0,0,4,0,0,1,0,0,0,0,0,1,200,0,0,5.0,2758,539,5.116883116883117
0,11,3,0,0,2,2,0,1,0,2,2,2,0,1,100,0,0,6.0,378,67,5.641791044776119
0,3,0,0,0,1,2,0,1,0,1,1,1,0,1,0,5,0,3.0,42,10,4.2
1,2,2,0,0,1,6,2,1,1,0,2,1,0,1,0,6,0,1.0,81,14,5.785714285714286
0,4,3,6,0,0,4,0,1,1,2,2,0,0,1,0,3,0,3.0,780,132,5.909090909090909
1,2,2,0,1,1,2,0,1,1,2,2,0,0,1,0,0,0,1.0,188,35,5.371428571428571
1,1,2,0,1,1,2,0,1,1,0,0,0,0,2,0,9,0,1.0,80,14,5.714285714285714
1,24,2,0,0,1,2,0,2,0,2,2,2,0,1,200,0,0,3.0,48,9,5.333333333333333
0,2,1,0,0,0,0,0,1,0,2,2,1,0,1,0,1,0,1.0,102,22,4.636363636363637
1,3,2,0,1,0,2,0,0,0,2,2,0,0,1,100,1,0,2.0,33,8,4.125
1,2,2,0,2,0,1,2,0,1,0,0,0,0,7,0,1,0,5.0,45,8,5.625
1,5,2,3,2,0,1,1,1,0,0,0,1,0,2,0,0,0,2.0,193,35,5.514285714285714
0,5,3,0,2,0,0,0,0,0,2,2,2,0,6,0,0,0,5.0,106,20,5.3
1,24,2,0,1,1,6,0,1,1,2,2,2,0,2,0,3,0,21.0,931,159,5.855345911949685
1,2,2,0,2,1,2,0,1,0,0,2,0,0,2,0,0,0,5.0,380,75,5.066666666666666
0,4,3,0,1,0,2,0,0,0,0,2,0,0,1,0,1,0,6.0,207,37,5.594594594594595
1,36,53,12,1,1,0,0,0,0,2,2,1,0,1,250,0,0,6.0,2224,411,5.411192214111922
0,4,3,0,0,0,3,1,1,1,0,0,0,0,2,0,4,0,2.0,116,22,5.2727272727272725
1,3,2,0,0,2,2,0,1,1,0,2,0,0,1,0,0,0,2.0,157,29,5.413793103448276
0,2,49,45,1,3,2,0,1,1,2,2,0,0,1,100,0,0,4.0,910,174,5.2298850574712645
0,6,1,6,2,1,4,3,1,1,2,2,2,0,3,135,0,0,14.0,514,88,5.840909090909091
0,1,7,0,1,3,0,0,2,2,0,0,0,0,2,0,1,0,7.0,824,151,5.456953642384106
1,1,2,0,1,1,2,0,1,0,0,2,0,0,2,0,1,0,14.0,495,96,5.15625
1,84,34,0,0,0,1,3,1,2,2,2,0,0,1,0,0,0,2.0,450,89,5.056179775280899
0,48,3,9,1,1,2,0,1,0,2,2,2,0,1,0,3,0,2.0,393,77,5.103896103896104
0,24,12,9,2,0,5,1,1,1,1,1,1,0,3,0,1,0,1.0,34,7,4.857142857142857
0,3,1,0,0,0,2,0,0,1,0,0,0,0,1,0,1,0,3.0,213,39,5.461538461538462
0,1,3,0,1,1,4,1,0,0,0,0,0,0,1,0,5,0,4.0,88,16,5.5
1,3,2,0,2,2,2,0,1,0,0,0,0,0,5,0,0,0,1.0,207,40,5.175
0,3,3,0,1,0,0,0,1,0,0,0,0,0,12,0,0,0,4.0,260,50,5.2
1,3,2,0,0,1,2,0,1,0,0,2,0,0,1,0,0,0,1.0,101,21,4.809523809523809
1,2,2,7,0,1,0,0,1,0,0,2,0,0,1,0,0,0,4.0,217,41,5.2926829268292686
0,2,3,0,2,0,1,1,0,0,2,2,0,0,6,100,1,1,5.0,180,34,5.294117647058823
0,7,3,0,1,0,1,3,1,0,0,0,0,0,1,1,0,0,1.0,220,39,5.641025641025641
0,2,3,0,2,0,5,3,0,0,0,0,0,0,3,0,0,0,9.0,806,129,6.248062015503876
1,3,2,0,1,0,1,1,1,0,2,2,0,0,1,0,0,0,4.0,705,133,5.3007518796992485
0,6,3,0,0,0,0,0,0,0,0,0,0,0,1,0,0,0,3.0,91,15,6.066666666666666
1,5,2,0,1,0,0,0,2,0,2,2,0,0,1,0,1,0,1.0,204,36,5.666666666666667
1,3,2,0,1,0,1,5,2,0,1,1,1,0,2,0,3,0,1.0,97,18,5.388888888888889
0,6,30,0,1,1,2,0,0,0,2,2,2,0,1,200,0,0,4.0,183,34,5.382352941176471
0,4,4,0,1,0,1,0,1,2,2,2,0,0,1,0,5,0,3.0,106,18,5.888888888888889
0,2,3,0,1,1,2,0,0,0,0,0,0,0,1,0,1,0,27.0,240,47,5.1063829787234045
1,1,2,3,1,4,4,1,1,1,2,2,0,0,1,0,0,0,2.0,302,55,5.490909090909091
0,24,3,0,1,3,2,0,1,1,2,2,2,0,1,0,5,0,5.0,916,173,5.294797687861272
1,9,2,0,0,5,2,0,1,0,2,2,2,0,1,0,3,0,1.0,369,63,5.857142857142857
0,4,3,8,1,1,0,0,1,0,2,2,2,0,1,100,0,5,26.0,3453,659,5.239757207890744
1,20,2,33,1,0,0,0,1,0,2,2,2,0,1,0,0,0,1.0,456,85,5.364705882352941
0,24,0,9,0,0,1,5,1,0,1,1,2,1,1,0,1,0,2.0,546,108,5.055555555555555
1,1,2,0,2,0,1,2,1,0,0,0,0,0,5,0,2,0,5.0,154,31,4.967741935483871
1,60,13,3,1,0,2,0,1,1,2,2,1,0,1,0,0,3,4.0,246,46,5.3478260869565215
0,72,7,0,1,1,2,0,1,2,2,2,2,0,1,0,0,0,4.0,16,3,5.333333333333333
0,5,0,48,1,0,3,0,1,0,1,1,0,0,1,0,1,0,1.0,191,42,4.5476190476190474
1,1,2,0,1,0,0,0,1,0,1,1,0,0,1,0,0,0,1.0,123,21,5.857142857142857
0,4,3,0,2,0,5,1,0,0,0,0,2,0,4,0,0,0,8.0,106,21,5.0476190476190474
0,2,3,0,2,0,3,1,0,0,0,0,0,0,3,0,1,0,3.0,38,8,4.75
0,2,26,0,1,0,1,5,1,0,0,2,0,0,4,0,0,0,10.0,314,56,5.607142857142857
1,36,5,42,0,0,0,0,1,0,2,2,2,0,1,0,0,0,5.0,382,75,5.093333333333334
1,60,28,0,1,2,2,0,1,0,2,2,2,0,1,0,0,0,2.0,92,17,5.411764705882353
1,4,2,0,1,0,1,0,1,1,0,2,0,0,1,0,0,0,5.0,408,82,4.975609756097561
0,3,3,0,0,0,3,1,0,0,2,2,0,0,1,0,0,0,7.0,174,32,5.4375
1,3,2,3,0,2,2,0,1,0,2,2,2,0,1,0,0,0,2.0,230,46,5.0
1,7,2,0,0,0,1,1,1,1,0,0,0,0,1,0,0,0,0.0,163,33,4.9393939393939394
1,49,20,0,0,4,5,0,2,1,2,2,0,0,1,0,3,0,2.0,367,65,5.6461538461538465
0,2,3,0,0,6,4,0,2,1,0,0,1,0,2,0,0,0,4.0,139,29,4.793103448275862
0,1,3,9,2,1,6,1,1,1,0,2,0,0,2,0,0,0,2.0,50,9,5.555555555555555
1,7,71,3,1,1,0,0,1,1,1,1,1,0,1,0,0,0,1.0,794,146,5.438356164383562
1,5,28,0,1,1,0,0,1,1,2,2,0,0,1,0,0,0,1.0,455,79,5.7594936708860756
0,5,3,0,1,0,6,2,1,0,2,1,0,0,3,0,0,0,2.0,67,10,6.7
0,4,3,6,1,4,0,0,1,0,2,2,0,0,1,120,0,0,7.0,308,49,6.285714285714286
0,12,1,0,1,0,5,0,1,1,2,2,2,0,1,0,0,0,1.0,88,17,5.176470588235294
1,10,51,3,1,0,1,1,1,0,2,2,2,0,1,0,1,0,5.0,178,34,5.235294117647059
1,3,2,0,1,1,2,0,1,1,2,2,0,0,1,50,0,0,2.0,127,26,4.884615384615385
0,24,3,0,1,6,3,1,1,0,2,2,2,0,1,0,1,0,3.0,304,53,5.735849056603773
0,5,0,0,0,6,4,0,1,0,2,2,0,0,1,0,0,0,4.0,353,67,5.268656716417911
1,9,5,0,1,0,2,0,1,2,1,1,1,0,1,0,5,0,0.0,142,29,4.896551724137931
0,2,3,0,1,4,2,0,0,0,0,0,0,0,1,0,1,0,5.0,98,19,5.157894736842105
1,2,2,7,1,0,0,0,1,1,0,0,0,0,1,0,0,0,3.0,512,93,5.505376344086022
0,1,1,0,2,2,0,0,0,1,0,0,0,0,2,0,1,0,4.0,20,3,6.666666666666667
1,2,2,3,2,0,4,1,1,1,0,2,0,0,5,0,1,0,6.0,61,12,5.083333333333333
1,18,2,0,0,1,2,0,1,1,1,2,1,0,1,0,1,0,5.0,283,52,5.4423076923076925
0,29,0,0,0,1,6,4,1,0,0,0,0,0,1,0,0,0,1.0,96,17,5.647058823529412
0,5,3,0,2,3,0,0,0,0,2,2,2,0,2,0,1,0,5.0,30,5,6.0
1,1,2,0,2,0,1,4,0,0,0,0,0,0,17,0,0,0,3.0,518,96,5.395833333333333
0,1,3,0,0,3,0,0,1,0,0,0,0,0,1,0,0,0,7.0,500,85,5.882352941176471
1,24,2,0,1,2,2,0,1,0,2,2,2,0,1,80,0,0,3.0,113,16,7.0625
0,3,36,48,0,4,5,2,1,0,0,0,0,0,1,0,0,0,3.0,829,156,5.314102564102564
1,36,9,3,0,0,4,3,0,0,1,1,1,0,1,0,1,0,5.0,240,45,5.333333333333333
1,12,2,3,0,0,1,1,1,1,0,0,0,0,1,0,12,0,7.0,703,124,5.669354838709677
0,19,1,0,1,0,1,1,1,1,2,2,2,0,1,0,6,0,3.0,129,24,5.375
1,2,2,0,0,1,4,0,1,0,2,1,1,0,3,0,3,0,3.0,91,18,5.055555555555555
0,1,3,0,2,0,3,1,0,0,0,2,0,1,3,0,0,0,7.0,286,53,5.39622641509434
1,2,2,0,1,1,2,0,1,1,2,2,0,0,1,0,0,0,3.0,205,43,4.767441860465116
1,1,2,0,1,1,0,0,0,0,0,0,1,0,1,0,1,0,4.0,243,50,4.86
1,3,2,0,0,0,0,0,1,0,2,2,0,0,1,0,0,2,15.0,345,52,6.634615384615385
0,12,4,0,1,0,3,1,1,2,1,1,1,0,1,5,0,0,5.0,514,108,4.7592592592592595
0,2,1,0,0,6,0,0,1,1,0,2,0,0,1,0,1,0,4.0,44,10,4.4
1,24,18,33,1,0,1,5,1,1,2,2,2,0,1,0,0,0,1.0,170,35,4.857142857142857
0,2,1,0,0,4,0,0,2,1,0,0,0,0,2,0,0,0,16.0,169,30,5.633333333333334
1,1,2,0,2,0,1,1,1,1,0,0,0,0,4,0,0,0,9.0,351,49,7.163265306122449
0,6,3,0,0,6,0,0,1,0,0,0,0,0,1,0,0,0,3.0,72,12,6.0
0,2,3,9,0,0,0,0,1,0,0,0,0,0,1,0,1,0,1.0,322,61,5.278688524590164
1,2,2,0,1,2,2,0,1,0,0,0,0,0,1,150,0,0,5.0,238,42,5.666666666666667
1,12,2,0,1,1,2,0,1,0,2,2,1,0,1,100,5,0,3.0,140,25,5.6
0,3,40,0,1,3,2,0,0,0,0,2,0,0,1,0,1,0,2.0,16,4,4.0
0,1,12,0,1,1,6,0,0,0,0,0,0,0,1,0,10,0,1.0,29,5,5.8
1,2,2,0,0,0,1,0,1,0,1,1,0,0,1,0,0,0,3.0,88,16,5.5
0,2,4,6,2,6,2,0,2,2,0,0,0,0,4,0,1,0,5.0,14,2,7.0
0,3,3,9,2,1,3,1,0,0,0,0,0,0,3,0,1,0,6.0,858,153,5.607843137254902
1,24,2,0,1,2,2,0,1,1,2,2,2,0,1,100,0,0,1.0,116,23,5.043478260869565
0,3,3,0,1,0,2,0,0,0,0,0,0,0,1,0,9,0,1.0,103,15,6.866666666666666
0,36,3,0,1,3,0,0,1,0,2,1,0,0,1,0,0,0,1.0,225,43,5.232558139534884
1,12,2,0,0,0,1,0,1,1,0,0,0,0,1,0,5,0,1.0,912,175,5.211428571428572
1,1,2,0,0,0,6,0,1,1,0,0,0,0,2,0,0,0,6.0,502,97,5.175257731958763
0,3,3,0,1,6,2,0,0,0,1,1,1,0,1,0,1,0,3.0,60,11,5.454545454545454
0,6,3,0,2,2,3,1,1,0,2,2,1,0,3,0,0,0,4.0,292,45,6.488888888888889
1,48,23,3,0,0,1,0,2,1,2,2,2,0,1,0,0,0,1.0,322,50,6.44
1,2,2,3,1,1,2,0,1,0,0,0,0,0,1,0,0,0,3.0,186,37,5.027027027027027
1,4,2,0,0,0,1,0,1,1,2,2,0,0,1,0,0,0,10.0,166,28,5.928571428571429
0,3,1,0,1,1,6,0,1,1,0,0,0,0,1,0,1,0,1.0,37,6,6.166666666666667
0,36,26,0,1,0,6,1,1,0,2,2,0,0,1,100,2,0,5.0,533,103,5.174757281553398
1,2,2,3,1,0,5,1,1,1,0,0,0,0,1,0,0,0,4.0,172,34,5.0588235294117645
1,84,27,0,0,1,2,0,1,0,2,2,0,0,1,0,1,0,1.0,136,24,5.666666666666667
1,3,2,0,1,0,1,1,1,0,0,2,0,0,1,0,0,0,5.0,551,108,5.101851851851852
1,8,96,3,1,6,4,1,1,2,2,2,0,0,1,0,0,0,5.0,310,43,7.209302325581396
1,2,2,3,1,1,2,0,1,0,2,2,0,0,1,0,1,0,3.0,214,37,5.783783783783784
0,24,7,0,0,4,5,2,2,2,1,1,1,0,1,0,1,0,1.0,331,65,5.092307692307692
1,4,97,0,0,0,1,5,0,2,2,2,0,0,1,0,0,0,1.0,232,42,5.523809523809524
0,3,1,0,2,0,3,1,1,1,2,2,2,0,3,0,0,0,3.0,120,26,4.615384615384615
1,6,2,0,0,1,2,0,0,1,2,2,0,0,1,0,0,0,1.0,106,18,5.888888888888889
0,0,0,9,2,3,0,0,1,0,0,0,0,0,5,0,0,0,5.0,304,59,5.1525423728813555
1,12,5,0,1,2,2,0,0,2,2,2,2,0,1,300,0,0,1.0,1338,229,5.842794759825328
1,2,2,0,1,1,2,0,1,1,2,2,0,0,1,0,0,0,1.0,279,52,5.365384615384615
0,2,3,0,0,6,0,0,0,0,0,2,0,0,1,0,1,0,5.0,104,19,5.473684210526316
0,3,3,0,0,1,0,0,1,0,0,2,0,0,1,0,0,0,1.0,390,68,5.735294117647059
1,3,2,0,1,1,2,0,1,1,2,2,0,0,1,0,0,0,8.0,1026,181,5.668508287292818
0,12,3,6,2,3,0,0,1,1,2,2,2,0,3,0,1,0,10.0,291,51,5.705882352941177
0,4,1,0,1,5,2,0,1,1,2,2,0,0,1,0,0,0,12.0,248,48,5.166666666666667
1,2,20,3,0,1,2,0,1,0,0,2,0,0,1,0,0,0,4.0,147,28,5.25
0,3,1,0,2,0,3,0,1,1,0,0,0,0,2,0,1,0,5.0,150,27,5.555555555555555
1,2,2,0,1,0,5,0,1,1,0,0,0,0,4,0,3,0,1.0,42,7,6.0
1,2,2,0,1,1,2,0,1,0,0,0,0,0,1,20,3,0,1.0,122,21,5.809523809523809
0,3,3,0,1,0,0,0,1,0,2,2,0,0,1,0,1,1,10.0,471,89,5.292134831460674
1,2,2,0,0,0,1,0,1,0,0,2,0,0,1,0,3,0,3.0,483,90,5.366666666666666
0,1,4,1,0,0,0,0,0,2,0,0,0,0,1,0,0,0,7.0,1024,196,5.224489795918367
1,1,2,3,2,0,1,4,0,0,0,0,0,0,8,0,1,0,1.0,33,5,6.6
0,3,3,0,0,0,3,0,0,1,2,2,0,0,1,0,11,0,1.0,196,38,5.157894736842105
0,10,26,0,1,1,5,2,1,0,0,0,0,0,1,0,5,0,2.0,409,74,5.527027027027027
0,3,3,0,2,0,2,0,0,0,0,2,0,0,2,0,0,0,2.0,338,61,5.540983606557377
1,4,2,0,1,0,0,0,1,0,0,2,0,0,1,0,1,0,5.0,91,15,6.066666666666666
0,2,3,0,2,1,2,0,0,0,1,1,1,0,4,0,1,0,5.0,250,51,4.901960784313726
1,1,2,0,0,1,0,0,1,0,0,0,0,0,1,0,0,0,2.0,943,175,5.388571428571429
1,2,2,7,1,1,0,0,2,1,2,2,0,0,1,0,0,0,6.0,131,21,6.238095238095238
0,5,3,20,0,4,5,0,1,0,2,2,0,0,1,100,7,0,1.0,204,38,5.368421052631579
1,1,2,0,2,0,1,1,0,1,0,0,0,0,6,0,0,0,5.0,176,31,5.67741935483871
0,2,3,0,1,0,1,1,1,0,0,0,0,0,2,0,0,0,5.0,448,83,5.397590361445783
1,2,2,0,1,1,2,0,0,1,2,2,0,0,1,0,0,0,1.0,76,13,5.846153846153846
1,8,8,0,1,0,2,0,2,2,2,2,0,0,1,1000,0,0,1.0,151,29,5.206896551724138
0,4,36,8,0,5,2,0,1,1,0,0,0,0,2,100,0,0,2.0,34,4,8.5
1,2,2,0,1,2,2,0,1,0,0,2,0,0,1,0,7,0,7.0,798,158,5.050632911392405
0,6,0,0,2,0,1,1,1,1,2,2,2,0,3,0,0,0,3.0,232,43,5.395348837209302
0,2,0,0,1,3,2,0,1,1,0,0,0,0,1,0,0,0,5.0,214,37,5.783783783783784
1,31,2,0,1,0,1,1,1,1,2,2,2,0,2,0,1,0,3.0,3,1,3.0
0,12,24,0,1,0,1,4,1,0,0,0,0,0,1,0,0,0,1.0,158,28,5.642857142857143
0,5,64,9,0,3,2,0,1,0,2,2,2,0,1,150,0,0,3.0,47,8,5.875
0,24,0,0,1,1,2,0,1,0,1,1,2,0,1,0,5,0,1.0,347,66,5.257575757575758
1,54,9,0,1,5,2,0,0,2,2,2,1,0,1,180,9,0,3.0,190,34,5.588235294117647
0,2,1,0,0,2,2,0,1,1,0,0,0,0,1,0,3,0,2.0,49,7,7.0
0,6,3,0,1,3,2,0,0,0,0,2,0,0,1,0,0,0,3.0,63,7,9.0
1,7,2,3,0,0,1,4,1,0,2,2,1,0,1,0,5,0,0.0,140,29,4.827586206896552
1,6,2,0,0,1,0,0,0,0,2,2,0,0,1,0,3,0,2.0,75,15,5.0
1,42,20,0,1,6,2,0,1,2,0,0,2,1,1,0,0,0,0.0,745,150,4.966666666666667
0,1,3,0,1,6,2,0,1,0,0,0,0,0,1,0,8,0,4.0,370,62,5.967741935483871
1,2,2,0,0,0,2,0,1,0,0,2,0,0,1,0,0,0,3.0,287,53,5.415094339622642
1,2,106,3,1,0,1,0,1,0,0,0,0,0,1,0,1,0,4.0,93,18,5.166666666666667
1,1,2,0,1,1,2,0,1,0,0,2,0,0,1,0,0,0,2.0,148,31,4.774193548387097
1,12,14,3,0,1,0,0,1,0,1,1,1,0,1,0,0,0,2.0,185,35,5.285714285714286
1,1,2,0,0,0,1,1,1,1,0,0,0,0,1,0,0,0,3.0,184,36,5.111111111111111
0,3,3,0,1,0,2,0,0,0,0,0,0,0,1,0,0,0,2.0,179,32,5.59375
1,2,25,3,2,0,6,2,1,0,2,2,0,0,2,0,0,0,8.0,311,57,5.456140350877193
1,2,2,3,2,0,1,1,1,0,0,0,1,0,3,0,0,0,8.0,1472,287,5.128919860627177
1,3,2,0,1,0,0,0,1,1,2,2,0,0,1,0,0,0,3.0,387,77,5.025974025974026
1,42,25,0,0,0,2,0,2,0,2,2,0,0,1,0,0,0,5.0,262,49,5.346938775510204
1,19,2,0,1,0,2,0,1,0,2,2,0,0,1,100,0,0,3.0,93,14,6.642857142857143
0,0,3,0,2,0,1,1,0,0,1,1,1,0,3,0,0,0,3.0,234,37,6.324324324324325
1,2,2,0,1,1,2,0,1,1,0,2,0,0,1,0,2,0,2.0,23,5,4.6
1,2,14,3,2,0,2,0,1,1,1,1,1,0,3,0,3,0,3.0,529,94,5.627659574468085
1,1,23,42,0,0,1,0,1,1,0,2,0,0,1,0,1,0,2.0,21,5,4.2
1,24,2,0,1,1,2,0,1,1,1,1,1,0,1,0,1,0,3.0,522,91,5.736263736263736
1,4,2,0,1,0,1,1,1,0,2,2,0,0,1,0,9,0,4.0,100,14,7.142857142857143
0,1,3,0,0,3,0,0,0,0,0,0,0,0,1,0,0,0,3.0,309,58,5.327586206896552
1,2,2,0,1,2,0,0,1,0,0,0,0,0,1,20,3,0,1.0,142,24,5.916666666666667
1,72,74,0,1,1,3,0,1,1,2,2,2,0,1,0,0,0,4.0,204,42,4.857142857142857
1,1,2,0,1,0,1,0,1,0,0,0,0,0,1,0,0,0,2.0,187,31,6.032258064516129
1,72,2,0,0,2,2,0,1,1,2,2,2,0,1,0,0,0,5.0,638,120,5.316666666666666
1,2,2,0,1,1,2,0,0,0,2,2,0,0,1,0,0,0,3.0,338,60,5.633333333333334
1,12,2,0,0,1,2,0,2,0,2,2,2,0,1,0,0,1,4.0,536,104,5.153846153846154
0,6,3,0,0,0,1,1,0,0,2,2,2,0,1,100,0,0,3.0,323,66,4.893939393939394
0,3,3,0,0,0,1,1,1,0,0,0,0,0,1,0,1,0,3.0,121,21,5.761904761904762
1,10,2,0,0,5,2,0,1,0,2,2,2,0,1,300,0,0,2.0,517,78,6.628205128205129
1,5,2,0,1,0,2,0,1,1,2,2,0,0,1,0,0,1,15.0,472,77,6.12987012987013
1,1,2,0,0,0,2,0,1,1,0,0,0,0,1,0,5,0,5.0,411,76,5.407894736842105
0,2,3,9,2,0,6,1,1,0,0,0,0,0,5,0,0,0,8.0,132,23,5.739130434782608
0,3,3,6,0,0,1,3,1,1,0,0,0,0,1,0,9,0,3.0,452,91,4.967032967032967
1,2,2,0,1,0,1,0,2,0,2,2,0,0,1,0,0,0,5.0,96,15,6.4
1,1,2,0,0,0,1,1,1,0,0,2,0,0,1,0,1,0,23.0,495,103,4.805825242718447
0,12,1,0,0,1,0,0,2,1,2,2,0,0,2,0,0,0,6.0,242,50,4.84
0,1,1,9,1,0,5,1,1,1,0,0,0,0,1,0,3,0,3.0,332,64,5.1875
1,1,2,0,2,0,1,4,0,1,0,0,1,0,3,0,2,0,5.0,407,76,5.355263157894737
0,1,0,0,2,1,3,1,0,0,0,0,0,0,5,0,0,0,0.0,986,198,4.97979797979798
1,1,100,0,0,0,2,0,1,1,0,0,0,0,1,200,7,0,5.0,189,32,5.90625
0,3,3,0,1,0,2,0,1,0,0,0,0,0,1,0,0,0,11.0,255,47,5.425531914893617
0,3,3,0,0,0,0,0,1,0,0,2,0,0,1,0,1,0,30.0,77,11,7.0
0,36,17,0,0,0,2,0,1,0,2,2,2,0,1,0,0,0,3.0,177,35,5.057142857142857
0,5,10,9,0,1,2,0,0,0,2,2,2,0,1,0,0,0,5.0,186,36,5.166666666666667
0,2,1,0,2,0,1,1,1,0,1,1,1,0,4,0,3,0,1.0,33,5,6.6
1,3,2,0,2,0,1,2,1,0,0,0,1,0,6,50,1,0,4.0,538,91,5.912087912087912
0,36,3,0,1,1,4,1,0,0,2,2,2,0,1,80,1,0,2.0,1041,195,5.338461538461538
1,1,2,3,1,0,1,1,1,0,0,0,0,0,1,0,0,0,5.0,340,72,4.722222222222222
0,8,32,57,1,1,4,1,1,2,0,0,0,0,1,0,0,0,4.0,204,41,4.975609756097561
1,3,2,0,1,4,2,0,0,0,2,2,0,0,1,0,0,0,1.0,948,176,5.386363636363637
0,10,3,0,1,0,1,3,1,0,2,2,2,0,1,0,0,0,2.0,221,49,4.510204081632653
0,2,3,0,1,6,0,0,1,0,0,0,0,0,1,0,1,0,7.0,29,5,5.8
0,3,3,6,0,0,0,0,0,0,2,2,0,0,1,30,0,0,4.0,144,29,4.9655172413793105
0,2,3,9,0,1,4,0,1,0,2,2,0,0,1,0,1,0,4.0,297,59,5.033898305084746
1,1,2,0,0,0,1,0,1,1,1,1,0,0,1,0,0,0,3.0,88,16,5.5
0,6,10,0,0,1,4,0,0,1,0,2,2,0,1,0,0,0,5.0,87,12,7.25
1,1,2,3,0,0,1,1,1,0,2,2,0,0,1,100,0,0,4.0,291,53,5.490566037735849
0,12,3,0,2,0,6,3,0,0,0,0,0,0,5,0,0,0,6.0,468,87,5.379310344827586
0,2,78,77,0,0,2,0,0,1,0,0,0,0,1,0,1,0,0.0,45,7,6.428571428571429
0,1,3,0,2,1,6,1,1,0,0,0,0,0,4,0,0,0,4.0,166,33,5.03030303030303
0,4,4,10,1,0,6,1,0,2,0,2,0,0,1,250,0,0,2.0,367,58,6.327586206896552
0,1,1,9,2,0,3,1,0,1,0,0,0,0,2,0,0,0,16.0,640,117,5.47008547008547
0,3,3,0,1,0,3,1,1,0,2,2,0,0,1,0,0,0,9.0,579,110,5.263636363636364
1,36,8,0,1,0,1,0,1,0,0,2,2,0,1,0,1,0,2.0,182,34,5.352941176470588
1,3,2,0,1,0,1,1,1,0,0,0,0,0,2,0,6,0,3.0,54,10,5.4
1,3,2,0,1,1,4,0,1,0,2,2,0,0,1,0,3,0,4.0,197,30,6.566666666666666
1,84,16,0,0,0,1,1,1,0,2,2,2,0,1,0,3,0,2.0,74,16,4.625
1,4,2,0,1,6,2,0,0,1,0,2,2,0,1,0,0,0,8.0,352,64,5.5
1,12,2,0,1,1,2,0,1,1,1,1,2,1,1,0,1,0,3.0,612,113,5.415929203539823
1,1,2,0,0,1,5,0,1,1,0,0,0,0,1,1,0,0,2.0,120,20,6.0
1,5,2,0,1,1,4,1,1,1,0,0,0,0,1,0,0,0,1.0,28,5,5.6
0,3,3,0,0,0,0,0,1,0,1,1,1,0,1,0,3,0,2.0,58,10,5.8
1,3,2,0,0,1,0,0,1,1,2,2,0,0,1,0,0,0,2.0,76,14,5.428571428571429
0,24,116,0,1,2,3,0,0,0,2,2,2,0,2,300,1,0,1.0,3493,647,5.398763523956723
1,1,2,0,0,1,2,0,1,0,0,0,0,0,1,10,3,0,2.0,98,12,8.166666666666666
1,2,2,0,2,0,0,0,1,0,0,2,0,0,2,0,0,0,9.0,353,65,5.430769230769231
0,3,3,0,1,6,0,0,1,0,2,2,0,0,1,0,0,0,2.0,4,1,4.0
0,3,1,0,1,2,3,1,1,1,2,0,0,0,1,0,0,0,5.0,450,88,5.113636363636363
1,2,2,0,0,1,0,0,1,0,2,2,0,0,1,0,0,0,4.0,127,24,5.291666666666667
0,72,3,0,1,4,5,1,0,0,0,0,2,0,1,0,0,0,2.0,1103,202,5.46039603960396
0,1,3,0,0,0,2,0,0,0,0,0,0,0,1,0,0,0,1.0,182,35,5.2
0,2,10,0,0,1,2,0,1,1,0,2,0,0,1,0,0,0,2.0,55,11,5.0
0,2,1,0,1,0,5,1,1,1,0,0,0,0,1,100,0,0,4.0,247,46,5.369565217391305
0,21,0,0,0,4,0,0,2,0,2,2,1,0,1,0,1,0,6.0,539,104,5.1826923076923075
1,36,2,0,1,6,0,0,1,0,2,2,2,0,1,0,0,0,4.0,514,93,5.526881720430108
0,12,1,0,1,6,4,0,0,1,1,1,0,0,1,0,1,0,3.0,408,76,5.368421052631579
0,4,12,78,1,1,5,0,0,1,1,1,2,0,1,0,3,0,4.0,145,27,5.37037037037037
0,1,3,0,2,3,2,0,0,0,0,2,0,0,2,0,2,0,5.0,110,23,4.782608695652174
1,24,34,0,1,5,2,0,0,0,2,2,0,0,1,200,6,0,5.0,930,184,5.054347826086956
1,84,2,21,0,3,0,0,1,1,2,2,2,0,1,100,0,0,1.0,180,33,5.454545454545454
1,12,2,0,1,1,6,0,1,0,0,0,2,0,1,0,0,0,5.0,795,167,4.7604790419161676
0,15,3,0,0,0,0,0,1,0,2,2,2,0,1,0,0,0,1.0,75,15,5.0
1,48,34,0,0,1,2,0,1,0,1,1,0,1,1,0,1,0,2.0,16,3,5.333333333333333
0,1,3,0,0,0,3,0,1,0,0,0,0,0,1,50,0,0,4.0,814,156,5.217948717948718
1,1,2,0,1,1,2,0,1,0,2,2,2,0,1,0,0,0,1.0,206,42,4.904761904761905
1,1,2,0,2,4,4,0,1,0,0,2,0,0,2,0,1,0,1.0,37,9,4.111111111111111
1,1,2,0,1,1,2,0,0,0,0,0,0,0,1,0,0,0,2.0,166,27,6.148148148148148
1,36,2,0,0,0,0,0,1,0,2,2,2,0,1,0,3,0,4.0,650,126,5.158730158730159
0,7,3,0,0,3,0,0,1,0,0,2,0,0,1,0,0,0,1.0,54,10,5.4
1,24,2,0,0,0,2,0,2,1,2,2,2,0,1,30,9,0,4.0,72,14,5.142857142857143
1,60,9,0,1,0,0,0,1,1,1,1,2,0,1,0,0,0,4.0,200,32,6.25
0,4,3,0,0,0,6,1,0,0,0,2,0,0,2,0,6,0,1.0,57,10,5.7
0,3,3,26,0,0,3,1,0,0,2,2,0,0,1,0,3,1,4.0,44,10,4.4
1,5,20,11,1,4,5,0,1,1,1,2,2,0,1,0,3,0,5.0,178,33,5.393939393939394
1,31,2,0,1,4,4,0,0,0,2,2,2,0,1,80,0,0,5.0,373,74,5.04054054054054
1,14,14,3,0,5,2,0,1,1,0,0,0,0,1,0,0,0,4.0,278,53,5.245283018867925
1,2,2,0,1,2,2,0,1,0,0,0,0,0,1,0,0,0,8.0,894,154,5.805194805194805
1,120,2,3,1,1,2,0,1,1,0,0,2,0,1,0,6,0,1.0,251,51,4.921568627450981
1,36,98,0,1,1,2,0,1,1,2,2,0,0,1,0,0,0,2.0,264,39,6.769230769230769
1,3,2,3,1,0,1,1,1,1,0,2,0,0,1,100,0,0,10.0,423,78,5.423076923076923
0,26,1,0,1,3,2,0,1,1,2,2,0,0,1,0,0,0,2.0,196,36,5.444444444444445
1,96,2,0,0,0,2,0,0,0,2,2,2,0,1,0,3,0,1.0,145,25,5.8
0,1,3,0,2,0,5,1,0,0,0,0,0,0,2,0,1,1,5.0,923,139,6.640287769784172
0,1,3,8,2,0,3,1,0,0,0,0,0,0,3,0,5,0,4.0,102,20,5.1
0,36,3,0,0,0,0,0,1,0,0,0,2,0,1,0,0,0,1.0,473,87,5.436781609195402
0,3,1,0,0,0,3,0,1,1,0,0,0,1,1,0,1,0,5.0,151,28,5.392857142857143
0,6,3,0,1,1,2,0,1,0,0,2,0,0,1,0,0,0,8.0,109,18,6.055555555555555
0,18,1,0,0,2,3,1,2,1,0,0,2,0,1,0,1,0,5.0,374,75,4.986666666666666
0,2,3,0,1,0,1,0,1,0,0,0,0,0,1,0,0,0,11.0,864,160,5.4
1,42,110,0,1,0,1,0,1,1,2,1,1,0,1,0,0,0,1.0,71,14,5.071428571428571
0,3,3,0,0,3,2,0,1,0,0,2,0,0,1,0,1,0,3.0,281,55,5.109090909090909
1,24,34,0,0,1,6,0,0,0,2,2,2,0,1,350,1,0,3.0,714,143,4.993006993006993
1,2,2,0,0,1,2,0,1,0,0,2,0,0,1,0,3,0,2.0,483,90,5.366666666666666
0,12,3,0,0,3,2,0,1,0,2,2,2,0,1,0,1,0,5.0,430,90,4.777777777777778
1,5,2,3,1,0,1,0,1,1,0,0,0,0,1,0,3,0,13.0,169,31,5.451612903225806
1,24,8,0,0,0,6,0,2,0,2,2,2,0,1,300,0,0,1.0,1420,244,5.819672131147541
0,4,3,0,1,0,1,4,1,0,0,0,0,0,3,0,0,0,2.0,271,49,5.530612244897959
0,48,4,10,0,5,2,0,2,2,2,2,2,0,1,300,0,0,3.0,152,28,5.428571428571429
1,14,13,84,0,0,6,1,1,1,2,2,2,0,1,0,0,0,4.0,281,63,4.4603174603174605
0,2,3,9,2,0,1,1,1,0,0,0,0,0,2,0,0,0,1.0,128,21,6.095238095238095
0,1,7,6,2,0,3,1,1,0,0,0,0,0,5,0,1,0,6.0,311,59,5.271186440677966
0,2,1,0,1,0,3,1,1,1,0,0,0,0,1,0,3,0,2.0,43,6,7.166666666666667
1,3,2,0,1,1,6,0,1,1,2,2,0,0,1,0,0,0,5.0,507,97,5.22680412371134
0,0,1,0,0,1,4,0,0,1,0,0,0,0,1,0,0,0,4.0,131,21,6.238095238095238
1,38,2,0,1,0,2,0,0,1,2,2,2,0,1,80,0,0,5.0,235,47,5.0
1,1,2,0,0,1,4,0,1,0,0,0,0,0,2,0,1,0,2.0,9,2,4.5
1,1,2,0,1,1,0,0,1,1,0,0,0,0,1,0,0,0,7.0,197,38,5.184210526315789
1,2,2,0,1,0,0,0,1,1,0,0,0,0,2,0,3,0,3.0,1358,245,5.542857142857143
0,4,0,0,0,0,1,0,1,1,0,0,0,0,1,0,0,0,5.0,244,40,6.1
1,2,25,3,1,0,1,0,1,0,2,2,0,0,1,0,0,0,3.0,124,22,5.636363636363637
1,4,2,0,1,6,0,0,1,0,1,1,1,0,1,100,3,0,1.0,84,15,5.6
0,2,1,0,2,4,0,0,0,1,0,2,0,0,5,0,0,0,6.0,344,65,5.292307692307692
0,14,3,0,1,6,0,0,1,0,2,2,2,0,1,0,1,0,7.0,74,12,6.166666666666667
1,3,2,0,2,0,1,1,1,0,2,2,2,0,4,0,2,0,3.0,327,60,5.45
1,3,14,3,0,0,2,0,2,0,1,1,0,0,1,0,1,1,5.0,648,129,5.023255813953488
0,36,3,0,1,0,3,1,1,2,2,2,1,0,1,300,0,0,2.0,36,7,5.142857142857143
1,24,2,11,0,4,4,0,1,0,2,2,0,0,1,0,2,0,3.0,875,177,4.943502824858757
0,2,1,0,1,0,0,0,0,1,0,0,0,0,2,0,1,0,4.0,367,64,5.734375
1,7,19,28,1,0,1,0,1,1,2,2,0,0,1,100,1,0,2.0,505,90,5.611111111111111
1,1,2,0,1,0,1,1,0,0,0,2,0,0,1,0,0,0,2.0,150,27,5.555555555555555
0,12,82,1,1,2,0,0,1,2,2,2,2,0,1,0,0,0,5.0,482,97,4.969072164948454
0,18,10,0,2,1,6,2,1,1,0,0,0,1,3,0,0,0,4.0,404,81,4.987654320987654
0,2,7,6,1,0,5,1,1,1,0,0,0,0,1,50,0,0,4.0,339,62,5.467741935483871
0,4,3,0,0,0,0,0,0,0,0,2,0,0,1,0,0,0,7.0,140,22,6.363636363636363
1,24,2,3,0,0,1,5,1,1,1,1,1,0,2,0,1,0,4.0,184,35,5.257142857142857
1,12,5,3,0,1,4,0,1,0,2,2,2,0,1,0,0,0,4.0,192,36,5.333333333333333
1,6,2,0,1,1,2,0,1,0,0,2,0,0,1,0,3,0,6.0,349,60,5.816666666666666
1,2,39,3,0,1,2,0,1,0,1,1,0,0,1,0,0,0,3.0,88,16,5.5
0,2,3,0,0,1,3,1,1,0,0,2,0,0,2,0,0,0,3.0,305,61,5.0
0,2,24,9,1,0,6,0,0,0,0,2,0,0,1,0,1,0,1.0,159,28,5.678571428571429
1,2,2,0,0,6,2,0,1,0,0,2,0,0,1,0,1,0,2.0,132,23,5.739130434782608
1,1,2,0,1,1,0,0,1,0,0,0,0,0,1,0,1,0,1.0,301,53,5.679245283018868
1,2,2,3,0,2,2,0,1,1,2,2,0,0,1,0,0,0,1.0,12,2,6.0
1,2,2,0,1,5,2,0,1,1,0,0,0,0,1,0,1,0,4.0,38,7,5.428571428571429
1,2,2,0,0,0,1,1,1,0,1,1,0,0,1,0,0,0,1.0,126,21,6.0
0,24,3,0,0,4,5,0,0,0,1,2,0,1,1,150,0,0,2.0,627,114,5.5
1,2,2,0,1,0,2,0,1,0,0,2,0,1,1,0,0,0,1.0,770,134,5.746268656716418
0,2,3,0,0,0,0,0,0,0,0,0,0,0,1,0,1,0,1.0,142,22,6.454545454545454
1,2,2,0,1,1,2,0,1,1,0,2,0,0,1,0,3,0,1.0,22,3,7.333333333333333
1,2,2,0,1,1,0,0,1,1,1,2,1,0,1,0,1,0,1.0,580,106,5.471698113207547
0,2,1,0,1,3,0,0,1,1,2,2,0,0,1,0,1,0,1.0,6,1,6.0
1,12,2,0,2,1,2,0,1,1,1,1,1,0,4,0,1,0,5.0,2150,366,5.8743169398907105
1,10,2,0,1,1,2,0,1,0,2,2,2,0,1,0,0,0,5.0,608,114,5.333333333333333
0,1,3,0,1,0,2,0,0,0,0,0,0,0,1,0,0,0,1.0,147,29,5.068965517241379
0,4,3,0,2,6,3,1,1,0,0,2,0,0,3,0,0,0,3.0,341,62,5.5
0,12,3,0,0,4,5,0,1,0,2,2,2,0,2,0,0,0,2.0,220,47,4.680851063829787
0,2,3,0,2,1,3,1,0,1,2,2,0,0,3,0,1,0,8.0,276,52,5.3076923076923075
0,6,4,0,1,2,3,1,1,2,2,2,2,0,1,0,0,1,7.0,1432,219,6.538812785388128
1,3,2,0,1,1,0,0,1,0,2,2,2,0,1,0,0,0,3.0,89,16,5.5625
1,18,34,0,0,5,2,0,0,1,1,1,1,1,1,120,0,0,3.0,771,155,4.974193548387097
1,84,11,0,1,1,0,0,0,1,2,2,2,0,1,0,0,0,5.0,506,91,5.56043956043956
0,2,1,0,1,0,5,1,0,1,0,2,0,0,1,0,0,0,3.0,115,17,6.764705882352941
1,24,2,3,2,1,2,0,1,0,2,2,2,0,2,0,0,0,1.0,138,25,5.52
1,2,128,3,1,1,2,0,1,0,2,2,0,0,1,0,0,0,4.0,123,23,5.3478260869565215
0,2,0,26,2,1,6,2,0,0,2,2,0,0,2,0,0,0,5.0,136,20,6.8
0,2,3,0,0,0,0,0,1,0,0,2,0,0,1,0,0,0,1.0,129,23,5.608695652173913
1,1,2,0,1,0,0,0,1,0,0,0,0,0,1,20,3,0,1.0,141,25,5.64
1,84,9,0,0,1,0,0,1,1,1,2,0,0,1,200,0,0,3.0,8,1,8.0
0,2,10,0,1,2,2,0,0,0,0,0,0,0,1,0,1,0,3.0,375,74,5.0675675675675675
0,4,7,6,0,0,0,0,1,1,2,2,0,0,1,0,0,0,4.0,254,41,6.195121951219512
1,36,2,0,1,1,5,0,0,1,1,1,1,0,1,10,9,0,5.0,74,12,6.166666666666667
0,5,1,23,1,5,2,0,0,1,2,2,0,0,1,0,1,0,4.0,831,150,5.54
1,24,2,0,1,1,4,0,0,1,1,1,1,0,1,0,0,0,2.0,153,29,5.275862068965517
1,6,2,0,1,5,2,0,1,0,2,2,0,0,1,0,0,0,1.0,427,83,5.144578313253012
1,2,2,0,1,0,1,0,0,0,2,2,0,0,1,0,0,0,5.0,188,38,4.947368421052632
0,2,3,0,0,0,2,0,1,0,2,2,0,0,1,0,0,0,3.0,50,10,5.0
1,2,2,0,1,0,1,0,1,0,2,2,0,0,1,0,0,0,1.0,954,168,5.678571428571429
0,2,3,0,1,0,5,1,1,0,0,2,0,0,1,0,1,0,15.0,632,125,5.056
1,3,2,0,1,1,2,0,1,0,2,2,2,0,1,0,1,0,4.0,166,29,5.724137931034483
0,6,3,0,0,0,0,0,1,0,0,2,0,0,1,30,0,0,5.0,488,92,5.304347826086956
1,84,11,0,1,1,0,0,0,0,2,2,2,0,1,0,1,0,3.0,280,51,5.490196078431373
0,1,3,0,0,0,0,0,1,0,0,0,0,0,1,0,1,0,5.0,142,27,5.2592592592592595
1,2,2,0,1,0,0,0,1,1,1,1,1,0,1,0,8,0,1.0,101,18,5.611111111111111
0,24,3,8,2,0,4,1,1,0,2,2,2,0,5,0,0,0,8.0,548,106,5.169811320754717
1,3,2,0,1,0,0,0,1,1,2,2,0,0,1,0,0,1,8.0,520,96,5.416666666666667
0,24,3,0,1,0,1,4,0,0,0,2,2,0,1,0,1,1,2.0,23,6,3.8333333333333335
0,2,3,0,2,0,0,0,1,1,0,0,0,0,5,0,0,0,5.0,68,11,6.181818181818182
1,4,2,0,1,0,2,0,1,1,2,2,0,0,1,0,0,0,3.0,146,26,5.615384615384615
0,3,1,0,1,0,3,0,1,1,0,2,0,0,1,0,0,0,16.0,808,151,5.3509933774834435
0,1,1,0,0,5,2,0,0,1,0,0,0,1,1,0,0,0,2.0,138,25,5.52
1,1,2,0,0,0,1,1,1,1,0,0,0,0,1,0,0,0,5.0,146,31,4.709677419354839
1,12,2,0,0,0,1,5,1,0,2,2,1,0,1,0,2,0,1.0,220,42,5.238095238095238
0,6,1,26,0,4,0,0,1,1,0,0,0,0,1,0,0,0,6.0,1148,213,5.389671361502347
1,2,2,0,1,1,0,0,0,0,2,2,0,0,1,0,1,0,2.0,534,100,5.34
1,36,2,0,0,1,2,0,2,0,1,1,1,0,1,0,1,0,1.0,309,58,5.327586206896552
0,1,3,0,0,6,0,0,1,0,0,0,0,0,1,0,1,0,3.0,139,23,6.043478260869565
1,1,2,0,1,0,1,0,1,0,0,2,0,0,1,0,3,0,4.0,149,20,7.45
0,7,31,16,0,0,1,0,1,0,0,2,0,0,1,0,0,0,1.0,2,1,2.0
0,12,4,0,1,0,1,5,1,1,1,1,1,0,1,0,0,0,3.0,338,66,5.121212121212121
1,108,34,0,1,5,2,0,0,2,2,2,2,0,1,200,0,0,3.0,535,100,5.35
0,6,3,0,1,5,2,0,1,0,2,2,0,0,1,0,0,0,2.0,85,17,5.0
0,1,1,0,0,0,1,1,1,1,1,1,2,0,1,0,1,0,5.0,192,39,4.923076923076923
0,2,3,0,1,1,6,1,1,0,0,0,0,0,1,10,0,0,4.0,105,23,4.565217391304348
0,12,3,0,1,0,1,1,1,0,2,2,0,0,4,0,0,0,5.0,134,24,5.583333333333333
1,7,23,31,0,0,5,1,1,1,2,2,2,0,1,0,1,0,5.0,584,108,5.407407407407407
0,6,3,20,1,0,3,0,1,1,2,2,0,0,1,0,0,0,3.0,223,42,5.309523809523809
1,2,2,0,0,0,2,0,0,0,2,2,2,0,1,0,1,0,1.0,381,83,4.590361445783133
0,2,3,0,0,4,0,0,1,1,0,2,0,0,1,0,7,0,5.0,90,15,6.0
1,2,2,0,0,1,6,0,0,1,0,0,0,0,1,150,0,1,5.0,215,42,5.119047619047619
0,12,3,9,0,0,0,0,1,0,2,2,0,0,1,0,1,0,1.0,29,3,9.666666666666666
1,7,2,0,1,0,1,0,1,0,2,2,0,0,1,0,0,0,4.0,342,59,5.796610169491525
0,3,3,0,1,0,0,0,0,0,2,2,0,0,1,0,7,0,6.0,305,61,5.0
0,2,1,0,0,4,2,0,1,0,0,2,0,0,1,0,0,0,14.0,824,153,5.38562091503268
0,5,3,0,0,0,6,3,1,0,1,2,2,0,1,0,1,0,4.0,269,49,5.489795918367347
1,120,48,0,1,0,2,0,0,0,2,2,0,1,1,0,0,0,3.0,195,37,5.27027027027027
1,12,2,0,1,0,6,1,1,1,2,2,2,0,1,100,3,0,5.0,282,42,6.714285714285714
1,1,2,3,1,0,0,0,1,0,0,2,0,0,2,0,1,0,26.0,910,174,5.2298850574712645
1,1,2,0,1,0,1,0,1,0,0,0,0,0,1,0,0,0,4.0,19,3,6.333333333333333
0,7,0,0,1,1,6,4,1,0,1,1,0,0,1,0,3,0,2.0,301,54,5.574074074074074
0,5,3,0,0,0,3,0,1,0,0,2,0,0,2,0,0,0,17.0,774,127,6.094488188976378
1,1,2,0,2,0,1,0,1,1,0,0,0,1,2,0,2,0,6.0,128,21,6.095238095238095
1,108,28,0,1,4,4,0,1,0,2,2,0,0,1,0,3,0,1.0,101,18,5.611111111111111
1,2,2,3,1,1,2,0,1,0,2,2,0,0,1,30,0,0,4.0,503,89,5.651685393258427
1,36,53,0,0,1,2,0,0,0,2,2,0,1,1,0,0,0,3.0,483,89,5.426966292134831
1,3,2,0,0,1,2,0,1,0,0,2,0,0,1,0,0,0,4.0,549,100,5.49
1,4,2,3,1,0,1,1,1,0,0,0,0,0,1,0,1,0,1.0,75,12,6.25
1,6,51,2,1,1,4,0,0,1,1,2,2,0,1,0,1,0,5.0,461,77,5.987012987012987
1,12,2,0,1,0,0,0,1,0,1,1,1,0,1,0,3,0,3.0,317,60,5.283333333333333
0,4,3,0,2,0,1,4,1,0,0,0,0,0,4,0,0,3,6.0,554,97,5.711340206185567
1,24,2,0,1,0,1,0,1,1,2,2,2,0,1,0,0,0,3.0,302,55,5.490909090909091
1,1,2,3,1,0,1,5,0,0,1,1,1,0,2,0,0,0,5.0,318,58,5.482758620689655
1,1,2,0,2,1,0,0,0,0,0,0,0,0,3,0,9,0,23.0,718,138,5.202898550724638
1,54,66,0,0,1,4,0,0,1,1,1,1,0,1,0,0,0,12.0,2256,423,5.333333333333333
1,5,28,0,0,0,1,1,1,0,2,2,0,0,1,0,3,0,5.0,401,80,5.0125
0,2,3,0,1,4,0,0,1,0,0,2,0,0,1,30,0,0,5.0,25,5,5.0
1,6,2,0,1,5,2,0,1,0,2,2,2,0,1,0,0,0,2.0,600,116,5.172413793103448
1,36,14,3,1,0,2,0,1,2,2,2,2,0,1,0,0,0,2.0,658,131,5.022900763358779
1,2,2,0,1,1,2,0,0,0,0,0,0,1,1,0,1,0,2.0,213,42,5.071428571428571
1,48,14,0,0,2,2,0,2,0,2,2,2,0,1,250,1,0,2.0,1318,251,5.250996015936255
1,6,2,0,0,1,4,1,1,0,2,2,2,0,1,0,0,0,3.0,164,35,4.685714285714286
0,3,3,6,0,4,5,2,1,0,0,0,0,0,1,0,0,0,5.0,694,123,5.642276422764228
1,4,2,0,1,0,1,0,1,0,2,2,2,0,1,0,0,0,2.0,490,82,5.975609756097561
0,1,3,0,0,6,0,0,0,0,0,2,0,0,1,0,0,0,3.0,88,17,5.176470588235294
0,11,1,0,1,1,3,0,1,1,2,2,2,0,1,0,1,1,4.0,630,126,5.0
1,2,2,0,2,1,2,0,1,0,0,0,0,0,2,0,7,0,3.0,320,58,5.517241379310345
0,2,4,0,0,0,0,0,0,2,0,0,0,0,1,250,0,0,3.0,165,29,5.689655172413793
0,4,3,9,2,0,1,1,1,0,0,0,0,0,4,0,0,0,5.0,129,26,4.961538461538462
1,2,2,3,0,0,1,0,1,0,2,2,0,0,1,0,1,0,3.0,309,50,6.18
0,2,3,0,2,0,0,0,1,0,0,0,0,0,7,0,1,0,3.0,162,36,4.5
0,3,3,0,2,1,4,1,1,1,1,1,1,0,3,0,0,0,1.0,20,3,6.666666666666667
1,6,2,0,1,0,2,0,1,1,0,2,2,0,1,0,3,0,4.0,466,90,5.177777777777778
1,18,80,56,0,2,0,0,2,1,0,2,0,0,1,0,1,0,3.0,312,67,4.656716417910448
0,3,3,0,2,0,5,1,0,0,0,0,0,0,4,0,0,0,5.0,918,185,4.962162162162162
0,2,3,9,2,1,6,1,0,0,0,0,0,0,3,0,1,3,4.0,716,131,5.465648854961832
1,24,5,3,0,4,2,0,1,1,0,0,0,0,1,20,3,0,2.0,139,25,5.56
1,2,2,0,1,3,0,0,1,0,0,0,0,0,1,20,3,0,1.0,144,25,5.76
1,2,2,3,1,1,6,3,1,1,1,1,1,0,3,0,5,0,10.0,38,9,4.222222222222222
1,12,98,0,1,1,6,0,0,1,2,2,2,0,1,0,1,0,4.0,488,95,5.136842105263158
1,4,14,30,1,2,2,0,1,0,2,2,0,0,1,0,0,0,3.0,699,133,5.2556390977443606
0,6,3,0,1,0,1,5,0,0,2,2,2,0,1,30,1,0,1.0,264,52,5.076923076923077
1,2,2,0,1,0,1,2,1,1,1,1,2,0,1,0,1,0,5.0,129,22,5.863636363636363
0,9,10,0,1,1,4,0,1,1,2,2,2,0,1,0,1,0,3.0,106,18,5.888888888888889
1,2,14,0,0,0,1,1,1,1,1,2,1,1,1,150,1,0,4.0,732,107,6.841121495327103
0,5,1,0,0,0,2,0,1,1,2,2,2,0,1,150,1,1,20.0,810,164,4.939024390243903
0,5,81,0,1,3,0,0,1,1,0,0,0,0,1,0,1,0,2.0,34,6,5.666666666666667
0,6,3,0,0,1,0,0,0,0,0,2,0,0,1,0,2,0,5.0,239,39,6.128205128205129
1,24,2,3,0,6,0,0,2,0,2,2,0,0,1,100,9,0,3.0,273,48,5.6875
1,7,2,0,1,0,1,2,1,0,0,0,2,0,1,0,0,0,2.0,259,50,5.18
0,1,3,0,2,3,0,0,1,0,0,0,0,0,2,0,0,0,3.0,96,15,6.4
0,1,3,0,0,5,2,0,1,0,0,2,0,0,1,0,1,0,15.0,2489,469,5.3070362473347545
1,3,2,0,2,4,5,2,1,1,0,0,0,0,6,50,0,0,2.0,148,29,5.103448275862069
0,2,4,6,1,0,6,1,1,2,0,2,0,0,1,50,0,0,5.0,616,109,5.651376146788991
0,3,3,0,0,0,0,0,0,0,0,2,2,0,1,0,1,0,5.0,16,3,5.333333333333333
1,4,2,0,1,0,0,0,1,1,0,2,0,0,2,0,0,0,6.0,851,161,5.285714285714286
0,2,3,0,2,1,3,1,0,0,0,2,0,0,5,0,1,0,5.0,30,6,5.0
0,36,3,9,2,1,5,1,1,0,0,0,0,1,3,0,0,0,5.0,764,141,5.418439716312057
0,12,3,0,0,0,2,0,1,1,1,1,0,1,1,0,1,0,3.0,187,36,5.194444444444445
0,12,3,0,1,0,3,1,1,0,2,2,0,0,3,0,1,0,2.0,150,24,6.25
1,2,14,50,1,1,2,0,0,0,2,2,0,0,1,0,0,0,0.0,76,15,5.066666666666666
0,1,1,0,0,0,0,0,0,1,0,0,0,0,1,0,0,0,4.0,214,42,5.095238095238095
0,1,0,0,1,0,6,1,1,0,0,2,0,0,1,0,1,0,2.0,636,130,4.892307692307693
0,1,1,0,2,1,6,3,1,1,0,0,0,0,4,0,0,0,5.0,1070,177,6.045197740112994
0,2,4,6,2,3,0,0,1,2,1,1,1,0,2,0,3,0,2.0,126,20,6.3
1,1,2,0,1,5,2,0,1,1,0,0,1,0,8,0,0,0,3.0,10,2,5.0
0,2,3,0,0,4,2,0,1,0,2,2,0,1,1,0,0,0,5.0,701,120,5.841666666666667
0,4,3,0,1,4,0,0,0,0,2,2,2,0,1,5,0,0,1.0,447,85,5.258823529411765
1,8,19,28,1,2,2,0,1,1,2,2,2,0,1,0,0,0,5.0,342,61,5.60655737704918
1,2,2,0,0,0,0,0,1,1,2,2,0,0,1,0,0,0,1.0,248,48,5.166666666666667
0,3,4,0,1,0,3,1,1,2,0,0,0,0,1,100,0,0,2.0,76,10,7.6
1,11,2,0,1,5,2,0,1,2,1,1,1,0,1,0,0,0,1.0,52,8,6.5
0,1,3,0,1,1,5,0,0,0,0,2,0,0,2,0,1,0,1.0,218,39,5.589743589743589
1,1,2,7,1,0,0,0,1,0,0,0,0,0,1,0,0,0,2.0,236,38,6.2105263157894735
1,4,2,0,1,1,2,0,1,1,2,2,0,0,1,0,0,0,1.0,157,26,6.038461538461538
1,5,2,0,0,2,2,0,1,0,2,2,0,0,1,350,5,0,2.0,642,109,5.889908256880734
1,48,2,0,0,1,5,0,2,0,1,0,0,0,1,1,0,0,0.0,42,8,5.25
0,3,3,0,2,6,2,0,1,0,0,0,1,0,2,0,0,0,1.0,378,75,5.04
1,12,2,0,0,6,2,0,1,0,1,1,1,0,1,0,1,0,1.0,501,98,5.112244897959184
1,1,2,0,2,0,1,0,0,1,0,0,2,0,2,0,9,0,3.0,329,64,5.140625
1,1,2,0,1,0,1,1,1,1,0,2,0,0,1,0,2,1,6.0,226,44,5.136363636363637
1,36,8,3,1,0,2,0,2,0,1,1,1,0,1,350,0,1,1.0,766,150,5.1066666666666665
0,1,3,0,1,0,0,0,1,0,0,2,0,0,1,0,0,1,8.0,699,137,5.102189781021898
1,24,2,0,0,0,1,0,1,0,1,1,1,0,1,0,1,0,1.0,81,15,5.4
1,15,2,0,0,1,2,0,2,0,0,0,0,0,1,0,0,0,2.0,262,47,5.574468085106383
0,12,3,0,0,6,2,0,1,0,2,2,2,0,1,0,1,0,1.0,61,11,5.545454545454546
1,2,2,0,1,5,2,0,1,0,0,0,0,0,1,0,0,0,5.0,557,107,5.205607476635514
1,36,21,0,0,1,4,1,2,1,1,1,2,0,1,750,0,0,9.0,2021,384,5.263020833333333
0,2,3,0,0,1,6,2,1,1,2,2,0,0,1,0,1,0,21.0,250,54,4.62962962962963
1,6,2,0,0,1,0,0,1,0,2,2,0,0,1,0,0,0,4.0,197,37,5.324324324324325
0,5,1,9,2,2,3,1,0,0,2,2,0,0,4,0,0,0,4.0,395,66,5.984848484848484
0,4,3,9,0,0,0,0,1,1,2,2,0,0,1,0,6,0,1.0,187,31,6.032258064516129
0,8,0,0,1,1,4,1,1,0,1,2,1,0,1,0,0,0,1.0,162,32,5.0625
0,2,3,0,1,0,5,1,0,0,0,2,0,0,1,0,0,4,13.0,1918,360,5.3277777777777775
0,2,3,0,0,0,2,0,0,0,1,1,1,0,1,0,1,0,3.0,42,7,6.0
0,2,3,20,0,3,0,0,0,0,0,0,0,0,1,0,5,0,2.0,269,50,5.38
1,4,2,0,0,0,1,0,1,1,2,2,2,0,1,0,0,0,4.0,351,71,4.943661971830986
1,1,2,0,2,0,2,0,1,0,0,2,0,0,6,0,0,0,3.0,256,45,5.688888888888889
0,9,7,1,0,0,6,1,2,2,0,0,0,0,2,300,1,0,3.0,34,5,6.8
0,1,0,9,1,0,3,1,1,1,2,2,0,0,1,0,1,0,7.0,723,126,5.738095238095238
1,2,5,3,1,1,4,1,1,0,0,0,0,0,1,0,0,0,6.0,238,44,5.409090909090909
1,10,2,3,0,6,0,0,2,0,2,2,2,0,1,0,0,0,2.0,147,4,36.75
1,60,51,0,1,1,2,0,1,0,2,2,1,0,1,0,0,0,1.0,141,29,4.862068965517241
1,4,2,0,1,0,1,0,1,0,2,2,0,0,1,35,1,0,5.0,130,26,5.0
1,24,9,3,0,0,0,0,0,1,1,1,1,0,1,0,1,0,3.0,494,100,4.94
0,4,1,0,0,0,1,2,0,1,1,1,1,0,1,0,0,0,2.0,900,178,5.056179775280899
1,17,114,3,1,4,2,0,1,0,2,2,2,0,1,0,0,0,2.0,248,43,5.767441860465116
0,3,0,0,1,0,1,1,0,0,0,2,2,0,5,30,0,0,0.0,249,49,5.081632653061225
0,2,26,48,2,0,3,1,2,1,0,2,0,0,3,0,1,0,4.0,412,77,5.35064935064935
1,2,2,58,1,0,1,0,1,0,2,2,2,0,1,0,0,0,13.0,339,65,5.2153846153846155
0,4,3,0,1,1,4,3,0,0,2,2,0,0,1,0,0,0,4.0,555,108,5.138888888888889
0,3,1,6,1,0,3,1,0,1,0,2,2,0,3,0,5,0,9.0,347,12,28.916666666666668
1,4,2,3,1,0,3,1,1,1,2,2,1,0,2,0,0,0,5.0,249,46,5.413043478260869
0,12,3,0,1,6,0,0,1,0,0,2,0,0,1,0,0,0,2.0,453,68,6.661764705882353
1,1,2,0,1,1,2,0,1,0,0,0,0,0,1,0,2,0,2.0,149,31,4.806451612903226
1,0,2,0,1,1,2,0,1,0,2,2,0,0,1,0,0,0,1.0,405,74,5.472972972972973
1,12,2,0,1,0,1,0,1,0,0,2,0,0,1,0,3,0,4.0,121,16,7.5625
0,1,1,0,2,0,2,0,1,1,0,0,0,0,3,0,5,0,6.0,731,140,5.2214285714285715
0,3,3,0,0,4,5,1,0,0,2,2,0,0,1,0,1,0,4.0,1006,192,5.239583333333333
0,62,141,0,1,1,2,0,2,1,2,2,2,0,1,0,1,0,4.0,1097,207,5.299516908212561
0,11,3,0,0,0,3,1,1,0,2,2,0,0,1,0,0,0,3.0,151,33,4.575757575757576
0,4,10,22,0,6,4,1,1,0,2,2,0,0,1,0,0,0,5.0,523,101,5.178217821782178
1,36,14,0,0,2,2,0,1,0,2,2,0,0,1,0,1,0,1.0,204,36,5.666666666666667
0,2,1,57,2,1,3,1,2,1,2,2,0,0,3,0,1,0,6.0,878,168,5.226190476190476
0,4,1,0,0,5,2,0,1,1,2,2,2,0,1,0,0,0,5.0,1800,323,5.572755417956657
0,5,0,0,0,0,1,5,1,1,2,2,0,0,1,30,0,0,1.0,144,26,5.538461538461538
1,3,2,0,1,1,2,0,1,0,2,2,0,0,1,0,0,0,4.0,229,38,6.026315789473684
1,2,2,0,0,1,4,0,1,0,0,0,0,0,1,0,0,0,3.0,363,63,5.761904761904762
1,4,2,0,1,1,4,0,0,0,2,2,0,0,2,0,0,0,1.0,18,3,6.0
1,2,2,0,1,5,2,0,1,1,0,0,0,0,1,0,0,0,1.0,65,11,5.909090909090909
1,2,2,3,1,6,2,0,1,1,2,2,0,0,1,0,0,0,1.0,12,2,6.0
1,60,2,0,1,5,2,0,0,2,2,2,1,0,1,0,1,0,5.0,274,55,4.9818181818181815
1,24,2,38,0,0,1,1,1,0,2,2,0,0,1,1,3,0,3.0,137,23,5.956521739130435
0,36,1,0,1,0,3,0,1,1,0,0,0,0,1,0,1,0,3.0,340,63,5.396825396825397
0,9,7,6,0,0,3,1,2,2,2,2,2,0,1,0,0,0,3.0,193,38,5.078947368421052
1,1,2,0,1,0,1,1,2,2,0,2,0,0,1,0,0,0,4.0,757,150,5.046666666666667
1,3,2,0,2,0,1,1,1,0,0,2,0,0,4,0,0,0,6.0,292,52,5.615384615384615
1,1,2,0,2,0,1,0,0,1,2,2,0,0,4,0,1,0,14.0,235,44,5.340909090909091
1,7,2,0,1,1,2,0,1,0,0,2,2,0,1,0,0,0,5.0,1053,192,5.484375
0,3,0,0,2,1,3,1,0,1,0,0,0,0,2,0,1,0,2.0,556,103,5.398058252427185
1,1,2,3,2,0,2,0,1,1,0,0,0,0,2,0,3,0,5.0,173,33,5.242424242424242
0,2,3,0,1,0,5,1,0,0,0,0,0,0,1,0,0,0,11.0,332,62,5.354838709677419
1,1,2,0,1,0,0,0,1,1,0,0,0,0,1,0,0,0,5.0,410,75,5.466666666666667
0,18,3,0,0,1,2,0,0,0,1,2,1,0,1,0,1,0,6.0,22,5,4.4
0,2,1,0,1,0,5,1,0,1,0,0,0,0,1,0,0,0,1.0,182,35,5.2
1,60,20,0,0,4,4,1,2,2,2,2,2,0,1,500,0,0,1.0,1444,268,5.388059701492537
0,1,0,0,0,4,2,0,2,0,0,0,0,0,1,0,0,0,12.0,755,148,5.101351351351352
1,12,2,0,0,1,0,0,1,0,2,2,0,0,1,0,0,0,3.0,179,37,4.837837837837838
1,60,25,0,1,1,2,0,2,0,1,1,2,1,1,0,0,0,2.0,415,79,5.253164556962025
1,2,2,0,1,1,2,0,1,0,0,0,0,0,1,20,3,0,1.0,144,25,5.76
0,12,1,26,0,1,5,1,2,0,0,2,0,0,1,0,0,1,5.0,348,65,5.3538461538461535
0,12,3,0,0,4,2,0,2,0,2,2,0,0,1,0,1,0,3.0,361,74,4.878378378378378
0,4,31,16,0,0,0,0,2,0,2,2,0,0,1,0,1,0,5.0,623,114,5.464912280701754
1,4,2,0,1,2,2,0,1,1,2,2,0,0,1,0,0,0,1.0,164,31,5.290322580645161
0,24,0,0,1,0,3,1,1,1,0,2,2,0,1,20,1,0,0.0,258,55,4.6909090909090905
0,4,1,0,1,4,5,0,1,1,0,0,0,0,1,0,1,0,4.0,128,27,4.7407407407407405
1,48,20,0,0,4,2,0,2,1,0,0,0,1,1,0,5,0,5.0,297,53,5.60377358490566
0,12,3,0,1,1,0,0,1,0,2,2,2,0,1,0,0,0,4.0,657,122,5.385245901639344
1,3,2,3,0,0,2,0,1,0,0,0,0,0,1,0,1,0,2.0,18,1,18.0
1,1,2,0,0,1,2,0,0,0,0,2,0,0,2,0,0,0,4.0,281,56,5.017857142857143
0,9,1,0,1,5,2,0,1,1,2,2,0,0,1,40,0,0,4.0,116,19,6.105263157894737
0,4,3,0,1,0,2,0,1,0,0,0,0,0,1,5,0,0,0.0,355,68,5.220588235294118
1,48,23,0,1,1,2,0,3,1,2,2,0,0,1,0,0,0,1.0,262,49,5.346938775510204
1,2,2,0,1,1,2,0,1,0,0,0,1,0,1,5,3,0,2.0,15,3,5.0
0,3,1,0,0,0,0,0,0,1,0,0,0,0,1,0,0,0,4.0,794,145,5.475862068965517
0,3,3,0,2,0,0,0,1,0,2,2,0,0,3,0,2,0,9.0,515,98,5.255102040816326
0,3,26,23,1,1,0,0,0,0,0,0,1,0,2,0,0,0,4.0,3,1,3.0
1,30,2,0,0,0,2,0,1,1,2,2,2,0,1,0,0,0,1.0,257,52,4.9423076923076925
1,24,14,11,0,0,2,0,2,1,2,2,2,0,1,0,0,0,2.0,12,2,6.0
1,24,2,0,1,0,0,0,1,0,2,2,1,0,1,100,3,0,1.0,79,15,5.266666666666667
1,6,2,0,1,1,2,0,0,0,2,2,0,0,1,0,0,0,2.0,71,15,4.733333333333333
1,2,2,3,0,1,5,2,0,0,2,2,0,0,1,0,2,0,2.0,44,7,6.285714285714286
1,3,2,0,1,5,2,0,1,1,0,2,0,0,1,0,5,0,3.0,400,81,4.938271604938271
1,2,2,0,2,0,1,0,1,0,2,2,0,0,12,0,1,0,6.0,116,20,5.8
0,1,26,6,0,6,0,0,1,1,0,0,0,0,1,0,0,0,5.0,133,27,4.925925925925926
1,2,2,0,0,1,2,0,1,0,2,2,0,0,1,0,0,0,3.0,377,76,4.9605263157894735
1,48,9,28,0,5,2,0,0,0,2,2,0,0,1,0,0,0,4.0,483,92,5.25
0,3,3,0,0,0,6,1,1,0,0,2,0,0,4,0,0,0,15.0,425,61,6.967213114754099
0,14,3,0,1,1,6,1,1,0,1,2,2,0,1,0,1,0,2.0,285,52,5.480769230769231
1,3,2,0,1,0,1,0,1,0,1,1,1,0,1,0,0,0,6.0,466,97,4.804123711340206
1,3,2,3,1,1,2,0,1,1,0,2,0,0,1,0,0,0,5.0,14,3,4.666666666666667
0,2,1,0,0,0,1,2,1,1,0,2,0,0,1,0,3,0,4.0,437,81,5.395061728395062
1,11,2,31,0,0,1,0,1,1,1,1,1,0,1,0,0,0,4.0,181,35,5.171428571428572
1,4,2,0,0,0,1,5,2,1,2,2,2,0,3,0,1,2,16.0,433,69,6.27536231884058
1,1,2,0,1,0,1,1,0,1,0,0,0,0,1,0,0,0,15.0,65,13,5.0
0,5,26,0,1,0,1,1,0,0,2,2,2,0,1,200,5,0,6.0,1240,233,5.3218884120171674
1,2,2,0,1,2,2,0,1,0,0,0,0,0,2,0,0,0,4.0,460,90,5.111111111111111
0,1,1,0,1,0,3,1,0,0,0,0,0,0,1,0,1,0,11.0,584,120,4.866666666666666
1,24,2,0,1,2,2,0,1,2,1,1,1,0,1,0,5,0,1.0,154,30,5.133333333333334
1,3,2,31,0,0,0,0,1,1,2,2,0,0,1,0,0,0,5.0,14,3,4.666666666666667
1,1,2,0,0,0,1,0,1,1,0,0,0,0,1,0,1,0,1.0,52,8,6.5
1,84,2,11,0,5,2,0,1,0,2,2,2,0,1,0,0,0,6.0,344,64,5.375
1,42,34,3,0,2,2,0,0,1,2,2,2,0,1,200,0,0,3.0,364,53,6.867924528301887
1,4,2,0,1,0,2,0,0,0,0,0,0,0,1,0,2,0,1.0,18,3,6.0
1,1,2,0,0,0,1,0,1,0,0,2,0,0,4,0,0,0,4.0,334,64,5.21875
1,7,51,76,1,0,2,0,1,1,2,2,2,0,1,0,0,0,3.0,167,27,6.185185185185185
1,2,2,0,1,0,1,0,1,1,2,2,0,0,1,0,0,0,7.0,135,22,6.136363636363637
1,8,2,0,1,0,2,0,1,0,2,2,0,0,1,0,2,1,9.0,644,118,5.4576271186440675
0,28,3,9,0,0,3,1,1,0,2,2,2,0,1,0,3,0,7.0,439,85,5.1647058823529415
0,48,1,0,1,0,6,4,2,1,0,0,0,0,1,0,0,0,1.0,110,22,5.0
0,6,1,0,1,3,2,0,1,1,0,2,0,0,1,0,8,0,4.0,229,41,5.585365853658536
1,2,14,3,1,0,6,4,2,0,0,0,0,0,1,0,8,5,7.0,172,34,5.0588235294117645
1,2,2,0,1,0,1,0,1,0,1,1,0,0,1,0,0,0,1.0,103,16,6.4375
1,24,23,31,1,0,1,0,2,1,2,2,2,0,1,500,0,0,5.0,24,4,6.0
0,1,3,0,1,3,0,0,1,0,0,0,0,0,1,0,1,0,1.0,39,8,4.875
0,3,3,0,0,3,0,0,1,0,0,2,0,0,1,0,3,0,1.0,172,36,4.777777777777778
1,24,9,0,0,1,4,1,0,2,2,2,0,0,1,250,0,0,2.0,94,19,4.947368421052632
1,1,2,3,1,2,0,0,1,1,0,2,0,0,1,0,0,0,3.0,12,2,6.0
1,24,2,0,0,0,2,0,1,0,0,0,0,0,1,0,9,0,4.0,703,135,5.207407407407407
0,1,3,0,0,6,0,0,1,1,0,0,0,0,2,0,0,0,4.0,6,1,6.0
1,27,2,0,1,4,2,0,1,0,2,2,2,0,1,0,1,0,4.0,497,99,5.02020202020202
1,1,2,36,0,0,1,0,2,1,2,2,0,0,1,0,0,0,3.0,279,47,5.9361702127659575
1,2,2,3,0,0,1,0,1,1,0,2,0,0,1,0,0,0,1.0,12,2,6.0
1,11,2,3,1,1,2,0,1,0,2,2,0,0,1,0,0,1,8.0,733,138,5.311594202898551
0,2,0,0,0,0,4,3,0,0,0,0,0,0,1,0,0,0,4.0,81,15,5.4
0,4,1,0,0,4,5,0,0,1,0,0,0,0,2,0,1,0,4.0,192,36,5.333333333333333
1,2,2,0,2,0,1,0,1,0,0,0,0,0,2,0,1,0,1.0,39,8,4.875
1,12,2,3,0,0,1,0,1,1,2,2,2,0,1,0,0,0,1.0,145,4,36.25
1,2,2,0,1,0,1,1,1,0,0,0,0,0,1,20,3,0,1.0,201,32,6.28125
0,2,3,0,0,0,0,0,1,0,0,0,0,0,1,0,0,0,2.0,245,44,5.568181818181818
1,9,2,0,1,0,1,1,1,1,2,2,2,0,1,0,2,1,3.0,582,120,4.85
1,8,9,7,1,0,0,0,0,2,0,0,2,0,1,0,0,0,11.0,225,42,5.357142857142857
1,1,2,0,0,0,1,0,1,0,0,0,0,0,1,0,0,0,1.0,599,124,4.830645161290323
0,1,110,0,0,0,0,0,0,0,0,0,0,0,1,0,10,0,1.0,29,6,4.833333333333333
1,1,14,12,2,0,1,0,1,0,0,0,0,0,6,0,1,0,5.0,54,11,4.909090909090909
1,2,2,0,1,0,2,0,1,0,2,2,0,1,1,0,1,0,4.0,487,102,4.7745098039215685
1,1,2,0,1,0,6,2,1,1,0,2,0,0,1,50,0,0,10.0,1402,246,5.699186991869919
0,2,1,0,2,0,0,0,1,1,2,2,0,0,3,0,0,0,3.0,190,32,5.9375
0,4,1,9,2,1,3,0,0,1,0,0,0,0,2,0,1,0,2.0,436,78,5.589743589743589
0,18,1,0,1,0,6,1,1,1,2,0,0,0,1,0,0,0,4.0,160,32,5.0
0,2,1,0,1,2,0,0,0,1,0,0,0,0,1,0,0,0,1.0,144,27,5.333333333333333
1,4,44,3,1,1,0,0,1,0,2,2,0,0,1,0,0,0,4.0,337,65,5.184615384615385
0,3,12,0,2,3,0,0,0,0,0,0,0,0,2,0,1,0,2.0,527,95,5.5473684210526315
1,12,2,0,1,1,2,0,0,1,2,2,0,0,1,80,0,0,4.0,400,79,5.063291139240507
1,2,2,3,1,1,2,0,1,1,2,2,0,0,1,0,0,0,1.0,12,2,6.0
0,24,26,0,2,0,6,4,1,0,2,2,2,0,5,0,1,0,5.0,132,25,5.28
0,1,3,0,1,0,3,0,0,0,0,2,0,0,1,0,0,0,2.0,208,37,5.621621621621622
0,2,3,9,0,0,1,2,0,0,0,0,0,1,1,0,0,0,3.0,86,14,6.142857142857143
0,1,3,0,0,0,3,0,1,0,0,0,0,0,1,0,0,1,7.0,173,33,5.242424242424242
1,3,2,0,0,2,2,0,1,0,1,2,0,0,1,0,1,0,9.0,225,38,5.921052631578948
0,2,1,0,1,0,0,0,0,1,0,2,0,0,1,0,1,0,1.0,20,5,4.0
1,60,23,3,1,0,2,0,1,2,2,2,2,0,1,0,5,0,3.0,289,52,5.5576923076923075
1,10,2,3,1,0,1,1,1,0,0,0,0,0,1,0,0,0,3.0,472,94,5.0212765957446805
1,3,2,0,1,2,0,0,1,0,0,0,0,0,1,0,0,1,5.0,815,155,5.258064516129032
1,0,2,0,2,0,1,1,1,0,0,0,0,0,5,0,3,0,8.0,620,119,5.2100840336134455
1,8,2,3,1,5,2,0,1,0,2,2,2,0,1,0,0,1,1.0,248,48,5.166666666666667
0,1,1,0,0,0,0,0,0,1,0,0,0,0,1,0,1,0,4.0,125,20,6.25
0,1,3,0,2,4,5,3,1,0,0,0,0,0,4,0,1,0,7.0,471,77,6.116883116883117
0,2,3,0,1,2,0,0,0,0,0,2,0,0,1,0,1,0,1.0,695,132,5.265151515151516
0,3,3,0,0,0,0,0,1,0,2,2,0,0,1,15,0,0,1.0,123,21,5.857142857142857
0,1,24,0,1,0,3,1,1,0,0,0,0,0,1,0,0,0,5.0,291,51,5.705882352941177
0,3,3,0,0,6,0,0,0,0,2,2,2,0,1,0,1,0,7.0,112,19,5.894736842105263
0,4,3,0,0,1,5,1,1,0,0,0,0,0,2,0,1,0,5.0,563,103,5.466019417475728
1,48,48,3,1,0,1,0,0,0,2,2,1,0,1,0,0,0,5.0,1520,302,5.033112582781457
0,30,3,0,1,2,3,1,1,1,2,2,2,0,1,1,0,0,1.0,156,28,5.571428571428571
0,3,49,0,2,0,1,1,1,0,0,0,0,0,4,0,0,0,4.0,51,11,4.636363636363637
0,8,3,0,1,2,2,0,1,0,0,0,0,0,2,0,1,0,6.0,705,134,5.2611940298507465
0,3,1,26,0,6,4,1,0,1,0,0,2,0,1,0,1,0,5.0,12,3,4.0
0,1,3,0,1,4,5,2,1,0,0,0,0,0,1,0,8,0,3.0,182,28,6.5
1,3,2,0,1,5,2,0,2,0,0,0,0,0,1,0,3,0,3.0,713,136,5.242647058823529
0,4,3,0,0,1,0,0,0,0,0,0,0,0,1,30,1,0,3.0,434,81,5.3580246913580245
1,48,2,0,1,1,0,0,1,0,2,2,2,0,1,0,0,0,10.0,521,110,4.736363636363636
1,64,9,0,1,1,2,0,1,1,1,1,1,0,1,250,0,0,0.0,472,96,4.916666666666667
1,2,2,0,1,0,1,0,1,1,2,2,0,0,1,0,0,0,7.0,166,28,5.928571428571429
1,36,2,0,1,1,2,0,2,1,2,2,2,0,1,0,0,0,10.0,634,123,5.154471544715447
0,0,3,0,2,0,3,1,1,0,0,0,0,0,2,0,0,0,28.0,526,95,5.536842105263158
1,12,2,0,0,2,0,0,1,1,2,2,1,0,1,0,0,0,2.0,20,4,5.0
1,1,13,3,0,0,1,0,1,1,0,0,0,0,1,0,1,0,11.0,695,134,5.186567164179104
1,4,2,3,2,1,2,0,1,0,2,2,0,0,2,50,0,0,3.0,434,93,4.666666666666667
0,6,12,0,0,1,0,0,0,1,0,0,2,0,1,0,0,0,4.0,92,19,4.842105263157895
0,4,10,44,0,2,0,0,1,1,0,2,0,0,1,50,2,0,2.0,84,14,6.0
1,2,2,0,1,0,2,0,1,0,0,0,0,0,1,0,0,0,2.0,351,69,5.086956521739131
0,24,1,0,1,3,2,0,1,1,0,2,0,0,1,0,0,1,4.0,635,122,5.204918032786885
1,0,5,3,1,0,0,0,1,1,2,2,0,0,1,0,1,0,2.0,87,15,5.8
1,3,2,0,0,1,0,0,1,1,2,2,0,0,1,200,0,0,2.0,43,6,7.166666666666667
0,4,10,0,0,2,2,0,1,0,2,0,0,0,1,0,6,0,1.0,74,10,7.4
1,2,2,0,2,0,4,0,1,0,0,0,0,0,4,0,9,0,6.0,102,15,6.8
0,5,0,0,0,0,1,5,1,0,2,2,0,0,1,50,0,0,1.0,143,25,5.72
1,48,48,0,1,0,1,0,0,0,2,2,2,1,1,180,1,0,9.0,1889,348,5.42816091954023
1,36,2,33,0,4,2,0,0,1,2,2,2,0,1,0,1,0,2.0,320,62,5.161290322580645
0,14,0,0,2,0,1,0,1,0,0,0,0,0,5,0,1,0,3.0,96,19,5.052631578947368
0,2,3,8,1,2,0,0,1,0,0,2,0,0,1,100,0,0,5.0,278,50,5.56
1,4,2,0,0,0,2,0,0,0,2,0,0,0,1,0,0,0,6.0,171,35,4.885714285714286
0,36,7,0,1,0,1,5,1,1,2,2,2,0,1,0,1,1,2.0,360,72,5.0
1,24,2,3,1,1,0,0,1,0,0,0,0,0,2,0,9,0,3.0,123,20,6.15
0,1,1,0,2,0,4,0,0,1,0,0,0,1,2,0,0,0,5.0,308,50,6.16
0,48,0,0,0,0,1,5,1,1,2,2,2,0,1,0,1,0,5.0,707,140,5.05
1,4,2,0,1,1,2,0,1,1,0,2,0,0,1,0,5,0,3.0,103,22,4.681818181818182
0,2,30,0,2,0,5,1,0,0,0,0,0,0,4,0,3,0,3.0,209,40,5.225
1,12,2,33,0,1,4,0,1,1,1,1,1,0,1,0,1,0,1.0,1566,264,5.931818181818182
1,2,2,0,0,0,0,0,1,1,0,2,0,0,1,0,3,0,1.0,122,19,6.421052631578948
0,4,12,0,0,0,0,0,1,1,0,2,0,0,1,0,1,0,3.0,129,21,6.142857142857143
0,10,3,0,1,0,3,1,0,0,2,2,0,0,1,50,1,0,1.0,262,41,6.390243902439025
0,24,81,47,2,0,1,1,1,1,1,1,1,0,5,0,5,0,0.0,43,9,4.777777777777778
0,3,3,0,0,1,5,1,1,0,2,2,0,0,1,0,3,0,7.0,203,35,5.8
0,4,1,0,1,0,1,3,1,1,2,2,1,0,1,0,0,0,3.0,631,100,6.31
1,11,2,0,0,1,0,0,1,0,2,2,2,0,1,150,0,0,3.0,138,29,4.758620689655173
1,2,2,3,1,1,2,0,1,1,2,2,1,0,2,0,6,0,1.0,84,16,5.25
1,2,2,0,1,0,6,2,1,0,1,1,1,0,6,0,3,0,1.0,320,57,5.614035087719298
1,2,2,7,1,0,1,0,0,0,0,0,0,0,1,0,0,0,4.0,125,24,5.208333333333333
1,12,2,0,0,0,1,3,0,1,1,1,1,0,1,0,0,0,5.0,192,37,5.1891891891891895
1,1,2,3,1,0,5,0,1,0,0,0,0,0,1,0,3,0,2.0,112,21,5.333333333333333
0,3,3,0,0,4,4,0,1,0,2,2,0,0,1,0,0,0,5.0,247,47,5.25531914893617
0,2,3,0,2,0,5,0,0,0,0,0,0,0,3,0,1,0,5.0,83,13,6.384615384615385
0,6,3,26,1,3,0,0,0,0,0,0,2,0,1,0,0,0,1.0,17,3,5.666666666666667
0,3,149,0,2,0,6,1,0,1,0,0,0,0,2,0,0,0,2.0,222,37,6.0
0,4,3,0,0,4,0,0,1,0,0,2,0,0,1,30,0,0,1.0,388,70,5.542857142857143
1,1,2,3,0,1,2,0,1,1,0,2,0,0,1,0,0,0,1.0,14,3,4.666666666666667
1,16,2,0,0,2,2,0,1,0,2,2,2,0,1,0,0,0,4.0,304,60,5.066666666666666
0,3,0,8,1,1,4,1,1,0,0,2,0,0,1,0,0,0,5.0,1284,251,5.115537848605578
1,2,2,0,0,1,0,0,0,0,2,2,0,0,1,0,0,0,6.0,285,56,5.089285714285714
1,2,25,3,1,0,1,0,1,0,2,2,0,0,4,0,0,0,6.0,108,17,6.352941176470588
0,24,3,0,0,3,0,0,1,0,0,2,2,0,1,0,0,0,0.0,464,87,5.333333333333333
0,3,3,0,1,3,0,0,0,0,0,2,0,0,1,0,0,0,3.0,420,77,5.454545454545454
1,48,2,0,0,0,1,0,2,0,1,1,0,1,1,0,0,0,2.0,448,86,5.209302325581396
0,2,3,0,1,0,1,1,1,0,0,0,0,0,2,0,0,0,3.0,297,57,5.2105263157894735
1,4,2,0,1,1,0,0,1,0,2,2,2,0,2,100,0,0,2.0,168,37,4.54054054054054
0,6,1,0,2,0,1,0,1,1,2,2,0,0,3,0,1,0,7.0,593,108,5.4907407407407405
1,4,2,0,1,0,1,0,1,0,2,2,2,0,1,0,0,0,5.0,54,12,4.5
1,5,14,3,0,2,2,0,1,0,2,2,0,0,1,0,0,0,1.0,325,54,6.018518518518518
1,1,2,0,1,1,2,0,1,1,0,0,0,0,2,0,0,0,2.0,431,83,5.192771084337349
0,4,3,9,0,4,2,0,1,0,2,2,0,0,1,0,3,0,4.0,560,104,5.384615384615385
0,2,36,9,2,3,2,0,1,0,0,2,0,0,3,20,0,0,13.0,717,129,5.558139534883721
1,2,2,0,1,0,1,1,1,0,0,0,1,0,2,0,0,0,5.0,231,42,5.5
0,3,3,0,1,5,2,0,0,0,0,0,0,0,1,0,3,0,2.0,16,3,5.333333333333333
0,4,3,6,2,0,3,1,1,1,2,2,2,0,2,50,0,0,4.0,397,72,5.513888888888889
0,7,92,9,0,0,1,5,0,0,0,2,2,0,1,0,5,0,1.0,61,11,5.545454545454546
0,2,3,0,0,6,2,0,1,0,0,0,0,0,1,0,1,0,1.0,188,40,4.7
1,3,2,0,1,0,1,0,1,0,2,2,0,0,1,0,0,0,0.0,304,60,5.066666666666666
0,24,4,10,0,3,0,0,2,2,2,2,2,0,1,250,0,0,5.0,1344,250,5.376
0,1,3,0,0,0,0,0,0,0,0,0,0,1,1,0,0,0,1.0,334,66,5.0606060606060606
0,3,3,0,2,0,3,1,2,0,1,1,1,0,3,0,0,0,3.0,154,29,5.310344827586207
1,108,2,3,2,1,0,0,2,0,2,2,2,0,2,0,0,3,5.0,331,49,6.755102040816326
1,36,23,0,1,0,1,0,3,0,1,1,1,0,1,0,0,0,3.0,160,31,5.161290322580645
0,5,3,0,0,0,0,0,1,0,2,2,0,0,2,0,3,0,2.0,144,28,5.142857142857143
1,3,2,0,1,1,0,0,1,1,1,1,0,0,1,0,0,0,7.0,202,33,6.121212121212121
0,1,3,0,1,3,0,0,1,1,0,0,0,0,1,0,0,0,5.0,427,82,5.2073170731707314
0,5,3,0,0,0,3,1,1,0,1,1,1,0,1,0,0,0,3.0,139,26,5.346153846153846
0,1,30,0,0,2,2,0,0,0,0,0,0,0,1,0,0,0,1.0,38,8,4.75
0,6,0,0,0,3,2,0,1,0,0,2,0,0,1,0,1,0,4.0,288,56,5.142857142857143
0,2,3,0,0,0,0,0,1,0,0,0,0,0,1,0,0,0,4.0,319,61,5.229508196721311
1,1,2,0,1,1,2,0,1,0,0,2,0,1,1,38,0,0,1.0,277,52,5.326923076923077
0,8,3,0,0,0,0,0,1,0,0,0,0,0,1,0,5,0,2.0,361,71,5.084507042253521
1,2,2,0,1,1,0,0,1,1,2,0,0,0,1,0,3,0,1.0,218,36,6.055555555555555
0,1,10,0,0,4,2,0,0,0,0,0,0,0,1,0,5,0,2.0,154,30,5.133333333333334
0,7,4,9,0,3,0,0,1,1,1,2,0,0,1,0,0,0,12.0,732,147,4.979591836734694
1,24,2,7,0,1,2,0,1,1,1,2,0,0,1,0,8,0,2.0,285,62,4.596774193548387
0,2,3,0,1,0,4,1,0,0,0,0,0,0,1,0,0,2,5.0,313,59,5.305084745762712
1,65,63,0,1,2,2,0,0,0,2,2,2,0,1,0,1,0,1.0,142,30,4.733333333333333
0,11,10,6,1,2,3,0,1,1,2,2,0,0,1,0,0,0,3.0,227,45,5.044444444444444
1,7,2,0,0,0,1,1,1,0,2,2,1,0,1,0,2,0,4.0,219,44,4.9772727272727275
1,3,2,0,0,1,2,0,1,0,2,2,0,0,1,0,1,0,1.0,35,6,5.833333333333333
1,2,20,3,1,0,2,0,1,1,0,0,0,0,1,0,1,0,3.0,99,16,6.1875
1,11,20,0,1,4,0,0,2,1,2,2,0,0,1,0,0,0,1.0,530,103,5.145631067961165
1,72,2,0,0,6,2,0,2,1,2,2,2,0,1,200,0,0,1.0,8,2,4.0
0,1,3,0,0,0,1,5,1,0,0,0,0,0,1,0,1,0,1.0,84,15,5.6
1,2,2,0,0,0,1,1,1,1,0,0,0,0,1,0,0,0,3.0,190,33,5.757575757575758
1,72,98,0,0,0,2,0,1,1,2,2,1,1,1,0,0,0,2.0,519,106,4.89622641509434
1,4,2,0,1,1,2,0,0,0,0,0,0,1,2,0,0,0,4.0,379,70,5.414285714285715
1,2,44,0,1,1,2,0,1,1,2,2,0,0,1,0,0,0,5.0,241,45,5.355555555555555
1,16,5,3,1,1,4,0,1,0,2,2,2,0,1,300,0,0,1.0,545,83,6.566265060240964
0,4,0,0,1,0,6,1,1,0,2,2,0,0,1,0,0,0,1.0,274,50,5.48
1,2,2,0,1,0,1,1,0,1,2,2,0,0,3,0,0,0,4.0,251,42,5.976190476190476
0,12,3,0,1,0,0,0,3,0,2,2,2,0,1,0,1,0,1.0,834,169,4.93491124260355
0,12,1,0,1,0,5,1,1,1,1,1,1,0,1,0,6,0,1.0,12,3,4.0
1,2,25,3,1,0,1,0,1,0,2,2,0,0,1,0,0,0,4.0,123,22,5.590909090909091
0,1,1,0,0,5,2,0,1,1,0,0,0,0,1,0,0,0,3.0,166,28,5.928571428571429
1,2,2,0,1,0,1,0,1,0,1,1,0,0,1,0,0,0,2.0,125,21,5.9523809523809526
1,2,2,0,1,2,2,0,1,0,0,0,0,0,1,0,0,0,3.0,639,123,5.195121951219512
0,3,3,0,0,6,2,0,1,0,2,2,0,0,1,0,0,0,18.0,377,69,5.463768115942029
0,3,3,0,2,0,3,0,0,0,0,0,0,0,4,0,0,0,3.0,618,108,5.722222222222222
1,19,25,0,1,0,1,2,2,0,2,2,0,0,1,500,0,0,4.0,794,157,5.057324840764331
0,1,3,0,2,6,4,1,0,0,0,0,1,0,3,0,0,0,22.0,217,36,6.027777777777778
0,2,3,0,1,2,0,0,0,0,2,2,0,0,1,0,0,0,3.0,616,102,6.03921568627451
0,0,0,0,2,0,4,1,1,0,0,0,0,0,3,0,0,0,9.0,69,13,5.3076923076923075
1,1,2,3,1,5,2,0,1,1,2,2,0,0,1,0,0,0,1.0,12,2,6.0
1,48,33,0,1,1,6,0,0,2,2,1,1,1,1,0,1,0,3.0,219,37,5.918918918918919
1,11,2,11,1,2,2,0,1,1,0,2,2,0,1,0,8,0,2.0,260,49,5.3061224489795915
0,5,3,0,2,0,1,4,1,1,2,2,0,0,5,0,0,0,17.0,244,48,5.083333333333333
1,18,67,0,0,0,2,0,1,0,2,2,2,0,1,0,9,0,20.0,554,98,5.653061224489796
1,77,19,0,0,3,2,0,1,0,2,2,2,0,1,0,1,0,3.0,81,12,6.75
1,36,2,0,1,1,0,0,1,0,1,1,1,0,1,0,0,0,5.0,398,75,5.306666666666667
1,12,2,0,1,6,4,0,1,1,2,2,2,0,1,0,1,0,2.0,54,8,6.75
0,16,105,0,1,4,0,0,2,1,2,2,2,0,1,0,0,0,2.0,707,128,5.5234375
0,24,3,0,1,0,1,1,0,0,2,2,2,0,1,0,0,0,2.0,435,81,5.37037037037037
1,72,23,0,1,0,1,0,2,1,0,2,2,0,1,0,1,0,4.0,388,67,5.791044776119403
0,7,36,29,0,0,1,0,1,0,1,1,1,1,1,0,1,0,1.0,94,13,7.230769230769231
0,1,3,0,1,0,1,1,1,0,0,0,0,0,3,0,0,0,3.0,607,114,5.324561403508772
1,3,2,0,0,1,2,0,1,1,0,2,0,0,1,0,0,0,6.0,372,70,5.314285714285714
1,3,2,11,1,0,2,0,1,0,2,2,0,0,1,0,0,0,13.0,379,73,5.191780821917808
0,18,3,0,1,0,5,1,0,0,1,2,1,0,1,0,1,0,2.0,19,3,6.333333333333333
0,1,1,0,2,0,2,0,1,1,0,2,0,0,3,0,3,0,4.0,47,11,4.2727272727272725
0,2,3,0,0,3,0,0,1,0,2,2,0,0,1,70,0,0,2.0,121,21,5.761904761904762
1,1,14,3,1,0,3,0,2,0,0,0,0,0,1,0,0,0,4.0,304,63,4.825396825396825
0,1,1,0,0,3,0,0,1,1,0,0,0,0,1,0,0,0,1.0,61,9,6.777777777777778
0,2,3,0,0,0,0,0,0,0,1,1,1,0,1,0,0,0,5.0,101,20,5.05
0,2,30,0,1,3,2,0,0,0,0,0,0,0,1,0,0,0,3.0,145,28,5.178571428571429
0,3,3,0,0,0,3,1,1,0,2,2,0,0,2,0,0,0,11.0,801,152,5.269736842105263
0,5,4,1,1,1,4,3,1,1,2,2,2,0,2,30,0,0,10.0,500,94,5.319148936170213
1,6,2,3,1,2,0,0,1,0,2,2,2,0,2,0,9,0,3.0,335,61,5.491803278688525
0,2,3,0,1,0,6,1,0,0,2,2,0,0,1,0,3,0,5.0,252,51,4.9411764705882355
1,1,2,0,0,0,2,0,1,0,0,0,0,0,1,0,5,0,2.0,125,27,4.62962962962963
1,24,2,0,0,1,0,0,1,0,0,2,2,0,1,0,0,0,3.0,331,56,5.910714285714286
1,3,2,0,0,0,1,5,1,0,2,2,0,0,1,0,1,0,2.0,539,104,5.1826923076923075
0,36,1,0,0,1,0,0,2,1,0,2,0,0,1,0,3,0,1.0,92,20,4.6
1,2,2,4,1,4,4,0,1,0,2,2,0,0,1,0,0,0,6.0,552,103,5.359223300970874
1,96,9,0,1,1,0,0,0,2,2,2,2,0,1,0,3,0,5.0,409,78,5.243589743589744
1,3,2,0,0,0,0,0,1,1,2,2,0,0,1,50,0,0,3.0,301,62,4.854838709677419
1,3,2,0,2,0,5,0,1,1,0,0,0,0,2,0,1,0,2.0,193,30,6.433333333333334
0,1,49,0,1,0,1,1,1,0,0,0,0,0,1,0,5,0,1.0,248,46,5.391304347826087
1,3,2,0,1,0,1,1,1,1,2,2,0,0,1,200,0,0,2.0,120,24,5.0
1,2,2,0,1,0,1,0,1,0,2,2,2,0,1,0,0,0,5.0,662,127,5.21259842519685
0,7,78,0,0,6,0,0,2,1,2,2,2,0,1,0,1,0,2.0,24,6,4.0
1,3,2,0,1,1,2,0,1,1,0,0,0,0,1,0,0,0,1.0,65,12,5.416666666666667
1,48,2,0,1,1,2,0,1,0,2,2,2,0,1,0,6,2,4.0,372,77,4.8311688311688314
0,6,36,0,1,1,0,0,1,1,2,2,1,0,1,0,1,0,6.0,98,18,5.444444444444445
1,3,2,0,1,0,4,3,1,0,0,0,0,0,1,20,3,0,1.0,117,20,5.85
0,4,3,0,1,0,3,0,1,0,0,1,0,1,1,0,0,0,1.0,425,83,5.120481927710843
0,1,3,0,0,4,2,0,1,0,0,0,0,0,1,0,0,0,5.0,349,68,5.132352941176471
1,24,11,0,0,1,0,0,0,0,1,1,2,0,1,0,1,0,5.0,302,53,5.69811320754717
1,48,21,0,1,1,2,0,1,1,2,2,0,0,1,0,1,0,1.0,1235,220,5.613636363636363
0,2,1,0,2,5,2,0,1,1,2,2,0,0,6,0,0,0,7.0,198,34,5.823529411764706
1,5,2,0,1,0,1,1,1,0,2,2,0,0,6,72,5,0,20.0,1380,255,5.411764705882353
1,10,9,0,1,2,0,0,0,1,2,2,0,0,1,0,1,1,5.0,1944,359,5.415041782729805
0,5,3,0,1,0,4,1,1,0,0,2,0,0,3,0,1,0,5.0,246,44,5.590909090909091
1,24,44,51,1,0,1,0,0,1,1,1,1,0,1,0,0,0,5.0,12,2,6.0
1,2,2,0,1,0,2,0,1,1,2,2,0,0,1,0,0,0,0.0,101,16,6.3125
1,2,2,3,0,1,2,0,1,1,2,2,0,0,1,0,0,0,1.0,12,2,6.0
1,92,9,28,0,1,3,1,1,2,2,2,1,0,2,200,0,0,3.0,617,124,4.975806451612903
1,2,2,0,0,1,0,0,1,0,2,2,0,0,1,0,1,0,3.0,218,39,5.589743589743589
1,1,22,3,1,1,4,0,1,0,0,0,0,0,1,0,0,0,8.0,1052,199,5.28643216080402
1,2,2,3,2,0,1,0,1,0,0,0,0,0,3,0,0,0,5.0,178,36,4.944444444444445
1,1,2,0,1,0,1,0,1,0,0,2,0,0,1,0,0,0,5.0,278,51,5.450980392156863
0,2,4,0,1,0,2,0,2,2,0,2,1,0,1,0,0,0,4.0,518,90,5.7555555555555555
1,1,2,0,1,6,2,0,1,0,0,0,0,0,2,0,0,1,1.0,477,93,5.129032258064516
0,5,0,0,0,0,1,3,1,0,2,2,0,0,1,0,0,0,6.0,1289,232,5.556034482758621
0,6,12,0,0,1,3,1,1,0,0,2,2,0,1,0,1,0,0.0,448,92,4.869565217391305
1,3,2,3,1,1,0,0,1,0,1,2,1,0,1,200,1,0,2.0,78,18,4.333333333333333
1,2,2,0,1,0,1,2,1,0,0,2,0,0,2,0,8,0,5.0,397,76,5.223684210526316
1,14,2,0,0,0,2,0,1,0,2,2,0,0,1,0,0,0,3.0,160,31,5.161290322580645
0,12,1,0,0,5,2,0,0,0,2,2,2,0,1,0,1,0,5.0,430,82,5.2439024390243905
0,10,3,8,1,3,0,0,1,0,2,2,2,0,1,200,0,0,2.0,3809,630,6.046031746031746
0,6,10,6,1,1,4,1,0,1,2,2,0,0,1,0,0,0,2.0,765,140,5.464285714285714
1,2,2,3,1,1,2,0,1,1,2,2,0,0,1,0,0,0,1.0,12,2,6.0
1,5,5,0,1,1,0,0,1,2,2,2,0,0,2,0,0,0,3.0,65,10,6.5
1,2,2,3,0,0,1,0,1,0,0,0,0,0,1,0,0,0,2.0,187,37,5.054054054054054
1,8,8,0,1,0,2,0,2,2,2,2,0,0,1,1000,0,0,2.0,123,24,5.125
1,3,2,0,0,1,6,0,1,1,0,2,0,0,1,0,0,1,1.0,59,13,4.538461538461538
0,2,3,0,2,5,2,0,0,0,0,0,0,0,3,0,3,0,5.0,146,24,6.083333333333333
1,0,11,0,2,5,2,0,1,0,0,0,0,0,4,0,0,0,3.0,329,64,5.140625
0,7,3,0,1,3,2,0,0,0,2,2,1,0,1,0,1,0,1.0,34,7,4.857142857142857
0,3,3,0,1,0,0,0,1,0,2,0,2,0,1,0,1,1,1.0,1264,247,5.117408906882591
1,2,2,0,1,0,1,1,1,0,0,2,0,0,1,0,1,0,4.0,586,109,5.376146788990826
1,4,2,0,0,0,0,0,0,0,2,2,0,0,1,200,0,0,1.0,1717,316,5.4335443037974684
0,2,3,0,0,0,0,0,1,0,0,2,0,0,1,0,0,0,3.0,307,61,5.032786885245901
0,5,3,26,1,1,6,0,0,0,2,2,0,0,1,0,0,0,3.0,208,43,4.837209302325581
1,2,2,0,0,0,1,0,1,0,0,2,0,0,1,0,0,0,5.0,403,87,4.632183908045977
1,2,5,51,0,0,6,0,1,1,2,2,0,0,1,250,1,0,5.0,320,55,5.818181818181818
0,1,1,0,2,1,5,1,0,1,0,2,0,0,5,0,0,0,5.0,507,81,6.2592592592592595
1,42,2,0,1,1,0,0,2,1,2,1,1,0,1,0,0,0,2.0,297,57,5.2105263157894735
1,2,19,28,0,0,1,0,0,1,0,2,0,0,1,450,0,0,3.0,258,44,5.863636363636363
0,2,1,6,2,6,2,0,0,1,0,0,0,0,3,0,1,0,3.0,13,2,6.5
1,1,2,0,0,0,1,0,0,0,1,1,1,0,1,0,0,0,0.0,408,79,5.1645569620253164
0,0,3,0,2,0,6,0,0,0,1,1,1,0,2,0,0,0,4.0,699,129,5.4186046511627906
1,2,2,0,1,0,1,1,1,0,0,2,0,0,1,0,2,0,1.0,268,56,4.785714285714286
0,2,3,0,0,0,3,1,1,0,2,2,0,0,4,100,0,0,5.0,111,20,5.55
1,2,2,0,2,0,1,1,1,1,0,0,0,0,2,0,5,0,2.0,131,23,5.695652173913044
0,5,3,0,2,0,3,1,0,0,0,0,0,0,4,50,0,0,6.0,232,35,6.628571428571429
1,1,2,3,2,0,1,1,1,1,0,0,0,0,10,0,1,0,21.0,432,81,5.333333333333333
0,1,3,0,2,0,3,0,1,0,0,0,0,0,2,0,7,0,3.0,237,46,5.1521739130434785
1,1,2,3,2,0,6,4,1,1,0,0,0,0,7,0,0,1,10.0,199,39,5.102564102564102
1,1,2,3,1,1,2,0,1,1,0,2,0,0,1,0,0,0,14.0,12,2,6.0
1,4,25,3,1,0,1,0,1,0,2,2,0,0,1,0,0,0,6.0,161,32,5.03125
0,4,12,29,1,1,5,2,1,0,0,0,2,0,1,0,0,0,1.0,46,9,5.111111111111111
1,72,14,0,0,2,2,0,2,0,2,2,0,0,1,0,0,0,6.0,617,113,5.460176991150442
1,12,2,0,1,0,1,0,2,0,2,2,2,0,1,0,0,0,20.0,248,43,5.767441860465116
0,30,3,0,0,0,3,1,1,1,0,2,2,0,2,0,0,0,2.0,1377,250,5.508
1,3,2,0,0,1,2,0,1,1,2,2,0,0,1,0,2,0,1.0,67,13,5.153846153846154
0,2,24,1,1,0,6,1,2,2,0,0,0,0,1,0,0,0,1.0,522,92,5.673913043478261
1,60,2,0,0,4,2,0,1,1,2,2,2,0,1,0,0,0,3.0,335,62,5.403225806451613
1,1,11,86,2,0,1,1,0,1,0,1,1,0,3,0,1,0,2.0,232,40,5.8
1,2,126,3,0,0,6,0,1,0,0,2,0,0,1,0,0,0,3.0,280,52,5.384615384615385
1,2,2,0,1,4,2,0,1,0,2,2,0,0,1,0,0,0,1.0,105,21,5.0
0,3,3,9,1,0,0,0,0,0,0,2,0,0,2,0,0,0,5.0,450,93,4.838709677419355
1,12,15,0,1,0,0,0,1,0,2,2,0,0,1,0,0,0,5.0,261,40,6.525
1,1,2,0,1,0,1,0,1,1,2,2,0,0,1,0,0,0,9.0,417,75,5.56
0,8,1,0,1,3,2,0,1,1,2,2,2,0,1,0,1,0,5.0,12,2,6.0
0,24,4,0,0,0,0,0,1,2,2,2,2,0,1,0,0,0,5.0,891,173,5.1502890173410405
0,14,1,0,0,0,5,1,1,1,2,2,0,0,2,0,0,0,7.0,242,38,6.368421052631579
0,48,3,0,0,3,0,0,1,0,2,2,2,0,1,0,0,0,1.0,190,36,5.277777777777778
1,9,2,0,1,2,2,0,1,0,2,2,2,0,1,0,2,0,4.0,488,94,5.191489361702128
1,1,2,0,0,1,2,0,1,0,2,2,0,0,1,0,0,0,1.0,221,40,5.525
1,3,2,3,1,1,0,0,1,0,2,2,0,0,1,0,3,0,4.0,232,41,5.658536585365853
0,3,3,0,0,0,3,1,0,0,0,0,0,0,1,0,1,0,2.0,27,6,4.5
0,4,3,0,0,4,2,0,1,1,0,0,0,0,1,0,0,0,5.0,349,66,5.287878787878788
1,168,33,0,0,4,2,0,1,2,1,1,1,0,1,0,0,0,5.0,326,66,4.9393939393939394
1,1,2,0,0,0,1,0,1,0,0,0,0,0,1,0,0,0,4.0,36,6,6.0
0,10,3,26,1,0,3,1,1,0,0,2,0,0,1,0,0,0,1.0,3,1,3.0
0,4,3,0,0,4,0,0,1,0,0,2,0,0,1,30,0,0,3.0,453,80,5.6625
1,2,2,3,2,0,1,1,1,1,0,0,0,0,3,50,0,0,9.0,217,40,5.425
0,1,1,0,1,0,6,1,0,1,0,0,0,0,1,0,1,0,6.0,225,40,5.625
0,3,31,9,1,0,0,0,0,0,2,2,0,0,1,0,0,0,4.0,18,3,6.0
0,17,3,0,2,0,1,1,1,0,0,2,2,0,4,200,0,0,5.0,230,43,5.348837209302325
1,20,21,33,1,0,5,2,1,1,2,2,2,0,1,0,0,0,4.0,97,21,4.619047619047619
1,24,2,35,1,4,2,0,1,1,2,2,2,0,1,0,2,0,7.0,511,95,5.378947368421053
1,76,11,0,1,1,0,0,0,0,2,2,2,0,1,0,0,0,3.0,349,57,6.12280701754386
0,5,3,0,1,0,1,1,0,0,0,0,0,0,1,0,1,0,15.0,835,160,5.21875
1,3,2,0,1,1,0,0,1,0,0,2,0,0,1,0,0,0,2.0,133,23,5.782608695652174
0,2,155,0,0,1,0,0,1,1,2,2,0,0,1,50,0,0,4.0,786,148,5.3108108108108105
1,2,2,0,1,1,2,0,1,0,2,2,1,0,1,0,0,0,4.0,130,26,5.0
1,2,2,3,0,6,4,1,1,0,0,0,0,0,1,0,1,0,2.0,83,15,5.533333333333333
1,2,2,3,0,1,4,0,1,0,0,0,0,0,1,0,0,0,4.0,262,50,5.24
1,2,2,0,2,0,1,1,1,0,2,2,0,0,5,0,1,0,13.0,852,163,5.226993865030675
1,1,2,3,0,0,2,0,1,1,0,2,0,0,1,0,0,0,3.0,12,2,6.0
0,8,3,0,1,2,3,1,2,0,0,2,2,0,1,0,0,0,10.0,605,129,4.689922480620155
1,1,2,38,2,0,3,0,1,0,1,1,0,0,2,0,0,0,3.0,252,46,5.478260869565218
1,14,21,0,1,0,0,0,2,0,2,2,0,0,1,0,9,0,1.0,191,35,5.457142857142857
0,1,1,0,0,0,0,0,1,1,0,0,0,0,2,0,0,0,3.0,26,4,6.5
1,3,20,3,0,2,2,0,2,2,2,2,0,0,1,250,0,0,5.0,230,46,5.0
1,8,2,3,2,0,1,1,1,0,2,2,1,0,8,0,0,0,14.0,522,102,5.117647058823529
1,5,2,0,1,1,5,1,1,0,2,2,2,0,1,0,2,1,11.0,515,97,5.309278350515464
1,6,2,0,1,1,2,0,1,0,2,2,2,0,1,0,2,0,2.0,791,154,5.136363636363637
1,12,14,0,0,1,2,0,2,0,1,1,1,0,1,0,0,0,1.0,103,24,4.291666666666667
0,3,3,0,0,0,2,0,1,0,2,2,0,0,1,59,1,0,4.0,2349,417,5.633093525179856
1,2,2,0,1,0,1,0,1,0,0,0,0,0,1,20,3,0,1.0,201,32,6.28125
0,0,3,0,2,0,1,4,0,0,0,0,0,0,3,0,0,0,6.0,794,145,5.475862068965517
1,108,2,0,0,0,1,0,1,1,1,1,1,1,1,0,1,0,4.0,833,150,5.553333333333334
1,18,51,0,0,1,2,0,0,0,2,2,2,0,1,0,1,0,1.0,439,81,5.419753086419753
1,2,2,3,1,0,2,0,1,1,2,2,0,0,1,0,1,0,2.0,324,57,5.684210526315789
0,5,10,0,1,5,2,0,1,1,0,0,0,0,1,0,0,0,1.0,169,36,4.694444444444445
0,6,1,0,1,4,0,0,1,1,0,0,1,0,1,0,1,0,5.0,128,22,5.818181818181818
0,2,3,0,1,0,6,1,0,0,2,2,0,0,1,0,1,0,2.0,488,95,5.136842105263158
0,0,4,9,2,0,6,1,2,1,0,0,0,0,6,50,0,0,4.0,637,103,6.184466019417476
0,48,30,0,1,0,1,1,1,1,2,2,2,0,1,0,1,0,0.0,384,70,5.485714285714286
0,3,3,0,0,4,2,0,1,0,0,2,0,0,1,0,0,0,1.0,361,58,6.224137931034483
0,2,3,9,2,2,3,1,0,0,0,0,0,0,2,0,0,0,13.0,191,34,5.617647058823529
1,3,2,3,2,0,1,1,1,1,0,0,0,0,6,0,0,0,4.0,22,3,7.333333333333333
1,2,2,0,1,0,1,0,1,0,0,2,0,0,1,0,0,0,2.0,528,95,5.557894736842106
0,2,3,0,2,4,0,0,1,0,0,2,0,0,2,0,1,0,12.0,1440,258,5.5813953488372094
0,2,3,0,2,0,3,0,1,0,0,2,0,0,4,0,1,0,3.0,290,54,5.37037037037037
0,1,3,0,0,1,5,1,0,0,0,0,0,0,1,0,1,0,2.0,50,10,5.0
1,6,5,28,2,2,0,0,1,1,2,2,1,0,3,100,8,0,3.0,191,37,5.162162162162162
1,4,2,0,0,1,2,0,1,0,2,2,0,0,1,0,0,0,9.0,268,48,5.583333333333333
1,3,2,0,0,0,0,0,1,1,2,2,0,0,1,50,0,0,1.0,92,20,4.6
1,1,2,3,1,0,1,0,1,1,0,0,0,0,1,0,0,0,4.0,263,51,5.1568627450980395
1,2,2,0,1,1,0,0,1,1,0,2,0,0,1,0,3,0,3.0,193,28,6.892857142857143
1,3,2,38,1,0,1,0,1,0,2,2,0,0,1,0,1,0,2.0,254,47,5.404255319148936
0,1,4,0,0,0,0,0,1,1,0,2,0,0,1,0,0,0,1.0,667,139,4.798561151079137
1,1,2,0,2,1,2,0,1,1,0,2,0,0,2,0,1,0,3.0,172,33,5.212121212121212
1,4,2,3,0,1,2,0,1,0,2,2,0,0,1,0,0,0,4.0,256,43,5.953488372093023
1,4,2,3,2,0,2,0,0,1,1,1,0,0,2,0,2,0,5.0,297,55,5.4
1,5,25,11,1,0,2,0,1,1,2,2,2,0,1,0,0,0,3.0,232,38,6.105263157894737
0,1,138,0,2,0,3,1,0,0,0,0,0,0,6,0,1,0,2.0,64,12,5.333333333333333
0,2,1,0,1,6,2,0,0,1,0,2,1,0,1,0,3,0,5.0,261,45,5.8
1,72,14,0,0,2,2,0,2,0,2,2,0,0,1,0,0,0,3.0,203,40,5.075
0,2,3,0,1,0,0,0,1,0,0,2,0,0,1,0,0,0,3.0,393,79,4.974683544303797
0,2,1,0,1,1,6,3,1,1,0,2,0,0,1,0,1,0,3.0,742,149,4.97986577181208
0,2,0,9,1,0,3,0,1,0,0,2,0,0,1,0,1,0,22.0,1859,334,5.565868263473054
1,4,2,3,1,0,1,4,1,1,2,2,0,0,2,0,0,0,2.0,19,3,6.333333333333333
1,12,2,0,1,5,2,0,1,1,2,2,2,0,1,0,0,0,4.0,294,51,5.764705882352941
1,2,2,0,2,1,5,1,1,1,0,0,1,0,4,0,1,0,5.0,338,65,5.2
0,4,3,0,0,4,0,0,1,0,2,2,2,0,1,0,0,0,3.0,14,2,7.0
1,36,33,0,0,2,2,0,1,2,2,2,2,0,1,200,1,0,1.0,345,59,5.8474576271186445
0,12,3,0,1,0,0,0,1,1,0,0,0,0,1,0,5,0,2.0,67,8,8.375
1,36,34,0,0,1,2,0,1,2,2,2,0,0,1,150,1,0,3.0,569,119,4.781512605042017
1,24,2,0,1,5,2,0,1,1,2,2,2,0,2,0,0,0,3.0,165,30,5.5
1,7,2,0,1,1,0,0,1,0,1,1,1,0,1,0,1,0,1.0,236,43,5.488372093023256
0,4,10,0,1,1,4,0,1,0,0,0,0,0,1,100,1,0,5.0,173,31,5.580645161290323
0,4,3,0,0,3,2,0,1,1,0,0,0,0,1,0,0,0,1.0,65,11,5.909090909090909
1,4,2,0,0,0,1,0,1,0,2,2,1,0,1,0,0,0,3.0,176,32,5.5
1,4,2,30,1,0,1,0,1,1,2,2,0,0,1,0,0,0,4.0,14,3,4.666666666666667
0,3,3,0,0,1,0,0,1,0,2,2,0,0,1,0,1,0,10.0,947,175,5.411428571428571
1,2,2,0,1,1,4,1,1,1,0,0,0,0,1,0,2,1,4.0,991,187,5.2994652406417115
0,3,3,0,0,1,4,0,0,0,0,0,0,1,1,0,1,0,1.0,171,31,5.516129032258065
0,2,1,0,1,5,2,0,2,1,0,2,0,0,1,15,1,0,3.0,453,79,5.734177215189874
0,3,3,0,0,3,0,0,1,0,0,0,0,0,1,0,0,0,3.0,193,33,5.848484848484849
0,3,0,6,2,3,2,0,1,1,0,0,0,0,3,0,0,0,7.0,131,26,5.038461538461538
1,2,2,0,1,0,0,0,1,0,0,0,0,0,1,0,1,0,3.0,212,36,5.888888888888889
1,24,2,0,1,1,2,0,2,0,0,0,2,0,2,0,0,0,1.0,3360,613,5.481239804241436
0,1,3,22,1,0,1,0,0,0,0,0,0,0,3,0,1,0,1.0,556,106,5.245283018867925
1,2,2,0,0,0,2,0,1,0,0,2,0,0,1,200,0,0,4.0,379,73,5.191780821917808
1,4,2,0,0,1,4,0,2,0,0,2,1,0,1,0,0,0,3.0,483,81,5.962962962962963
0,2,7,1,1,3,2,0,0,2,1,2,1,0,1,0,0,0,5.0,222,34,6.529411764705882
0,7,31,0,1,0,0,0,1,1,2,2,2,0,1,150,0,1,8.0,965,189,5.105820105820106
1,2,2,0,0,0,2,0,1,0,0,1,0,0,1,0,0,0,4.0,186,35,5.314285714285714
1,2,2,3,1,1,2,0,1,0,0,2,0,0,1,0,1,0,9.0,777,129,6.023255813953488
1,2,2,0,1,1,2,0,1,1,2,2,0,0,1,0,2,0,1.0,225,41,5.487804878048781
1,0,2,3,2,0,0,0,1,0,0,0,0,0,5,0,0,0,1.0,158,32,4.9375
1,6,2,31,1,4,4,1,1,1,2,2,0,0,1,0,0,0,11.0,1351,249,5.42570281124498
1,22,66,2,0,0,6,1,0,1,2,2,0,0,1,0,0,0,5.0,474,79,6.0
1,0,2,3,2,0,1,2,0,1,0,0,1,0,7,0,0,0,8.0,318,53,6.0
0,24,3,9,2,0,0,0,1,1,1,1,1,1,4,50,1,0,1.0,196,39,5.0256410256410255
1,2,2,0,1,0,1,0,1,1,2,2,1,0,1,0,6,0,1.0,106,19,5.578947368421052
1,4,13,2,1,2,2,0,1,1,2,2,0,0,1,0,0,0,8.0,92,14,6.571428571428571
0,4,3,0,1,1,5,1,1,0,1,1,1,0,1,0,1,0,4.0,91,12,7.583333333333333
1,18,2,33,1,4,0,0,1,1,2,2,2,0,1,0,0,0,1.0,249,44,5.659090909090909
1,2,2,0,2,1,4,1,0,0,0,2,0,0,10,0,0,0,8.0,524,90,5.822222222222222
0,1,3,0,0,2,0,0,0,0,0,0,0,0,1,0,0,0,1.0,183,36,5.083333333333333
0,3,3,0,1,0,6,1,1,0,0,2,0,0,1,50,1,0,4.0,440,82,5.365853658536586
1,2,2,0,0,0,1,0,2,0,1,1,0,0,1,0,0,0,3.0,91,15,6.066666666666666
0,2,1,0,2,1,6,3,1,1,2,2,2,0,3,0,0,0,8.0,335,58,5.775862068965517
0,12,3,0,1,4,2,0,0,0,2,2,2,0,1,0,0,0,2.0,950,170,5.588235294117647
1,28,72,0,0,2,2,0,0,2,2,2,1,0,1,50,0,0,1.0,249,47,5.297872340425532
0,3,3,0,0,5,2,0,1,0,0,2,0,0,1,30,0,0,1.0,512,90,5.688888888888889
0,12,3,0,0,4,5,0,1,0,2,2,2,0,1,0,0,0,2.0,180,34,5.294117647058823
1,3,2,3,1,1,2,0,0,0,0,0,0,0,1,0,0,0,4.0,309,62,4.983870967741935
1,1,2,0,2,0,0,0,1,1,0,0,0,0,6,0,3,0,1.0,79,13,6.076923076923077
1,45,19,2,1,2,0,0,1,1,0,0,0,0,1,0,1,0,2.0,432,83,5.204819277108434
1,2,34,21,1,1,2,0,0,1,0,2,0,0,1,500,0,0,0.0,261,45,5.8
0,4,10,0,2,0,4,1,1,0,0,0,0,0,3,0,0,0,1.0,259,54,4.796296296296297
1,6,2,3,1,0,1,0,1,0,1,1,1,0,1,0,0,0,0.0,48,9,5.333333333333333
0,3,1,0,1,5,2,0,0,1,0,2,0,0,1,50,1,0,4.0,209,38,5.5
0,2,1,0,1,4,2,0,0,0,2,2,0,0,1,0,0,0,2.0,277,55,5.036363636363636
0,2,3,0,2,0,1,0,0,0,0,0,0,0,3,0,12,0,1.0,98,18,5.444444444444445
0,12,3,0,1,5,2,0,0,0,1,1,1,0,1,0,0,0,1.0,469,93,5.043010752688172
1,3,2,0,1,1,2,0,1,1,1,1,1,0,1,0,1,0,2.0,29,6,4.833333333333333
0,1,3,0,0,0,5,1,1,0,0,2,0,0,2,100,0,0,14.0,932,182,5.1208791208791204
0,8,4,0,1,0,0,0,1,2,0,2,0,0,1,100,1,0,5.0,281,63,4.4603174603174605
0,4,4,9,2,0,1,5,1,2,2,2,0,0,2,50,0,0,1.0,783,159,4.9245283018867925
1,2,2,0,1,1,2,0,1,0,0,0,0,0,1,0,0,0,1.0,823,143,5.755244755244755
1,1,2,0,0,0,2,0,1,0,0,2,0,0,1,0,0,0,3.0,796,168,4.738095238095238
1,9,16,0,0,1,6,0,0,1,2,2,0,0,1,0,1,0,5.0,7,2,3.5
0,4,1,0,0,0,1,3,1,1,0,0,0,0,1,0,1,0,4.0,48,7,6.857142857142857
0,4,1,0,0,0,2,0,0,1,0,2,0,0,1,0,0,0,1.0,328,55,5.963636363636364
1,17,18,0,0,0,4,1,1,1,0,2,0,0,1,0,0,0,3.0,1508,278,5.424460431654676
0,2,1,0,1,0,5,1,1,1,0,0,0,0,1,0,1,0,2.0,195,37,5.27027027027027
0,2,3,0,0,4,2,0,1,1,0,0,0,0,1,0,0,0,1.0,200,42,4.761904761904762
1,3,2,0,1,0,1,2,1,0,0,0,0,0,4,0,3,0,2.0,222,38,5.842105263157895
0,2,3,0,2,6,4,3,1,0,2,2,0,0,4,0,0,0,8.0,495,96,5.15625
0,5,26,9,1,0,5,1,1,1,0,2,0,0,1,0,0,0,4.0,259,41,6.317073170731708
1,12,2,0,0,1,2,0,1,1,2,2,2,0,1,0,1,0,1.0,63,14,4.5
1,3,2,0,0,0,1,0,1,0,2,2,0,0,1,0,0,0,8.0,120,23,5.217391304347826
1,3,2,0,0,0,0,0,1,0,1,1,1,0,1,0,0,1,3.0,178,30,5.933333333333334
0,12,3,0,0,0,1,2,1,0,2,2,2,0,1,0,0,0,3.0,229,37,6.1891891891891895
1,12,2,0,1,0,1,1,1,1,2,2,2,0,1,0,0,0,5.0,319,62,5.145161290322581
1,2,23,0,1,0,1,0,1,1,2,2,0,0,1,50,1,0,3.0,202,36,5.611111111111111
1,46,14,11,1,6,2,0,1,0,2,2,0,0,2,0,0,0,5.0,293,57,5.140350877192983
0,3,4,0,0,5,2,0,0,1,0,2,0,0,1,0,1,0,1.0,12,2,6.0
0,1,30,0,0,4,0,0,1,0,0,2,0,0,4,0,0,0,1.0,450,76,5.921052631578948
0,60,1,23,1,1,6,1,1,1,2,2,2,0,1,0,1,0,2.0,186,39,4.769230769230769
0,2,3,0,0,1,0,0,1,0,1,1,0,0,1,0,0,0,2.0,80,13,6.153846153846154
1,2,2,0,1,1,0,0,1,1,2,0,0,0,1,40,3,0,1.0,516,90,5.733333333333333
1,11,2,3,0,1,3,0,1,1,0,0,0,0,1,0,0,1,3.0,103,6,17.166666666666668
0,3,0,0,0,0,3,0,1,0,0,2,0,0,1,0,0,0,3.0,148,25,5.92
1,3,100,0,1,0,0,0,1,0,0,0,0,0,1,0,0,0,5.0,129,20,6.45
0,2,1,0,1,2,0,0,1,1,2,2,0,0,1,0,0,0,7.0,325,60,5.416666666666667
1,12,2,0,1,0,1,0,1,1,0,0,1,0,1,0,0,0,4.0,568,109,5.2110091743119265
1,3,14,3,1,0,1,5,2,0,0,0,0,0,1,0,8,5,6.0,463,89,5.202247191011236
1,1,2,0,1,1,0,0,1,0,0,0,0,0,3,0,0,0,1.0,155,29,5.344827586206897
0,3,3,0,1,0,3,1,1,0,2,2,1,0,1,0,9,0,7.0,268,53,5.056603773584905
1,2,2,0,1,0,2,0,1,0,0,0,0,0,1,20,3,0,1.0,122,21,5.809523809523809
1,18,2,0,1,6,4,0,1,0,2,2,2,0,1,0,0,0,2.0,135,28,4.821428571428571
1,12,2,0,0,0,1,0,1,0,0,0,0,0,1,0,0,0,13.0,415,78,5.32051282051282
1,1,2,3,2,1,4,0,1,0,0,0,0,0,2,0,1,0,3.0,144,31,4.645161290322581
1,1,2,0,1,0,1,1,1,0,0,0,0,0,1,0,0,0,2.0,275,50,5.5
1,8,2,0,0,1,2,0,2,0,2,2,0,0,1,0,0,0,5.0,280,52,5.384615384615385
1,120,14,0,1,2,2,0,2,0,2,0,2,1,1,0,1,0,0.0,15,2,7.5
0,4,1,0,1,6,0,0,0,0,0,2,0,0,1,0,1,0,5.0,183,30,6.1
0,4,3,0,0,1,2,0,1,0,0,2,2,0,1,0,0,0,2.0,180,31,5.806451612903226
1,1,2,3,1,0,1,0,1,1,1,1,1,0,1,0,1,0,4.0,188,35,5.371428571428571
1,1,2,0,0,0,0,0,0,0,0,0,0,0,1,0,0,0,1.0,145,27,5.37037037037037
0,4,1,0,1,0,0,0,1,1,2,2,2,0,1,0,0,0,2.0,1191,240,4.9625
1,12,9,0,0,0,0,0,0,1,1,1,2,0,1,0,0,0,0.0,239,42,5.690476190476191
0,1,3,0,1,0,1,1,0,0,0,0,0,0,1,10,0,0,4.0,531,106,5.009433962264151
0,7,1,0,1,0,5,1,1,1,2,2,0,0,2,50,6,0,2.0,655,136,4.8161764705882355
1,3,14,3,1,5,2,0,1,1,1,1,1,0,1,0,0,0,1.0,381,73,5.219178082191781
1,9,2,0,1,0,2,0,2,1,1,1,1,0,1,0,0,0,1.0,415,76,5.4605263157894735
0,2,3,0,1,0,1,1,1,0,0,2,2,0,1,0,0,0,5.0,724,136,5.323529411764706
1,4,2,0,1,1,2,0,1,0,0,0,1,0,1,0,0,0,2.0,312,68,4.588235294117647
1,13,2,3,1,5,2,0,0,0,0,0,2,0,1,0,0,0,1.0,165,30,5.5
1,36,72,0,2,1,4,0,1,1,1,1,1,0,4,0,1,0,5.0,254,56,4.535714285714286
0,10,3,0,0,0,2,0,2,0,0,0,0,0,1,0,1,0,2.0,56,10,5.6
1,96,71,3,1,5,2,0,0,1,1,1,1,0,1,0,0,0,1.0,357,68,5.25
1,1,2,0,0,0,4,0,0,1,0,0,0,0,1,0,1,0,3.0,123,21,5.857142857142857
0,1,4,0,2,1,3,0,1,2,0,0,0,0,2,0,0,0,8.0,193,38,5.078947368421052
1,1,2,0,1,0,4,1,1,0,0,0,0,0,6,0,0,0,1.0,32,5,6.4
0,2,3,9,0,0,3,1,0,0,0,2,0,0,1,0,1,0,14.0,129,26,4.961538461538462
1,2,2,33,1,0,1,2,1,0,0,0,0,0,1,0,0,0,1.0,461,90,5.122222222222222
0,1,3,6,2,3,2,0,0,1,0,0,1,0,3,0,1,0,3.0,354,65,5.446153846153846
0,3,3,0,1,0,0,0,1,0,2,2,0,0,1,0,1,0,4.0,109,18,6.055555555555555
0,3,1,0,1,3,0,0,1,1,2,2,0,0,1,0,0,0,1.0,49,11,4.454545454545454
1,12,2,0,1,0,0,0,1,1,2,2,2,0,1,0,1,0,3.0,491,105,4.6761904761904765
0,5,1,0,0,0,2,0,1,1,0,2,1,0,1,0,0,0,1.0,59,6,9.833333333333334
0,48,1,0,0,1,0,0,1,1,2,2,2,0,1,0,0,0,6.0,413,74,5.581081081081081
1,60,13,0,1,1,6,0,1,2,2,2,0,0,1,0,0,0,3.0,555,107,5.186915887850467
0,3,1,0,0,4,2,0,1,1,0,0,0,0,4,0,5,0,1.0,35,7,5.0
0,12,1,26,0,3,0,0,1,1,0,0,0,0,1,0,5,0,6.0,759,145,5.23448275862069
0,3,3,0,1,1,2,0,0,1,0,2,0,0,1,0,1,0,2.0,114,21,5.428571428571429
1,3,2,0,0,0,0,0,1,2,0,2,0,0,1,0,0,0,3.0,314,58,5.413793103448276
1,3,2,3,0,0,0,0,0,0,0,2,0,0,5,0,7,0,5.0,3,1,3.0
1,96,14,0,0,4,0,0,1,0,2,2,1,0,1,0,0,0,4.0,50,8,6.25
0,2,3,0,1,1,4,1,1,0,0,2,0,0,1,0,0,0,4.0,530,104,5.096153846153846
1,2,2,0,2,0,1,1,0,0,0,0,0,0,8,0,0,0,8.0,250,49,5.1020408163265305
0,2,1,1,2,1,2,0,1,1,0,2,0,0,2,0,1,0,5.0,126,23,5.478260869565218
1,36,19,0,2,3,2,0,1,0,1,1,0,0,2,0,2,0,1.0,434,76,5.7105263157894735
1,12,2,0,0,4,2,0,1,1,1,1,1,1,1,0,1,0,1.0,2150,366,5.8743169398907105
0,5,3,9,0,0,2,0,1,0,2,2,2,0,1,0,0,0,4.0,232,45,5.155555555555556
1,2,15,3,2,0,1,1,1,0,0,0,0,0,3,0,1,0,3.0,424,71,5.971830985915493
0,1,3,0,2,4,0,0,1,0,0,0,0,0,5,0,1,0,3.0,232,37,6.27027027027027
1,2,2,0,0,0,1,0,1,0,2,2,0,0,1,0,0,0,1.0,191,41,4.658536585365853
0,9,0,8,2,6,4,3,1,0,2,2,2,0,2,0,0,0,17.0,721,129,5.589147286821706
0,1,1,6,2,3,2,0,1,1,0,0,0,0,2,0,1,0,5.0,74,13,5.6923076923076925
0,144,141,5,0,4,2,0,2,0,2,2,2,0,1,0,1,0,5.0,487,88,5.534090909090909
1,1,2,0,1,0,1,1,1,1,0,2,0,0,1,0,0,0,3.0,138,25,5.52
0,12,4,0,1,5,2,0,1,1,2,2,2,0,1,0,0,0,4.0,224,43,5.209302325581396
1,1,2,0,2,0,1,1,1,0,0,0,0,0,7,0,3,0,3.0,73,14,5.214285714285714
0,12,1,0,1,0,5,1,1,1,2,2,2,0,1,0,0,0,2.0,183,34,5.382352941176471
1,2,2,3,0,0,0,0,0,0,0,2,0,0,1,0,5,0,2.0,87,13,6.6923076923076925
0,2,36,8,1,0,5,0,0,1,0,2,0,0,1,150,0,0,1.0,15,2,7.5
0,2,3,0,1,0,1,3,0,1,2,2,1,1,1,0,0,0,3.0,223,44,5.068181818181818
0,3,1,0,1,0,5,1,1,1,0,2,0,0,2,0,3,0,3.0,217,46,4.717391304347826
0,84,3,0,1,3,0,0,1,0,2,2,2,0,1,0,0,0,1.0,246,48,5.125
0,1,1,6,1,1,3,0,0,1,0,2,2,0,1,200,1,0,3.0,222,40,5.55
1,3,48,3,1,0,1,0,1,0,0,2,0,0,1,0,0,0,3.0,292,54,5.407407407407407
0,2,10,9,2,4,4,3,0,0,2,2,0,0,3,0,1,0,14.0,156,31,5.032258064516129
1,2,28,3,1,1,0,0,1,0,0,2,0,0,1,0,0,0,7.0,194,35,5.542857142857143
0,2,3,0,0,0,2,0,1,0,0,0,0,0,1,0,0,0,7.0,532,99,5.373737373737374
0,14,4,0,1,0,6,1,1,2,1,2,0,0,1,100,0,0,4.0,686,107,6.411214953271028
1,2,2,0,0,0,1,0,0,1,0,0,0,0,2,0,0,0,2.0,308,54,5.703703703703703
1,2,2,0,0,0,2,0,0,0,2,2,1,0,1,0,0,0,2.0,42,9,4.666666666666667
1,0,101,3,0,0,2,0,1,0,0,0,0,0,1,0,1,0,6.0,327,67,4.880597014925373
1,3,2,0,0,1,0,0,1,1,2,2,0,1,1,350,5,0,4.0,1204,201,5.990049751243781
0,1,1,0,0,0,3,0,1,1,0,0,0,0,1,0,1,0,4.0,181,34,5.323529411764706
1,24,2,0,1,0,2,0,1,0,0,0,2,0,1,0,0,0,1.0,301,61,4.934426229508197
0,7,3,0,1,1,6,1,1,0,0,2,2,0,1,0,0,0,3.0,154,35,4.4
1,1,2,0,0,0,1,0,1,1,0,0,0,0,1,0,2,0,2.0,91,19,4.7894736842105265
1,30,20,0,2,4,2,0,2,1,2,2,0,0,2,0,0,1,3.0,377,75,5.026666666666666
1,12,28,0,0,0,1,1,1,0,2,2,2,0,1,0,2,0,3.0,28,6,4.666666666666667
0,12,115,1,2,1,0,0,1,2,0,0,0,0,5,750,1,0,5.0,284,54,5.2592592592592595
0,4,3,0,0,4,2,0,1,0,2,2,0,0,1,0,1,0,2.0,501,96,5.21875
0,2,61,1,1,0,0,0,1,2,0,2,0,0,1,0,0,0,6.0,2072,353,5.8696883852691215
1,24,9,0,1,3,0,0,0,2,1,1,1,1,1,0,1,0,2.0,305,61,5.0
1,2,2,0,0,0,0,0,1,0,0,0,0,0,1,0,1,0,3.0,18,3,6.0
1,2,2,3,1,2,2,0,1,1,0,2,0,0,1,0,0,0,2.0,14,3,4.666666666666667
0,7,56,0,1,0,6,2,0,1,0,0,0,0,1,0,2,0,3.0,299,59,5.067796610169491
1,5,13,42,1,1,6,0,0,0,2,2,2,0,1,0,1,0,8.0,306,58,5.275862068965517
0,3,1,6,2,0,4,0,1,1,0,0,0,0,3,0,0,0,0.0,213,36,5.916666666666667
0,3,3,0,1,0,1,2,1,0,2,2,0,0,1,0,0,0,1.0,371,67,5.537313432835821
0,2,31,6,0,0,0,0,2,1,0,2,1,0,1,0,0,0,3.0,399,67,5.955223880597015
1,36,13,0,1,4,2,0,0,0,2,2,2,0,1,0,1,0,4.0,16,3,5.333333333333333
0,24,85,1,0,0,2,0,2,2,1,1,0,0,1,0,0,0,5.0,1270,256,4.9609375
1,3,2,0,0,1,2,0,1,1,2,2,1,0,1,0,6,0,1.0,122,23,5.304347826086956
0,4,3,78,0,0,2,0,1,0,2,2,0,0,1,0,1,0,2.0,229,44,5.204545454545454
0,5,1,26,1,2,0,0,1,1,0,2,0,0,1,0,0,0,5.0,112,17,6.588235294117647
0,6,3,0,1,6,2,0,1,0,2,2,2,0,1,100,1,0,4.0,281,49,5.73469387755102
0,1,3,0,0,0,3,0,0,0,0,0,0,0,1,0,1,0,4.0,940,174,5.402298850574713
0,4,26,0,1,0,6,1,1,0,2,2,0,0,2,0,0,0,3.0,609,96,6.34375
0,9,3,0,1,3,2,0,1,0,0,2,0,0,1,0,5,0,1.0,18,3,6.0
1,6,25,0,1,0,1,0,2,0,1,1,0,0,1,0,1,0,5.0,114,22,5.181818181818182
1,2,2,0,1,1,2,0,1,0,0,2,0,0,1,0,0,0,1.0,50,8,6.25
1,2,2,0,1,2,2,0,1,0,0,2,0,0,1,0,3,0,1.0,226,41,5.512195121951219
1,2,2,0,0,1,2,0,1,1,0,0,0,0,1,0,0,0,1.0,63,11,5.7272727272727275
1,36,2,0,0,1,2,0,1,0,2,2,2,1,1,0,1,0,2.0,1043,212,4.919811320754717
1,84,33,0,1,2,2,0,1,1,2,2,0,0,1,0,0,0,4.0,545,110,4.954545454545454
0,3,26,8,1,6,4,1,1,0,2,2,0,0,1,0,0,2,9.0,375,71,5.28169014084507
0,7,3,0,0,0,0,0,2,0,2,2,0,0,1,0,1,0,7.0,51,7,7.285714285714286
1,2,2,0,0,0,0,0,2,1,2,2,0,0,1,0,1,0,1.0,321,59,5.440677966101695
1,1,8,3,1,0,1,0,2,0,1,1,1,0,1,0,5,0,3.0,48,9,5.333333333333333
1,6,2,0,1,0,6,1,0,1,0,0,0,0,1,0,0,0,4.0,85,16,5.3125
0,1,3,9,2,1,6,1,0,0,0,0,0,0,6,0,1,0,4.0,46,7,6.571428571428571
1,24,63,0,1,0,4,0,0,1,1,1,1,0,1,0,0,0,8.0,392,75,5.226666666666667
1,60,2,0,0,0,4,1,2,2,1,1,1,0,1,0,0,0,1.0,270,52,5.1923076923076925
1,6,14,3,1,0,2,0,1,0,2,2,2,0,1,0,0,0,5.0,352,58,6.068965517241379
0,5,1,0,1,0,0,0,1,1,0,0,0,0,1,0,3,0,13.0,516,72,7.166666666666667
1,2,2,3,0,1,5,2,1,0,0,2,0,0,1,80,0,0,3.0,207,33,6.2727272727272725
1,1,2,3,1,0,1,0,1,1,0,0,0,0,1,0,0,0,2.0,12,2,6.0
0,2,3,0,0,0,2,0,0,0,0,0,0,0,1,0,0,0,7.0,33,7,4.714285714285714
1,9,11,0,1,0,1,1,0,0,2,2,2,0,1,200,1,0,1.0,615,119,5.168067226890757
0,3,3,0,0,2,2,0,0,0,0,0,0,0,1,0,8,0,2.0,210,29,7.241379310344827
0,6,10,6,1,2,0,0,1,1,0,2,0,0,1,0,0,0,5.0,89,16,5.5625
1,2,2,3,1,2,2,0,1,1,0,0,0,0,1,0,3,0,12.0,47,9,5.222222222222222
0,4,94,130,1,0,1,0,1,2,0,0,0,0,1,0,0,0,3.0,573,108,5.305555555555555
0,6,3,0,0,0,2,0,1,0,1,1,1,0,1,0,1,0,4.0,455,96,4.739583333333333
0,3,0,8,0,1,3,1,0,0,0,2,0,0,1,0,0,0,5.0,116,21,5.523809523809524
0,2,3,0,0,0,3,1,1,0,0,0,0,0,1,0,0,0,2.0,352,64,5.5
0,2,3,0,1,0,0,0,1,0,0,2,0,0,1,0,2,0,3.0,180,32,5.625
0,14,3,0,2,0,1,3,1,1,0,0,0,0,4,0,0,0,2.0,413,73,5.657534246575342
1,12,2,0,1,4,5,0,1,0,1,1,1,0,7,0,3,0,1.0,301,58,5.189655172413793
0,3,3,0,1,1,6,3,0,0,0,0,0,0,1,0,0,0,15.0,67,11,6.090909090909091
1,36,9,7,1,0,3,1,0,2,2,2,0,0,1,0,5,0,2.0,537,98,5.479591836734694
1,36,20,3,0,4,2,0,1,1,2,2,2,0,1,0,0,0,2.0,265,52,5.096153846153846
0,12,1,0,0,4,0,0,1,1,2,2,2,0,1,0,1,0,5.0,69,11,6.2727272727272725
1,2,2,0,0,0,2,0,1,0,0,2,0,0,1,0,1,0,1.0,109,22,4.954545454545454
1,12,2,0,0,0,1,0,1,0,2,2,2,0,1,0,0,0,2.0,139,25,5.56
1,2,2,3,0,1,2,0,1,1,2,2,0,0,1,0,1,0,1.0,283,51,5.549019607843137
0,1,10,0,1,1,4,3,1,0,0,0,0,0,4,0,1,0,2.0,248,46,5.391304347826087
0,3,3,0,1,0,5,1,0,1,0,0,0,0,1,0,0,0,1.0,48,8,6.0
1,4,2,3,0,5,2,0,1,1,2,2,0,0,1,0,0,0,5.0,12,2,6.0
0,4,3,0,1,4,2,0,1,0,2,2,2,0,1,100,0,0,2.0,150,21,7.142857142857143
1,4,2,0,0,1,2,0,2,1,2,2,0,0,1,0,0,0,1.0,468,83,5.63855421686747
0,2,10,22,0,1,4,0,0,0,0,0,0,0,1,0,1,0,4.0,235,45,5.222222222222222
1,4,2,0,1,2,0,0,1,1,0,0,0,0,1,0,3,0,2.0,38,6,6.333333333333333
1,1,2,3,0,1,2,0,0,0,1,1,0,0,1,0,7,0,3.0,1407,287,4.902439024390244
1,60,5,0,1,1,2,0,1,1,1,2,2,0,1,0,0,0,3.0,319,57,5.5964912280701755
0,1,1,0,1,1,3,0,1,1,0,0,0,0,1,0,1,0,5.0,125,26,4.8076923076923075
1,2,2,0,0,5,2,0,1,0,2,2,0,0,1,0,2,0,5.0,386,74,5.216216216216216
0,4,1,0,1,0,0,0,1,1,0,0,0,0,1,0,1,0,3.0,52,11,4.7272727272727275
0,18,1,0,1,2,2,0,1,1,2,2,0,0,1,0,0,0,4.0,228,43,5.3023255813953485
0,3,4,0,1,1,3,0,0,2,0,2,0,0,1,0,9,1,4.0,80,15,5.333333333333333
0,4,3,0,1,0,0,0,1,0,0,0,0,0,1,0,0,1,8.0,719,145,4.958620689655173
1,36,2,0,1,1,6,4,1,0,1,1,1,0,1,0,1,0,2.0,124,29,4.275862068965517
1,2,2,0,0,0,0,0,1,0,0,0,0,0,1,0,5,0,1.0,280,48,5.833333333333333
0,3,3,0,1,2,3,1,0,0,0,0,0,0,1,0,1,0,5.0,541,110,4.918181818181818
1,5,37,3,0,1,6,0,2,0,2,2,2,0,1,200,1,0,5.0,1892,340,5.564705882352941
0,5,0,0,1,1,3,0,0,0,0,0,0,0,1,0,0,0,2.0,44,10,4.4
1,24,2,0,1,0,3,1,1,0,2,2,2,0,1,0,0,0,1.0,235,46,5.108695652173913
0,2,3,0,0,0,0,0,1,0,0,2,0,0,1,0,1,0,2.0,437,87,5.022988505747127
1,2,2,0,0,0,4,0,1,0,0,0,0,0,1,0,1,0,4.0,191,40,4.775
0,6,10,0,2,1,3,1,1,1,2,2,2,0,2,0,1,0,5.0,253,42,6.023809523809524
0,3,3,1,1,0,1,2,0,1,0,0,0,0,2,100,0,0,3.0,88,15,5.866666666666666
1,0,28,0,0,0,1,1,1,0,1,1,1,0,1,0,0,0,5.0,2174,364,5.972527472527473
1,1,2,0,1,1,4,1,1,1,1,1,1,0,2,0,3,0,1.0,52,11,4.7272727272727275
0,4,26,9,1,0,6,1,1,0,0,0,0,0,1,0,0,0,1.0,98,15,6.533333333333333
1,7,2,0,1,6,2,0,1,0,0,0,0,0,1,0,3,0,4.0,269,45,5.977777777777778
0,4,3,0,1,0,2,0,1,0,2,2,0,0,1,0,0,0,5.0,321,61,5.262295081967213
1,1,2,0,1,1,6,2,1,1,0,0,0,0,1,0,0,0,3.0,205,39,5.256410256410256
1,15,25,3,0,0,1,0,1,0,2,2,2,0,1,0,1,0,1.0,739,147,5.0272108843537415
1,2,2,0,2,0,1,4,1,0,0,0,0,0,20,0,0,0,2.0,890,158,5.632911392405063
1,10,5,12,1,1,0,0,0,0,1,1,2,0,1,0,3,0,3.0,701,133,5.2706766917293235
1,2,2,0,1,2,2,0,1,0,0,0,0,0,1,0,1,0,5.0,100,17,5.882352941176471
0,3,3,0,1,0,1,1,0,0,2,2,2,0,1,50,1,0,1.0,114,17,6.705882352941177
1,24,14,3,1,1,0,0,1,1,2,2,2,0,2,0,0,0,1.0,971,176,5.517045454545454
1,12,2,0,1,1,2,0,1,1,2,2,2,0,1,0,0,0,5.0,163,26,6.269230769230769
0,12,3,0,1,0,0,0,1,1,2,0,2,0,1,0,6,0,5.0,58,9,6.444444444444445
1,1,2,0,2,1,5,1,1,0,0,0,0,0,4,0,5,0,4.0,745,147,5.068027210884353
1,12,8,0,1,0,1,0,1,0,1,1,1,0,1,0,1,0,5.0,233,40,5.825
1,1,2,0,0,0,1,0,1,1,2,2,0,0,1,0,0,0,1.0,103,17,6.0588235294117645
0,2,0,0,2,0,3,0,1,0,2,2,0,0,2,0,0,0,4.0,17,3,5.666666666666667
0,6,3,0,1,4,5,0,1,0,2,2,2,0,1,0,0,0,5.0,500,90,5.555555555555555
1,212,2,0,1,5,2,0,1,0,1,1,0,0,1,0,1,0,1.0,367,78,4.705128205128205
0,2,24,9,1,0,1,0,0,0,0,2,0,0,1,0,1,0,1.0,159,28,5.678571428571429
0,0,1,0,1,0,5,3,1,1,0,2,0,0,2,0,8,0,9.0,448,75,5.973333333333334
0,1,3,0,0,0,3,0,1,0,0,2,0,0,1,50,0,0,4.0,674,127,5.307086614173229
1,3,14,3,0,0,0,0,1,1,2,2,0,0,1,0,0,0,3.0,134,27,4.962962962962963
0,1,3,0,2,0,6,3,0,0,0,0,0,0,4,0,1,0,1.0,22,3,7.333333333333333
0,3,1,0,1,1,0,0,1,1,0,0,0,0,1,0,1,0,4.0,63,10,6.3
1,3,2,0,1,0,2,0,1,0,0,2,0,0,1,0,0,0,2.0,333,58,5.741379310344827
1,0,2,3,1,0,4,1,1,0,0,0,0,0,1,0,5,0,1.0,30,6,5.0
1,2,2,0,0,0,1,0,1,0,0,0,0,0,1,0,0,0,2.0,215,37,5.8108108108108105
0,2,0,16,2,0,5,1,0,0,0,0,0,0,4,0,0,0,2.0,701,136,5.154411764705882
1,3,2,0,1,4,0,0,1,0,2,2,0,0,1,0,0,0,3.0,367,77,4.766233766233766
1,9,2,0,0,4,4,0,1,1,0,0,0,0,1,0,1,1,1.0,51,9,5.666666666666667
0,2,3,0,2,4,0,0,1,0,0,0,0,0,2,0,0,0,7.0,433,87,4.977011494252873
0,2,0,0,1,0,3,1,1,0,0,0,0,0,2,0,1,0,1.0,172,31,5.548387096774194
1,1,2,0,1,0,2,0,1,0,1,1,0,0,1,0,0,0,1.0,122,21,5.809523809523809
1,4,14,3,1,2,2,0,2,1,1,1,0,0,1,0,0,0,5.0,219,43,5.093023255813954
1,3,2,36,0,0,4,1,1,0,2,2,2,0,1,0,0,0,4.0,1046,180,5.811111111111111
0,1,3,0,2,0,5,1,1,0,0,0,0,0,2,0,1,0,3.0,348,64,5.4375
0,26,3,57,0,4,4,0,2,1,2,2,2,0,1,100,0,0,4.0,313,44,7.113636363636363
1,2,2,3,1,1,2,0,1,1,2,2,0,0,1,0,0,0,1.0,12,2,6.0
1,8,2,0,0,1,0,0,1,1,2,2,2,0,1,0,0,0,1.0,361,73,4.945205479452055
1,2,2,0,0,0,1,1,1,1,2,2,0,0,1,0,0,0,1.0,168,35,4.8
1,12,2,0,1,0,2,0,1,1,0,2,2,0,1,0,0,0,10.0,315,62,5.080645161290323
0,36,3,0,0,0,1,4,0,0,0,0,0,1,1,0,10,0,5.0,1342,256,5.2421875
1,2,2,3,2,2,2,0,1,0,2,2,0,0,2,0,0,0,6.0,996,185,5.383783783783784
0,3,3,0,0,0,2,0,1,0,0,2,0,0,1,0,0,0,2.0,220,36,6.111111111111111
1,3,2,0,1,0,1,0,1,0,2,2,0,0,1,0,0,0,3.0,239,44,5.431818181818182
1,84,23,3,1,0,5,0,1,1,2,2,2,0,1,0,1,0,2.0,245,41,5.975609756097561
0,2,10,9,1,1,0,0,0,1,0,0,0,0,1,0,1,0,5.0,275,52,5.288461538461538
0,9,7,6,1,0,3,1,1,1,2,2,2,0,1,0,0,0,3.0,195,38,5.131578947368421
1,5,2,0,1,0,1,0,1,0,2,2,0,0,1,0,0,0,5.0,8,1,8.0
0,12,3,0,1,5,2,0,0,0,0,0,0,1,1,0,0,0,2.0,233,49,4.755102040816326
0,1,3,9,2,0,3,1,0,0,0,0,0,0,5,0,1,0,5.0,749,140,5.35
0,3,7,9,0,0,1,1,1,0,0,2,0,0,3,0,0,0,5.0,158,25,6.32
0,3,3,0,1,1,6,1,1,0,0,2,0,0,7,0,8,0,18.0,758,143,5.300699300699301
1,24,5,0,1,5,2,0,1,1,1,1,1,1,1,0,0,0,0.0,235,43,5.465116279069767
1,5,20,3,1,4,2,0,0,1,1,0,0,0,1,0,0,0,8.0,463,96,4.822916666666667
1,48,20,0,1,4,2,0,1,1,1,1,0,0,1,0,3,0,1.0,117,18,6.5
1,1,2,0,0,0,0,0,1,1,2,2,1,0,1,10,9,0,5.0,91,19,4.7894736842105265
0,2,56,16,2,0,0,0,1,1,0,0,0,0,3,0,0,0,20.0,641,112,5.723214285714286
1,39,2,3,1,1,2,0,1,0,2,2,2,0,1,0,0,0,3.0,146,4,36.5
0,1,3,0,0,1,3,0,0,0,0,1,0,0,1,0,1,0,3.0,591,118,5.008474576271187
1,2,25,3,2,0,1,0,1,0,1,1,0,0,3,0,1,0,1.0,95,19,5.0
0,2,1,9,1,3,0,0,0,1,2,2,0,0,1,0,1,0,1.0,2,1,2.0
1,2,2,0,0,0,1,1,1,0,0,0,0,0,1,0,0,0,4.0,377,75,5.026666666666666
0,4,3,0,1,3,2,0,1,0,0,0,0,0,1,50,0,0,6.0,211,43,4.906976744186046
1,1,2,0,0,0,0,0,1,1,0,0,0,0,1,0,3,0,2.0,140,21,6.666666666666667
1,96,98,0,1,1,2,0,1,1,2,1,1,0,1,50,1,0,1.0,298,58,5.137931034482759
1,4,14,3,2,2,0,0,1,1,0,0,0,0,8,150,0,0,8.0,781,161,4.850931677018633
0,60,36,20,1,0,1,4,1,0,2,2,0,0,2,0,1,0,2.0,500,102,4.901960784313726
0,12,17,9,0,0,2,0,0,0,2,2,2,0,1,120,0,0,0.0,93,16,5.8125
0,1,3,0,0,6,0,0,1,0,0,2,0,0,1,0,0,0,3.0,54,9,6.0
1,12,2,0,0,1,4,1,1,0,2,2,1,0,1,0,2,0,2.0,900,177,5.084745762711864
0,1,4,0,1,0,1,4,2,2,0,0,1,0,1,0,0,0,4.0,294,46,6.391304347826087
1,27,2,0,1,1,0,0,0,0,2,2,2,0,1,0,0,0,1.0,16,3,5.333333333333333
0,2,1,0,1,0,2,0,1,1,0,0,0,0,1,0,0,0,1.0,151,23,6.565217391304348
1,1,2,0,1,0,0,0,1,1,2,2,1,0,1,0,5,0,2.0,484,93,5.204301075268817
1,12,2,0,1,1,2,0,0,0,2,2,2,0,1,0,0,0,3.0,77,12,6.416666666666667
0,1,3,0,2,0,3,1,0,0,0,0,0,0,5,0,0,0,2.0,498,91,5.472527472527473
1,3,2,0,1,6,0,0,1,0,0,0,0,1,1,0,9,0,2.0,719,149,4.825503355704698
0,1,0,0,1,0,1,3,1,0,2,2,0,0,1,0,0,0,12.0,342,58,5.896551724137931
1,6,2,0,1,0,1,1,1,0,2,2,2,0,1,0,1,0,1.0,319,55,5.8
1,1,2,0,1,0,1,1,1,0,1,2,1,0,1,0,2,3,4.0,728,140,5.2
1,3,2,0,1,1,2,0,1,0,0,0,0,0,1,50,1,0,2.0,143,27,5.296296296296297
0,2,3,77,0,0,3,0,0,1,0,2,0,0,1,0,0,0,5.0,190,32,5.9375
0,1,0,9,0,0,3,1,1,0,0,2,0,0,1,0,0,0,4.0,839,140,5.992857142857143
0,1,3,0,1,0,5,1,1,0,0,0,0,0,1,0,1,0,2.0,108,20,5.4
1,1,2,0,1,0,1,0,0,1,0,0,0,0,2,0,0,0,4.0,299,57,5.245614035087719
0,2,3,0,0,0,3,1,0,0,0,2,0,0,1,0,0,0,4.0,47,9,5.222222222222222
1,4,2,0,1,1,0,0,0,0,0,2,0,0,1,0,1,0,1.0,377,71,5.309859154929577
0,1,3,0,2,1,5,3,0,1,0,0,0,0,5,0,0,0,7.0,328,60,5.466666666666667
0,3,3,0,0,1,5,0,1,1,0,0,0,0,1,0,0,0,1.0,50,8,6.25
0,8,3,0,1,0,1,1,1,0,2,2,2,0,1,0,1,0,14.0,989,183,5.404371584699454
0,48,3,0,1,0,1,0,1,0,2,2,2,0,1,0,0,0,1.0,736,138,5.333333333333333
0,2,3,0,1,0,0,0,1,0,0,2,0,0,1,0,0,0,5.0,295,41,7.195121951219512
1,2,2,0,0,0,1,0,1,1,0,2,0,0,1,0,0,0,4.0,602,127,4.74015748031496
0,22,7,0,1,1,6,1,1,2,2,2,2,0,1,0,1,0,5.0,580,111,5.225225225225225
1,24,2,0,0,1,2,0,2,0,1,1,1,0,1,0,1,1,2.0,258,52,4.961538461538462
0,1,3,0,2,0,1,1,1,0,0,0,0,0,4,0,1,0,13.0,127,24,5.291666666666667
1,1,8,3,2,0,1,0,1,0,2,2,0,0,8,150,0,0,6.0,162,30,5.4
0,15,0,26,1,6,2,0,1,0,2,0,0,0,3,0,10,0,1.0,99,18,5.5
1,2,2,7,1,0,0,0,1,1,2,2,0,0,1,0,0,0,9.0,516,95,5.431578947368421
1,12,2,0,1,5,2,0,1,2,1,1,1,0,1,0,0,0,2.0,144,31,4.645161290322581
1,2,2,0,0,0,1,5,1,0,2,2,0,0,1,0,2,0,5.0,342,69,4.956521739130435
1,36,34,0,0,0,3,1,0,0,2,2,2,0,1,300,0,1,8.0,1131,209,5.411483253588517
1,1,2,0,1,0,0,0,1,1,0,0,0,0,1,0,3,0,4.0,319,60,5.316666666666666
0,6,3,0,1,4,4,1,1,0,2,2,2,0,1,0,0,0,4.0,368,68,5.411764705882353
1,10,2,0,1,1,2,0,1,0,2,2,0,0,1,0,0,0,2.0,184,34,5.411764705882353
1,2,2,0,1,1,2,0,1,0,1,1,1,0,3,0,1,0,0.0,115,26,4.423076923076923
0,1,3,0,0,5,2,0,1,0,0,2,0,0,2,0,0,0,10.0,963,178,5.410112359550562
1,0,5,0,0,1,6,0,0,1,1,1,0,0,1,0,0,0,2.0,21,3,7.0
0,2,1,0,0,6,0,0,1,1,0,2,1,0,1,0,0,0,6.0,930,157,5.923566878980892
0,4,3,0,1,5,2,0,1,1,1,1,2,0,1,0,5,0,7.0,698,144,4.847222222222222
1,4,2,3,0,1,4,1,1,0,2,2,0,0,1,0,0,0,2.0,248,47,5.276595744680851
1,8,2,0,0,1,2,0,1,0,2,2,0,0,1,0,6,0,4.0,141,23,6.130434782608695
1,2,2,0,1,0,1,5,1,1,2,2,0,0,1,0,0,0,5.0,284,49,5.795918367346939
0,7,4,0,2,0,5,3,0,2,0,0,0,0,2,0,9,0,1.0,47,10,4.7
1,2,2,3,1,1,2,0,1,0,2,2,0,0,1,0,0,0,3.0,180,30,6.0
1,72,66,0,0,1,6,1,0,2,2,2,0,0,1,300,1,0,5.0,714,146,4.890410958904109
1,2,2,0,1,5,2,0,1,1,2,2,0,0,1,0,1,1,14.0,246,47,5.23404255319149
0,2,3,9,2,4,0,0,0,0,0,0,0,0,5,0,0,0,3.0,203,33,6.151515151515151
0,12,3,0,1,5,2,0,1,0,1,1,1,0,1,0,0,0,5.0,227,46,4.934782608695652
1,17,101,79,0,1,2,0,2,0,2,2,2,0,1,300,0,0,2.0,453,90,5.033333333333333
0,21,1,0,0,0,1,3,1,1,2,2,2,0,1,0,1,0,2.0,343,64,5.359375
0,4,10,0,0,0,1,1,0,0,0,2,0,0,1,50,1,0,5.0,889,175,5.08
1,1,2,3,0,5,2,0,2,0,0,2,0,0,1,50,9,0,1.0,278,52,5.346153846153846
0,4,3,0,1,4,5,1,0,0,0,0,0,0,1,0,1,0,1.0,266,52,5.115384615384615
1,17,63,0,0,5,2,0,1,0,2,2,0,0,1,0,3,0,1.0,320,53,6.037735849056604
1,48,34,28,1,2,2,0,0,0,1,1,1,0,1,200,0,0,1.0,490,89,5.50561797752809
0,2,3,0,2,0,0,0,1,0,0,0,0,0,3,0,0,0,1.0,101,14,7.214285714285714
1,12,2,0,0,1,6,0,1,0,2,2,0,0,1,0,0,0,5.0,14,3,4.666666666666667
0,2,3,0,2,0,3,0,0,0,0,0,0,0,6,0,3,0,5.0,115,19,6.052631578947368
1,48,11,0,1,1,0,0,0,0,2,2,0,0,1,0,0,0,0.0,107,20,5.35
0,12,1,0,0,0,2,0,2,1,1,1,1,0,1,0,12,0,1.0,104,19,5.473684210526316
0,3,7,0,1,0,3,0,0,2,0,0,0,0,1,0,0,0,1.0,16,3,5.333333333333333
0,24,10,6,1,1,4,1,1,1,2,2,2,0,1,0,0,0,2.0,298,59,5.0508474576271185
0,12,78,0,1,3,2,0,1,0,1,1,1,0,1,0,0,0,3.0,98,20,4.9
0,1,0,0,1,0,1,1,0,0,0,2,0,0,1,0,0,0,2.0,86,17,5.0588235294117645
0,3,30,0,0,1,4,0,0,1,0,0,0,0,1,0,1,0,9.0,550,105,5.238095238095238
1,11,2,0,1,4,2,0,1,1,2,2,2,0,1,0,0,0,2.0,73,10,7.3
0,3,3,0,0,3,0,0,1,0,0,2,0,0,1,0,0,0,2.0,326,66,4.9393939393939394
0,3,3,8,1,3,0,0,1,0,0,2,0,0,1,0,1,0,3.0,880,181,4.861878453038674
1,1,2,0,0,0,0,0,1,1,0,0,0,0,1,0,0,0,4.0,552,107,5.158878504672897
1,4,2,0,0,1,0,0,1,0,2,2,0,0,1,0,0,0,1.0,96,18,5.333333333333333
1,6,62,0,1,0,1,0,0,0,0,0,0,0,1,0,1,0,5.0,762,144,5.291666666666667
0,120,4,9,1,0,1,1,2,2,1,1,1,0,2,50,1,0,1.0,198,30,6.6
0,6,3,0,1,1,5,1,1,0,0,0,0,0,2,0,0,0,2.0,159,29,5.482758620689655
1,1,2,0,1,1,2,0,1,0,1,1,0,0,1,0,0,0,1.0,123,21,5.857142857142857
1,3,2,0,1,1,2,0,1,0,0,0,0,0,1,0,6,0,5.0,28,5,5.6
0,2,3,0,0,0,0,0,1,0,0,2,0,0,1,0,0,0,5.0,127,24,5.291666666666667
0,4,105,0,1,6,4,1,1,0,0,0,0,0,2,0,0,0,1.0,153,30,5.1
1,4,2,0,1,1,0,0,1,0,2,2,2,0,1,0,0,0,2.0,434,85,5.105882352941176
0,21,0,0,0,6,0,0,1,0,2,2,2,0,1,0,0,0,3.0,212,39,5.435897435897436
1,36,33,0,1,1,2,0,0,1,2,2,2,0,1,0,0,0,1.0,585,110,5.318181818181818
1,53,9,15,0,1,0,0,0,0,2,2,2,0,1,0,1,0,2.0,344,68,5.0588235294117645
0,6,24,85,1,0,1,0,1,0,0,2,2,0,2,0,3,0,5.0,541,107,5.05607476635514
0,8,3,0,1,0,1,1,1,0,2,2,2,0,1,0,1,0,3.0,134,24,5.583333333333333
1,3,2,31,0,0,0,0,1,1,2,2,0,0,1,0,0,0,5.0,14,3,4.666666666666667
1,72,71,0,0,5,2,0,1,1,2,2,2,0,1,0,0,0,1.0,293,58,5.051724137931035
0,2,142,0,2,0,3,1,0,0,1,1,1,0,3,0,9,0,2.0,47,10,4.7
0,5,56,26,0,0,1,1,1,0,0,0,0,0,2,0,1,0,2.0,78,17,4.588235294117647
0,34,30,0,2,0,4,1,1,1,0,0,0,0,4,0,3,0,5.0,28,6,4.666666666666667
1,15,2,0,0,0,1,1,1,0,2,2,2,0,1,0,0,0,1.0,59,14,4.214285714285714
1,18,2,7,0,1,0,0,1,1,2,2,2,0,1,50,0,0,5.0,503,102,4.931372549019608
1,2,2,0,1,0,2,0,0,0,0,2,1,0,1,0,0,0,4.0,174,31,5.612903225806452
1,60,8,0,1,0,1,0,2,0,2,2,2,0,1,500,0,1,4.0,221,45,4.911111111111111
0,2,3,0,0,0,0,0,1,1,0,2,0,0,1,0,0,0,4.0,579,114,5.078947368421052
0,0,1,0,2,0,1,1,0,0,0,0,0,0,2,0,0,0,4.0,1084,206,5.262135922330097
0,12,24,19,1,1,5,2,0,1,2,2,0,0,1,0,0,0,1.0,191,34,5.617647058823529
1,1,2,0,2,0,1,1,1,0,0,0,0,0,5,0,1,0,15.0,320,57,5.614035087719298
0,2,3,0,2,0,1,3,0,0,0,0,0,0,3,0,0,0,2.0,46,7,6.571428571428571
1,73,8,0,0,0,1,0,2,1,2,2,0,0,1,0,0,0,1.0,234,43,5.441860465116279
0,24,3,0,0,1,0,0,1,0,2,2,0,0,1,0,1,0,4.0,66,13,5.076923076923077
1,3,5,3,0,1,0,0,1,0,0,2,0,0,1,0,0,0,5.0,410,76,5.394736842105263
0,3,4,0,2,0,1,5,0,2,0,0,0,0,3,150,0,0,4.0,151,30,5.033333333333333
0,16,1,0,1,0,0,0,1,1,0,2,0,0,1,0,0,0,1.0,70,13,5.384615384615385
1,1,2,0,0,0,2,0,1,0,2,2,0,0,1,0,0,0,7.0,381,69,5.521739130434782
1,4,2,0,1,0,0,0,1,0,2,2,2,0,1,0,2,0,11.0,317,45,7.044444444444444
0,18,0,6,2,0,3,1,1,1,0,2,0,0,3,0,0,0,4.0,214,40,5.35
1,5,2,0,0,0,1,0,1,0,2,2,2,0,1,0,0,0,1.0,173,31,5.580645161290323
1,30,57,3,0,0,0,0,1,0,2,2,2,0,1,0,0,0,3.0,554,101,5.485148514851486
0,84,3,0,1,5,2,0,1,0,2,2,2,0,1,0,0,0,4.0,163,35,4.6571428571428575
0,2,10,9,2,1,4,1,1,0,0,0,0,0,2,0,1,0,3.0,258,44,5.863636363636363
0,9,26,0,1,0,5,1,1,1,2,2,0,0,1,0,9,0,4.0,418,80,5.225
0,4,1,6,2,0,3,0,1,1,0,0,0,0,4,0,0,0,1.0,29,6,4.833333333333333
1,3,2,0,0,0,0,0,1,1,2,2,1,0,1,0,0,0,3.0,298,62,4.806451612903226
1,48,2,3,1,0,2,0,1,0,0,0,0,0,1,0,1,0,4.0,859,136,6.3161764705882355
0,4,7,9,2,0,1,3,1,1,0,0,0,0,6,0,0,0,12.0,490,99,4.94949494949495
1,38,39,0,0,0,1,5,1,0,2,2,2,0,1,0,0,0,13.0,396,77,5.142857142857143
0,1,1,0,0,0,3,1,1,1,0,2,0,0,1,0,0,0,6.0,608,112,5.428571428571429
1,3,2,31,1,0,2,0,1,1,2,2,0,0,1,0,0,0,5.0,14,3,4.666666666666667
1,24,2,0,1,2,2,0,1,2,2,2,2,0,1,0,0,0,1.0,119,24,4.958333333333333
0,3,3,0,0,0,2,0,0,0,0,2,0,0,1,0,1,0,3.0,720,143,5.034965034965035
1,1,2,3,1,0,1,0,1,1,0,2,0,0,1,0,0,0,1.0,14,3,4.666666666666667
1,12,2,36,0,1,2,0,1,0,2,2,2,0,1,0,0,1,5.0,389,74,5.256756756756757
0,1,105,0,2,5,2,0,0,0,0,0,2,0,2,0,1,0,3.0,75,15,5.0
1,3,2,0,1,5,2,0,1,1,2,2,0,0,1,0,0,0,1.0,70,14,5.0
0,24,3,0,1,1,5,1,1,0,0,0,2,0,1,0,0,0,1.0,27,4,6.75
0,3,3,0,1,1,0,0,0,0,0,2,0,0,1,0,1,0,5.0,279,56,4.982142857142857
0,12,1,1,1,6,0,0,2,2,0,2,2,0,1,100,1,0,11.0,285,57,5.0
0,15,94,9,1,2,2,0,1,1,2,2,2,0,1,200,1,0,2.0,37,5,7.4
0,3,3,0,1,5,2,0,0,0,0,0,0,0,1,0,1,0,1.0,311,61,5.098360655737705
1,36,34,0,0,1,2,0,0,0,2,2,2,0,1,0,1,0,3.0,340,62,5.483870967741935
0,8,7,9,0,5,2,0,1,0,1,2,0,0,1,100,0,0,1.0,35,7,5.0
1,24,2,0,0,0,4,0,0,1,1,1,1,1,1,0,0,0,1.0,49,9,5.444444444444445
0,3,3,0,0,6,0,0,0,0,0,2,0,0,1,0,1,0,1.0,48,8,6.0
1,12,2,0,0,4,5,0,1,0,2,2,2,0,1,200,0,1,10.0,231,41,5.634146341463414
1,2,2,0,1,0,1,0,1,1,0,0,0,0,1,0,0,0,1.0,207,39,5.3076923076923075
0,1,3,0,2,0,6,0,1,1,0,0,0,0,4,0,5,0,0.0,59,9,6.555555555555555
1,48,9,0,1,0,0,0,0,1,2,2,1,0,1,400,0,0,0.0,60,7,8.571428571428571
1,12,2,3,0,1,0,0,1,1,1,1,1,0,1,0,1,0,3.0,297,57,5.2105263157894735
1,2,5,3,1,4,2,0,1,1,0,0,0,0,1,0,0,0,4.0,297,59,5.033898305084746
1,13,19,3,1,0,3,1,1,1,2,2,2,0,1,0,0,0,3.0,232,45,5.155555555555556
1,2,2,0,0,4,2,0,1,0,2,2,0,0,1,0,0,0,1.0,105,21,5.0
0,2,1,0,1,0,2,0,0,1,0,2,0,0,1,0,6,0,4.0,518,81,6.395061728395062
1,48,98,0,0,2,2,0,0,1,2,2,2,0,1,0,0,0,3.0,192,38,5.052631578947368
0,24,1,0,1,1,5,0,0,1,2,2,2,0,1,0,0,0,1.0,397,73,5.438356164383562
0,84,4,1,2,0,0,0,1,1,2,2,2,0,2,50,0,0,3.0,488,83,5.879518072289157
1,6,2,0,0,0,0,0,1,0,2,2,2,0,1,0,0,0,5.0,258,45,5.733333333333333
