Type,Age,Breed1,Breed2,Gender,Color1,Color2,Color3,MaturitySize,FurLength,Vaccinated,Dewormed,Sterilized,Health,Quantity,Fee,State,VideoAmt,PhotoAmt,desc_length,desc_words,average_word_length
0,14,3,8,0,1,4,0,1,0,2,0,0,0,1,0,0,0,1.0,51,7,7.285714285714286
1,48,2,73,0,1,0,0,2,0,2,2,2,0,1,0,0,0,10.0,664,131,5.068702290076335
0,3,0,9,0,0,3,1,1,0,2,2,0,0,1,0,0,0,4.0,338,62,5.451612903225806
1,24,2,0,0,0,0,0,1,1,0,2,0,0,1,0,1,0,5.0,68,12,5.666666666666667
1,3,2,0,1,1,2,0,1,0,0,0,0,0,1,0,1,0,1.0,39,8,4.875
1,5,2,0,1,0,2,0,1,0,2,2,2,0,1,250,0,1,4.0,814,151,5.3907284768211925
1,2,2,0,0,0,1,0,1,0,0,0,0,0,1,20,3,0,1.0,117,20,5.85
1,15,34,0,0,5,2,0,1,1,2,2,2,0,1,500,0,0,0.0,194,35,5.542857142857143
1,2,37,3,0,0,1,0,1,0,2,2,0,0,1,0,0,0,3.0,114,21,5.428571428571429
1,2,2,0,1,0,1,2,1,0,2,2,0,0,1,0,0,0,5.0,156,26,6.0
1,22,2,0,1,6,0,0,1,0,2,2,2,0,2,0,1,0,0.0,84,15,5.6
1,1,2,0,0,0,2,0,1,0,0,0,0,0,1,50,0,0,6.0,700,136,5.147058823529412
1,4,2,0,1,1,0,0,1,0,0,2,0,0,1,0,0,0,0.0,487,98,4.969387755102041
0,6,3,9,2,4,2,0,1,0,2,2,2,0,2,0,1,0,6.0,530,103,5.145631067961165
1,3,2,0,1,0,2,0,1,0,0,0,0,0,2,0,0,0,11.0,1120,198,5.656565656565657
0,5,3,0,1,1,5,0,1,1,2,2,2,0,2,50,1,0,2.0,134,28,4.785714285714286
1,18,53,0,0,2,0,0,0,0,2,2,0,0,1,200,0,0,3.0,22,5,4.4
1,2,2,0,0,0,1,1,1,1,0,0,0,0,1,0,3,0,1.0,92,15,6.133333333333334
1,12,2,0,0,4,4,0,1,1,1,0,0,0,1,0,2,0,2.0,523,111,4.711711711711712
1,36,34,0,1,2,2,0,0,0,2,2,2,0,1,0,8,0,1.0,177,33,5.363636363636363
0,10,4,0,1,1,5,1,0,1,2,2,2,0,1,120,0,0,3.0,198,34,5.823529411764706
1,2,2,0,0,1,2,0,1,1,2,2,0,0,1,80,3,0,1.0,255,42,6.071428571428571
1,12,2,33,0,1,4,0,1,1,1,1,1,0,1,0,1,0,1.0,1566,264,5.931818181818182
1,1,2,3,2,0,1,2,1,1,0,0,0,1,6,0,1,0,9.0,597,122,4.89344262295082
1,3,13,3,1,0,0,0,1,0,1,2,0,0,3,0,0,0,10.0,395,74,5.337837837837838
1,18,2,3,1,0,4,0,1,1,0,0,2,0,2,0,0,0,2.0,442,79,5.594936708860759
1,3,14,3,1,5,2,0,1,0,2,2,0,0,1,0,0,0,4.0,199,38,5.2368421052631575
0,24,3,0,1,3,2,0,1,1,2,2,2,0,1,0,5,0,5.0,916,173,5.294797687861272
1,8,2,3,1,0,0,0,1,0,2,2,0,0,1,0,0,0,1.0,161,30,5.366666666666666
1,12,5,3,1,1,6,2,1,1,0,0,0,0,1,0,0,0,1.0,444,89,4.98876404494382
0,6,1,9,1,1,4,0,1,1,0,0,0,0,1,0,1,0,3.0,366,66,5.545454545454546
0,7,3,0,2,0,1,1,1,0,0,0,0,0,6,0,0,0,10.0,465,80,5.8125
1,120,53,0,1,6,0,0,1,0,1,1,1,0,1,0,0,0,2.0,651,124,5.25
0,2,92,0,2,0,1,4,0,0,0,0,0,0,3,0,2,0,5.0,94,14,6.714285714285714
0,1,3,0,0,3,0,0,0,0,0,2,0,0,1,0,1,0,3.0,25,4,6.25
1,2,2,0,1,0,1,0,1,0,1,2,0,0,1,0,1,0,5.0,149,26,5.730769230769231
1,12,2,12,1,5,2,0,0,0,1,0,1,0,1,0,2,0,2.0,261,52,5.019230769230769
1,2,2,0,1,1,4,1,1,1,0,0,0,0,4,0,0,0,5.0,79,14,5.642857142857143
0,1,3,0,0,0,0,0,0,0,0,0,0,0,1,0,0,0,4.0,156,22,7.090909090909091
0,8,105,0,1,0,5,0,1,1,2,2,2,0,1,0,1,0,4.0,36,5,7.2
1,1,2,0,1,1,0,0,1,1,0,0,0,0,1,0,0,0,7.0,197,38,5.184210526315789
1,1,2,0,0,1,2,0,2,0,0,0,0,0,1,0,3,0,4.0,51,9,5.666666666666667
1,4,2,0,0,0,1,0,1,0,0,0,0,0,1,0,0,0,2.0,409,71,5.76056338028169
0,2,1,0,0,4,2,0,1,1,0,0,0,0,1,0,1,0,7.0,338,66,5.121212121212121
0,0,3,9,2,1,6,1,0,1,2,2,0,0,4,0,0,0,0.0,262,47,5.574468085106383
1,12,2,3,0,1,0,0,1,0,1,1,1,0,1,0,0,0,4.0,697,150,4.6466666666666665
1,2,2,0,1,1,2,0,1,0,2,2,0,0,1,0,1,0,1.0,23,5,4.6
0,12,3,0,0,1,2,0,1,0,2,2,2,0,1,350,0,0,3.0,423,78,5.423076923076923
1,4,2,0,1,1,2,0,1,1,2,2,2,0,1,0,0,0,3.0,426,75,5.68
0,2,12,0,2,1,3,0,1,1,0,0,0,0,2,40,1,0,3.0,92,15,6.133333333333334
0,1,3,0,2,0,5,1,1,0,0,0,0,0,6,0,0,0,10.0,813,164,4.9573170731707314
0,2,3,0,1,5,2,0,1,0,2,2,0,0,1,30,0,0,1.0,368,67,5.492537313432836
1,1,2,0,0,0,2,0,0,0,0,0,0,0,1,0,0,0,1.0,109,21,5.190476190476191
1,7,2,0,0,0,2,0,1,1,0,0,0,0,1,0,0,0,1.0,385,68,5.661764705882353
0,2,78,9,1,0,1,0,1,0,0,2,0,0,1,0,0,0,4.0,538,100,5.38
1,1,2,0,0,0,1,0,1,0,1,1,1,0,1,0,0,0,4.0,86,16,5.375
0,2,4,0,0,4,0,0,1,2,0,2,0,0,1,0,0,0,2.0,281,58,4.844827586206897
1,48,34,0,1,1,4,0,0,1,2,2,2,0,1,0,1,0,3.0,363,67,5.417910447761194
1,24,14,3,0,2,2,0,2,0,0,2,0,1,1,0,1,0,4.0,719,127,5.661417322834645
0,3,3,0,1,6,0,0,1,0,2,2,0,0,1,0,0,0,3.0,27,4,6.75
1,24,2,0,0,1,0,0,1,0,2,2,0,0,1,0,1,0,1.0,229,38,6.026315789473684
0,6,3,0,0,3,0,0,0,0,2,2,0,0,1,0,1,0,5.0,403,79,5.10126582278481
0,7,3,0,1,0,0,0,1,0,2,2,2,0,1,0,0,0,5.0,269,52,5.173076923076923
1,48,48,3,1,0,1,0,0,0,2,2,1,0,1,0,0,0,5.0,1520,302,5.033112582781457
0,18,31,9,0,0,0,0,1,0,0,2,2,0,1,0,1,0,1.0,181,33,5.484848484848484
1,2,2,0,2,6,4,0,1,0,0,0,0,0,4,0,3,0,4.0,308,52,5.923076923076923
1,1,2,0,2,0,1,1,1,0,2,2,2,0,2,0,2,0,3.0,483,88,5.488636363636363
1,7,63,0,1,1,4,0,1,0,2,2,2,0,1,1,1,0,2.0,192,38,5.052631578947368
1,24,154,0,1,5,2,0,0,2,2,2,2,0,1,0,0,0,5.0,841,169,4.976331360946745
0,2,0,0,1,0,0,0,1,0,0,0,0,0,1,0,0,0,5.0,106,20,5.3
1,2,2,3,2,0,1,4,1,1,0,0,0,0,4,1,0,0,5.0,250,43,5.813953488372093
0,4,3,0,1,1,4,0,1,0,0,0,0,0,1,0,0,0,2.0,48,10,4.8
1,54,53,0,1,2,0,0,0,0,2,2,2,0,1,100,3,0,3.0,678,127,5.338582677165355
0,2,3,0,1,3,2,0,0,0,1,2,0,0,1,0,0,0,5.0,360,65,5.538461538461538
1,2,2,11,2,1,0,0,1,0,1,1,1,0,2,0,0,0,2.0,83,15,5.533333333333333
1,3,2,0,1,0,2,0,1,1,2,2,0,0,1,0,0,0,1.0,70,14,5.0
1,36,2,0,0,4,5,2,1,1,0,0,0,0,1,0,0,0,1.0,87,17,5.117647058823529
1,2,2,0,2,0,5,1,1,0,2,2,0,0,3,30,0,0,3.0,422,79,5.341772151898734
0,1,1,6,2,0,5,3,0,1,0,0,0,0,4,0,0,0,5.0,237,39,6.076923076923077
0,2,3,0,0,6,0,0,1,0,0,2,0,0,1,0,1,0,2.0,86,13,6.615384615384615
1,2,2,0,1,1,2,0,1,0,0,2,0,0,1,0,3,0,1.0,59,8,7.375
0,0,3,0,2,0,6,0,0,0,1,1,1,0,2,0,0,0,4.0,699,129,5.4186046511627906
1,5,19,98,1,3,0,0,0,0,0,2,0,0,1,0,1,0,3.0,271,50,5.42
1,1,2,0,2,0,2,0,1,0,0,0,0,0,7,0,0,1,3.0,42,8,5.25
0,212,3,0,1,0,2,0,1,0,2,2,0,0,1,0,2,1,13.0,271,56,4.839285714285714
0,6,3,0,1,4,3,1,0,0,2,2,2,0,1,0,1,0,1.0,355,69,5.144927536231884
0,2,1,9,2,1,6,2,0,1,0,0,0,0,2,0,0,0,2.0,891,169,5.272189349112426
0,3,3,0,2,0,0,0,1,1,1,1,1,0,2,0,0,0,3.0,213,32,6.65625
0,12,1,0,0,4,0,0,1,1,0,2,0,0,1,50,0,0,3.0,484,94,5.148936170212766
1,4,2,0,0,0,0,0,1,0,2,2,2,0,1,0,0,0,4.0,462,87,5.310344827586207
0,4,3,0,0,5,2,0,0,0,0,0,0,0,1,0,0,0,4.0,253,40,6.325
0,4,3,0,2,0,5,1,0,0,2,2,0,0,3,50,1,0,3.0,1116,205,5.443902439024391
0,120,3,0,0,4,2,0,2,0,2,2,2,0,1,0,0,0,1.0,736,138,5.333333333333333
1,5,2,0,1,4,4,0,1,0,2,2,2,0,1,0,0,0,4.0,262,46,5.695652173913044
1,2,2,3,1,1,2,0,1,1,2,2,0,0,1,0,0,0,1.0,12,2,6.0
0,12,1,0,0,3,2,0,1,1,2,2,0,0,1,0,0,0,3.0,346,63,5.492063492063492
1,60,2,0,0,0,2,0,1,1,0,0,1,0,2,1,1,0,1.0,113,24,4.708333333333333
0,5,3,0,0,0,0,0,0,0,2,2,0,0,1,0,3,0,2.0,161,23,7.0
0,2,3,0,0,3,0,0,0,0,1,1,1,0,1,0,1,0,7.0,719,102,7.049019607843137
1,1,2,0,1,0,1,0,1,0,0,0,0,0,1,0,0,0,6.0,433,80,5.4125
1,12,2,0,0,1,2,0,1,0,1,1,1,0,1,0,0,0,2.0,351,67,5.2388059701492535
1,2,2,0,1,0,5,0,0,2,0,0,0,0,1,0,1,0,2.0,283,48,5.895833333333333
1,12,2,3,1,1,5,1,1,1,2,2,2,0,1,0,1,1,2.0,14,2,7.0
1,1,2,0,2,0,1,1,1,1,0,0,0,0,3,0,0,0,21.0,414,83,4.9879518072289155
0,9,60,26,1,0,3,1,1,1,2,2,0,0,1,200,0,0,3.0,1220,241,5.062240663900415
1,9,2,0,1,4,5,2,0,1,2,2,2,0,1,0,0,0,3.0,227,46,4.934782608695652
0,12,1,0,0,0,0,0,1,1,2,2,0,0,1,0,1,0,1.0,287,58,4.948275862068965
0,3,3,0,2,6,0,0,0,0,0,0,0,0,2,0,0,0,4.0,82,14,5.857142857142857
0,19,3,9,0,3,2,0,1,0,2,2,2,0,2,0,0,0,4.0,123,7,17.571428571428573
0,84,7,6,1,0,5,1,1,1,1,1,2,0,1,50,0,0,3.0,486,87,5.586206896551724
1,24,167,0,1,6,2,0,0,1,2,2,2,0,1,300,1,0,5.0,600,104,5.769230769230769
0,36,64,1,2,3,2,0,1,2,2,2,0,0,5,0,0,0,5.0,289,53,5.452830188679245
1,1,5,2,2,0,4,1,1,1,0,0,0,0,4,0,0,0,2.0,207,40,5.175
1,2,2,0,0,0,1,1,1,0,2,2,0,0,1,0,0,0,1.0,105,21,5.0
1,2,2,0,0,1,0,0,1,1,2,2,0,0,1,0,0,0,3.0,233,46,5.065217391304348
1,84,2,21,1,3,2,0,0,0,2,2,2,0,1,0,0,0,1.0,160,25,6.4
0,2,3,0,2,3,0,0,1,1,0,0,0,0,2,25,0,0,7.0,269,53,5.0754716981132075
1,9,130,3,1,0,5,1,1,0,0,2,2,0,1,0,1,0,2.0,104,19,5.473684210526316
0,3,1,0,1,1,5,0,0,1,0,0,0,0,1,0,0,0,1.0,206,40,5.15
1,1,2,0,1,0,1,0,1,0,0,2,0,0,1,0,8,0,1.0,91,15,6.066666666666666
0,2,1,0,1,3,0,0,0,1,0,2,0,0,1,0,1,0,10.0,194,37,5.243243243243243
1,2,2,0,0,1,0,0,0,0,1,1,1,0,1,0,0,0,1.0,268,49,5.469387755102041
0,36,3,0,1,1,3,1,1,1,0,2,2,0,1,0,0,0,10.0,523,104,5.028846153846154
0,2,12,0,1,0,5,1,1,0,0,0,0,0,1,20,0,0,1.0,443,89,4.977528089887641
0,1,1,0,2,0,4,1,0,1,0,0,0,0,5,0,0,0,1.0,168,24,7.0
1,4,2,3,1,5,2,0,1,0,2,2,0,0,1,0,1,0,3.0,144,31,4.645161290322581
0,3,4,37,0,0,2,0,1,2,2,2,0,0,1,100,0,0,2.0,586,113,5.185840707964601
0,3,3,0,1,0,1,3,1,0,0,0,0,0,1,0,0,0,3.0,110,16,6.875
0,1,4,6,2,0,4,1,0,1,0,0,0,0,3,0,0,0,5.0,206,38,5.421052631578948
0,1,7,23,1,0,6,1,1,2,2,2,0,0,1,150,1,2,5.0,324,55,5.890909090909091
1,60,25,0,1,1,2,0,2,0,1,1,2,1,1,0,0,0,2.0,415,79,5.253164556962025
1,2,2,3,1,1,2,0,1,0,2,2,0,0,1,0,0,0,3.0,180,30,6.0
0,2,3,0,2,0,6,1,0,0,0,2,0,0,2,0,1,0,1.0,101,20,5.05
1,108,20,33,1,4,4,1,1,1,2,0,1,0,1,0,0,0,1.0,157,29,5.413793103448276
1,4,2,7,1,1,0,0,1,1,0,0,0,0,1,0,0,0,3.0,125,24,5.208333333333333
0,6,0,0,0,3,2,0,1,0,0,2,0,0,1,0,1,0,4.0,288,56,5.142857142857143
0,8,4,9,0,4,5,1,2,0,0,2,0,0,1,50,0,0,5.0,901,140,6.435714285714286
0,0,3,0,2,0,3,1,1,0,0,0,0,0,2,0,0,0,28.0,526,95,5.536842105263158
1,36,8,3,1,0,2,0,2,0,1,1,1,0,1,350,0,1,1.0,766,150,5.1066666666666665
0,3,3,0,1,0,3,1,0,0,0,2,0,0,1,0,3,0,5.0,373,66,5.651515151515151
1,1,100,0,1,0,1,2,1,1,0,0,0,0,1,200,7,0,8.0,237,38,6.2368421052631575
1,24,2,0,1,0,4,3,1,0,2,2,2,0,1,0,0,0,11.0,294,59,4.983050847457627
1,2,2,0,0,0,1,1,1,0,0,2,0,0,1,0,1,0,3.0,372,74,5.027027027027027
1,2,2,0,1,1,0,0,1,0,1,1,0,0,1,0,0,0,1.0,76,13,5.846153846153846
1,1,2,0,0,1,0,0,1,1,0,0,0,0,1,0,1,0,12.0,167,30,5.566666666666666
1,12,2,0,0,0,0,0,1,1,2,2,2,1,1,0,3,0,5.0,35,9,3.888888888888889
0,6,3,0,1,0,5,1,0,0,0,2,2,0,1,0,0,0,1.0,265,49,5.408163265306122
0,3,3,0,2,0,1,1,1,0,0,0,0,0,3,0,1,0,5.0,468,83,5.63855421686747
1,9,14,0,1,0,2,0,1,1,1,1,1,0,1,0,0,0,3.0,477,90,5.3
1,7,2,0,1,6,2,0,1,0,0,0,0,0,1,0,3,0,4.0,269,45,5.977777777777778
0,12,7,1,0,0,0,0,2,1,2,2,2,0,1,200,0,0,12.0,411,77,5.337662337662338
1,3,2,0,0,0,1,0,1,1,2,2,1,0,1,0,1,0,3.0,27,5,5.4
0,2,56,0,0,6,0,0,0,0,2,2,0,0,3,0,3,0,1.0,274,51,5.372549019607843
0,1,3,0,2,0,1,1,0,0,0,0,0,0,13,0,0,1,13.0,681,128,5.3203125
0,1,3,0,2,0,1,1,0,0,0,0,0,0,2,0,0,0,3.0,57,11,5.181818181818182
1,0,2,0,2,0,3,0,0,1,0,0,0,0,6,0,5,0,1.0,484,92,5.260869565217392
1,5,2,33,0,0,1,1,1,1,2,2,0,0,1,0,2,0,5.0,709,133,5.330827067669173
0,1,30,0,1,1,6,1,1,0,2,2,0,0,1,0,0,0,8.0,344,60,5.733333333333333
1,3,2,35,1,0,1,1,1,1,2,2,0,0,1,0,0,0,6.0,283,48,5.895833333333333
0,24,10,8,1,1,0,0,1,0,0,0,0,0,1,0,3,0,13.0,810,153,5.294117647058823
1,11,2,0,0,0,0,0,1,0,2,2,2,0,1,0,1,0,15.0,1758,306,5.745098039215686
0,4,3,0,0,6,0,0,0,0,0,2,2,0,1,0,1,0,5.0,106,17,6.235294117647059
0,2,3,0,0,0,5,1,1,0,0,0,0,0,1,50,0,0,4.0,279,47,5.9361702127659575
0,9,7,1,0,0,6,1,2,2,0,0,0,0,2,300,1,0,3.0,34,5,6.8
0,9,3,0,1,0,2,0,1,0,2,2,0,0,1,0,1,0,2.0,274,55,4.9818181818181815
0,2,1,57,2,1,3,1,2,1,2,2,0,0,3,0,1,0,6.0,878,168,5.226190476190476
1,36,137,7,2,0,1,1,1,0,2,2,2,0,2,0,0,0,5.0,650,120,5.416666666666667
1,1,2,0,0,0,1,1,1,1,1,1,1,0,1,0,0,0,5.0,129,21,6.142857142857143
0,3,3,0,0,4,2,0,1,0,0,2,0,0,1,0,0,0,1.0,361,58,6.224137931034483
1,3,2,0,0,1,2,0,1,0,2,2,0,0,1,0,1,0,4.0,286,50,5.72
1,3,2,0,0,1,4,0,1,0,0,0,0,0,2,0,0,0,6.0,544,103,5.281553398058253
1,3,2,0,2,2,2,0,1,0,0,0,0,0,5,0,0,0,1.0,207,40,5.175
0,2,3,19,0,0,6,0,0,0,0,2,0,0,1,0,2,0,1.0,186,36,5.166666666666667
1,5,2,0,0,1,0,0,1,1,2,2,0,0,1,0,3,0,3.0,229,47,4.872340425531915
0,2,3,0,2,0,5,1,0,0,0,0,0,0,3,0,1,0,7.0,2943,514,5.72568093385214
1,36,20,35,1,1,4,0,2,2,1,2,1,0,1,0,0,0,5.0,442,86,5.1395348837209305
0,1,3,0,0,0,0,0,0,0,0,0,0,1,1,0,0,0,1.0,334,66,5.0606060606060606
1,36,9,0,1,5,2,0,0,2,2,2,0,0,1,0,0,0,1.0,262,54,4.851851851851852
1,2,2,3,0,0,1,5,0,1,2,2,0,0,1,0,0,0,5.0,390,75,5.2
0,4,3,6,0,0,4,0,1,1,2,2,0,0,1,0,3,0,3.0,780,132,5.909090909090909
1,12,2,0,1,0,0,0,0,0,0,0,0,0,1,0,1,0,5.0,525,91,5.769230769230769
0,2,0,9,1,0,1,3,1,0,0,2,0,0,1,0,1,0,6.0,513,96,5.34375
1,144,2,0,0,1,2,0,2,1,1,1,1,0,1,0,0,0,1.0,442,71,6.225352112676056
0,11,3,0,0,4,0,0,1,0,0,0,0,0,1,0,9,0,3.0,579,117,4.948717948717949
0,4,3,0,0,0,0,0,0,0,2,2,0,0,1,100,1,0,2.0,139,20,6.95
0,36,1,0,0,3,0,0,1,1,2,2,0,0,1,0,1,0,5.0,132,20,6.6
1,12,63,3,1,2,2,0,0,0,2,2,2,0,1,0,0,0,3.0,105,21,5.0
0,14,10,10,2,0,6,3,0,0,1,2,2,0,5,100,0,0,4.0,219,39,5.615384615384615
1,10,25,3,0,0,1,0,2,1,2,2,2,0,1,0,0,0,6.0,402,75,5.36
1,8,14,0,0,6,2,0,2,0,2,2,0,0,1,0,1,0,3.0,115,20,5.75
1,20,19,0,0,0,2,0,1,0,1,1,1,0,1,250,0,0,0.0,281,65,4.323076923076923
1,12,2,58,0,0,1,0,1,0,1,1,1,0,1,0,1,0,2.0,143,24,5.958333333333333
1,6,2,0,1,1,2,0,1,1,2,2,2,0,1,0,1,0,0.0,198,33,6.0
1,2,2,3,2,1,2,0,1,0,0,0,0,0,2,0,1,0,1.0,39,8,4.875
0,29,3,0,0,0,1,0,1,0,2,2,2,0,1,90,1,0,11.0,2050,343,5.97667638483965
1,15,2,0,1,5,2,0,1,0,2,2,2,0,1,0,0,0,6.0,926,182,5.087912087912088
0,2,3,0,0,0,1,1,1,0,0,0,0,0,4,0,5,0,8.0,174,32,5.4375
0,1,56,0,1,6,0,0,1,1,0,0,0,0,1,0,1,0,4.0,106,17,6.235294117647059
0,0,3,0,1,0,2,0,0,0,0,0,0,0,1,0,5,0,0.0,186,35,5.314285714285714
1,2,2,0,1,1,2,0,1,1,0,2,0,0,1,0,0,0,1.0,111,19,5.842105263157895
1,7,25,3,1,0,1,0,2,0,1,1,2,0,1,0,0,0,9.0,644,114,5.649122807017544
1,7,51,76,1,0,2,0,1,1,2,2,2,0,1,0,0,0,3.0,167,27,6.185185185185185
1,2,2,3,1,2,2,0,1,1,0,2,0,0,1,0,0,0,2.0,14,3,4.666666666666667
0,3,31,0,1,0,0,0,0,2,1,1,0,0,1,0,0,0,6.0,513,99,5.181818181818182
1,12,2,33,2,0,1,2,1,1,2,2,1,0,3,0,1,0,2.0,1702,289,5.889273356401384
0,2,113,10,0,4,4,1,1,1,0,2,0,0,1,100,0,0,2.0,217,39,5.564102564102564
0,2,3,0,0,0,0,0,1,0,2,2,0,0,1,0,0,0,4.0,189,36,5.25
0,1,3,0,2,4,3,1,1,0,0,0,0,0,3,0,0,0,3.0,52,9,5.777777777777778
0,4,3,0,2,0,5,1,1,0,0,0,0,0,2,0,1,1,8.0,736,137,5.372262773722627
1,2,2,0,2,0,1,4,1,0,0,0,0,0,20,0,0,0,2.0,890,158,5.632911392405063
0,2,3,0,0,1,0,0,1,0,0,2,0,0,1,0,0,0,3.0,64,10,6.4
0,1,1,0,0,2,3,1,1,1,2,2,0,0,1,0,1,0,2.0,112,18,6.222222222222222
1,42,140,99,2,1,2,0,1,0,2,2,0,0,2,0,0,0,0.0,45,8,5.625
1,5,2,0,1,2,0,0,1,1,0,0,0,0,1,0,0,0,3.0,413,80,5.1625
1,1,2,0,1,0,1,0,1,0,2,2,0,0,1,0,0,0,5.0,353,71,4.971830985915493
0,4,3,0,0,0,3,1,1,0,1,1,1,0,1,0,0,1,11.0,302,59,5.11864406779661
1,1,2,0,0,0,1,1,1,0,0,2,0,0,1,0,1,0,23.0,495,103,4.805825242718447
1,24,2,0,0,0,2,0,1,0,0,0,0,0,1,0,9,0,4.0,703,135,5.207407407407407
0,12,4,6,0,0,0,0,2,1,2,2,2,0,1,0,0,0,2.0,140,29,4.827586206896552
1,1,2,0,0,0,2,0,1,0,0,0,0,0,1,0,3,0,1.0,140,21,6.666666666666667
1,2,2,0,1,0,2,0,1,0,2,0,0,0,1,0,0,0,1.0,786,136,5.779411764705882
0,12,3,8,1,1,2,0,1,0,2,2,2,0,1,0,0,0,4.0,83,13,6.384615384615385
0,3,1,0,0,6,2,0,0,1,1,1,1,0,1,0,1,0,4.0,35,7,5.0
1,5,2,0,1,0,0,0,1,0,2,2,0,0,1,0,1,0,3.0,201,37,5.4324324324324325
0,5,24,0,1,1,5,1,1,0,2,2,2,0,3,0,0,0,5.0,224,40,5.6
1,3,2,0,1,1,0,0,1,0,2,2,0,0,1,0,1,0,4.0,86,15,5.733333333333333
0,32,24,0,1,0,6,1,1,0,2,2,2,0,1,0,0,0,0.0,93,19,4.894736842105263
0,1,3,6,2,0,3,1,1,0,0,0,0,0,5,0,0,0,6.0,1606,295,5.444067796610169
0,3,0,0,1,3,2,0,0,0,2,2,2,0,2,0,5,0,4.0,33,6,5.5
0,2,26,0,0,0,3,1,1,0,0,2,0,0,1,0,0,1,2.0,105,19,5.526315789473684
0,1,3,0,2,0,0,0,1,0,0,0,0,0,3,0,1,1,10.0,106,20,5.3
1,36,2,28,1,1,2,0,0,1,2,2,1,0,1,0,1,0,4.0,269,53,5.0754716981132075
1,16,9,0,0,0,1,1,0,0,2,2,0,0,1,300,0,0,4.0,228,37,6.162162162162162
1,4,2,0,0,0,1,0,1,2,1,1,0,0,1,0,0,2,8.0,954,189,5.0476190476190474
1,2,2,3,1,0,1,0,1,1,0,2,0,0,1,0,0,0,3.0,12,2,6.0
1,5,2,0,2,0,1,1,1,0,0,0,0,0,4,0,0,0,4.0,139,30,4.633333333333334
1,2,14,50,1,1,2,0,0,0,2,2,0,0,1,0,0,0,0.0,76,15,5.066666666666666
0,1,12,48,2,3,0,0,1,1,0,0,0,0,2,0,0,0,4.0,576,112,5.142857142857143
0,3,3,0,0,0,6,3,0,0,2,2,0,0,2,30,1,0,1.0,238,44,5.409090909090909
0,14,12,0,0,2,0,0,1,1,2,2,2,0,1,0,0,0,5.0,175,34,5.147058823529412
1,1,23,42,1,0,1,0,1,1,0,2,0,0,1,0,1,0,4.0,50,11,4.545454545454546
1,2,2,0,1,1,2,0,1,0,0,0,1,0,5,0,9,0,5.0,115,24,4.791666666666667
0,2,3,0,1,0,5,1,0,0,0,0,0,0,1,20,0,1,4.0,359,74,4.851351351351352
0,48,3,0,1,0,0,0,2,0,2,2,2,0,1,100,1,0,5.0,736,131,5.6183206106870225
0,4,3,9,1,0,0,0,0,0,2,2,0,0,2,50,0,0,2.0,119,23,5.173913043478261
1,12,2,3,2,1,0,0,1,0,2,2,1,0,2,0,1,0,1.0,288,53,5.433962264150943
1,2,2,0,1,0,3,1,1,2,2,2,0,0,1,0,0,0,5.0,395,55,7.181818181818182
0,1,3,0,2,0,1,1,0,0,0,0,0,0,5,0,0,0,1.0,529,97,5.453608247422681
1,1,2,3,0,0,1,0,1,1,0,0,0,0,1,0,0,0,1.0,12,2,6.0
1,84,20,11,1,0,2,0,1,1,2,2,0,0,1,0,0,0,1.0,469,88,5.329545454545454
1,2,2,3,0,1,2,0,1,1,2,2,0,0,1,0,0,0,1.0,12,2,6.0
0,10,3,0,1,0,1,3,1,0,2,2,2,0,1,0,0,0,2.0,221,49,4.510204081632653
1,1,13,3,0,0,1,0,1,1,0,0,0,0,1,0,1,0,11.0,695,134,5.186567164179104
0,3,1,0,0,0,2,0,1,1,0,2,0,0,1,0,0,0,5.0,105,20,5.25
0,3,1,1,0,3,2,0,2,1,2,2,2,0,1,30,0,0,5.0,178,30,5.933333333333334
1,3,2,38,0,0,0,0,2,1,2,2,0,1,2,0,0,0,9.0,340,50,6.8
0,16,4,6,0,5,2,0,2,1,0,2,2,0,2,150,12,0,3.0,189,36,5.25
1,21,14,0,0,1,2,0,2,0,2,1,2,0,1,300,1,0,3.0,201,36,5.583333333333333
1,1,2,0,1,0,0,0,1,0,0,0,0,0,1,0,0,0,2.0,1203,225,5.346666666666667
1,1,14,3,1,1,2,0,1,0,1,1,0,0,1,0,0,0,1.0,116,21,5.523809523809524
1,2,2,0,2,0,1,2,1,1,2,2,0,0,3,0,0,0,4.0,296,37,8.0
1,2,2,3,1,0,1,1,1,1,0,2,0,0,1,0,1,0,2.0,280,52,5.384615384615385
1,1,2,0,0,0,1,0,1,1,1,1,0,0,1,0,0,0,3.0,88,17,5.176470588235294
0,4,1,0,1,4,0,0,1,1,2,2,0,0,2,0,0,0,5.0,312,60,5.2
0,84,108,0,1,1,6,0,1,2,2,2,2,0,1,0,0,0,2.0,96,19,5.052631578947368
0,1,1,6,2,0,1,1,1,1,0,0,0,0,2,0,1,0,5.0,401,61,6.573770491803279
1,2,2,0,2,1,3,0,1,0,2,2,0,0,7,0,0,0,2.0,185,36,5.138888888888889
0,29,3,0,0,3,2,0,1,0,2,2,2,0,1,30,0,0,4.0,869,172,5.0523255813953485
0,4,3,0,2,0,5,1,1,1,0,0,0,0,3,0,5,0,9.0,1103,208,5.302884615384615
0,7,1,0,0,0,0,0,1,1,2,2,2,0,1,0,0,0,5.0,175,32,5.46875
0,4,36,9,0,0,2,0,1,0,2,2,0,0,1,0,0,0,2.0,95,15,6.333333333333333
0,16,3,0,0,2,2,0,0,1,0,0,0,0,1,0,1,0,6.0,40,6,6.666666666666667
0,10,1,0,1,0,1,1,1,1,0,0,0,0,1,0,5,0,1.0,205,42,4.880952380952381
1,3,2,0,0,0,1,1,1,0,0,0,0,0,2,0,1,0,5.0,821,149,5.510067114093959
1,78,5,2,0,0,0,0,1,1,1,1,1,0,1,0,0,0,2.0,355,68,5.220588235294118
1,1,2,0,0,1,2,0,0,0,0,0,0,0,1,0,0,0,1.0,109,21,5.190476190476191
1,4,2,0,0,1,2,0,1,0,2,2,0,0,1,0,0,0,4.0,443,89,4.977528089887641
1,12,2,0,1,6,0,0,1,0,2,2,2,0,1,0,3,0,3.0,70,12,5.833333333333333
1,3,2,0,0,0,1,0,1,1,2,2,0,0,1,0,0,0,3.0,187,35,5.3428571428571425
0,1,1,0,0,0,3,1,1,1,0,0,0,0,1,0,1,0,5.0,270,52,5.1923076923076925
0,6,3,0,1,6,2,0,0,0,2,2,2,0,1,200,5,0,6.0,2002,381,5.254593175853018
1,3,2,0,0,5,2,0,1,0,1,2,0,0,1,0,1,0,11.0,222,37,6.0
0,1,85,0,1,2,0,0,1,1,2,2,0,0,1,0,0,0,1.0,141,27,5.222222222222222
0,12,3,0,2,0,5,1,1,0,0,0,0,0,10,0,1,0,4.0,129,23,5.608695652173913
0,6,1,0,1,1,3,1,1,2,1,1,1,0,1,0,1,0,6.0,248,36,6.888888888888889
1,24,20,3,1,1,2,0,2,1,2,2,2,0,1,0,0,0,5.0,446,79,5.6455696202531644
1,32,2,12,1,1,0,0,1,0,2,0,2,0,1,0,1,0,1.0,148,29,5.103448275862069
1,2,2,3,1,0,1,0,1,0,1,2,1,0,1,200,1,0,3.0,63,10,6.3
1,3,2,0,0,0,1,2,1,0,0,2,0,0,1,0,0,0,5.0,275,54,5.092592592592593
1,4,2,3,1,1,2,0,0,0,0,0,0,0,1,0,0,0,2.0,139,25,5.56
0,5,3,0,0,3,0,0,0,0,2,2,1,0,1,0,1,0,3.0,479,91,5.263736263736264
1,7,20,35,1,1,2,0,2,2,2,2,0,0,1,500,0,0,1.0,12,2,6.0
0,2,1,0,2,0,1,0,0,1,0,0,0,0,4,0,0,0,1.0,252,53,4.754716981132075
1,2,2,0,1,0,0,0,1,1,0,0,0,0,2,0,3,0,3.0,1358,245,5.542857142857143
0,12,4,10,1,0,1,1,1,2,1,1,1,0,1,0,1,0,1.0,122,24,5.083333333333333
1,36,2,0,1,1,2,0,1,0,1,1,0,0,1,0,6,0,1.0,80,14,5.714285714285714
1,3,62,3,1,0,1,0,1,1,0,0,0,0,1,0,1,0,2.0,116,26,4.461538461538462
1,2,35,3,1,0,2,0,1,0,1,1,0,0,1,0,0,0,4.0,134,25,5.36
1,1,2,3,1,1,2,0,1,1,0,0,0,0,2,0,3,0,9.0,169,31,5.451612903225806
1,18,2,3,2,1,2,0,1,1,2,2,2,0,2,0,1,0,5.0,624,105,5.942857142857143
0,2,1,0,1,0,4,0,1,1,0,0,0,0,1,0,0,0,4.0,126,24,5.25
1,1,2,3,1,0,1,0,1,0,2,2,0,0,1,0,0,0,4.0,58,13,4.461538461538462
1,2,2,3,1,0,1,5,1,1,0,0,0,0,1,0,1,0,5.0,578,84,6.880952380952381
1,3,2,0,0,0,2,0,1,0,0,2,0,0,1,0,1,0,7.0,390,68,5.735294117647059
0,2,1,0,1,6,0,0,1,1,0,0,0,0,1,0,1,0,5.0,75,16,4.6875
0,4,10,0,1,1,0,0,0,0,0,0,0,0,1,0,1,0,1.0,185,37,5.0
1,3,18,3,1,3,2,0,0,1,0,0,0,0,1,0,2,0,2.0,44,8,5.5
1,2,2,0,0,0,1,0,1,0,0,2,0,0,1,0,3,0,3.0,198,28,7.071428571428571
1,1,2,3,2,0,1,1,1,0,0,0,0,0,7,0,5,0,3.0,657,124,5.298387096774194
0,1,3,0,0,4,0,0,0,0,0,0,0,0,1,0,0,0,4.0,66,15,4.4
0,1,12,106,1,0,1,1,0,0,0,0,0,1,1,0,0,0,4.0,197,35,5.628571428571429
1,1,2,3,0,5,2,0,2,0,0,2,0,0,1,50,9,0,1.0,278,52,5.346153846153846
0,3,10,26,2,4,4,3,1,1,0,2,0,0,3,0,8,0,11.0,85,13,6.538461538461538
1,8,2,0,0,0,1,1,1,1,2,2,2,0,2,1,0,0,2.0,851,175,4.862857142857143
0,12,3,0,1,0,1,1,1,0,0,0,0,0,1,0,1,0,1.0,125,23,5.434782608695652
1,84,34,0,0,0,1,3,1,2,2,2,0,0,1,0,0,0,2.0,450,89,5.056179775280899
0,10,1,0,0,4,2,0,1,1,2,2,0,0,2,0,1,0,6.0,390,72,5.416666666666667
0,5,0,9,0,6,0,0,1,0,0,2,0,0,1,0,0,0,3.0,291,61,4.770491803278689
1,36,5,28,0,0,3,1,2,1,2,2,2,0,1,200,0,0,2.0,363,52,6.980769230769231
1,1,2,0,1,0,1,0,1,1,0,2,0,0,1,0,0,1,13.0,673,114,5.9035087719298245
0,2,32,1,1,1,4,1,0,1,0,0,0,0,1,0,1,0,0.0,210,46,4.565217391304348
0,1,24,0,1,0,3,1,1,0,0,0,0,0,1,0,0,0,5.0,291,51,5.705882352941177
0,1,4,0,2,2,3,0,0,1,0,0,0,0,2,0,1,0,1.0,210,43,4.883720930232558
0,12,1,0,1,6,4,0,0,1,1,1,0,0,1,0,1,0,3.0,408,76,5.368421052631579
0,3,1,23,1,0,1,1,1,1,0,2,0,0,1,0,0,0,4.0,902,181,4.983425414364641
1,1,2,0,2,0,1,2,1,1,2,2,0,0,5,0,0,0,6.0,378,49,7.714285714285714
1,18,2,0,1,0,1,0,2,1,1,1,1,1,1,0,0,0,4.0,1660,325,5.107692307692307
1,10,2,0,1,1,2,0,1,0,2,2,0,0,1,0,0,0,2.0,184,34,5.411764705882353
1,19,14,0,0,1,2,0,2,0,2,2,2,0,1,0,0,0,3.0,311,52,5.980769230769231
0,5,3,0,1,5,2,0,1,0,0,2,0,0,1,0,1,0,5.0,1068,182,5.868131868131868
1,84,19,0,0,0,3,0,0,0,2,2,1,0,1,0,0,0,4.0,345,64,5.390625
0,1,1,0,0,4,5,0,2,1,0,0,0,0,1,0,0,0,3.0,99,17,5.823529411764706
0,3,3,9,0,0,1,1,1,0,2,1,0,0,4,0,2,1,5.0,192,36,5.333333333333333
0,4,1,9,1,0,2,0,1,1,0,2,0,0,1,0,0,0,2.0,122,24,5.083333333333333
0,2,3,9,0,0,5,1,1,0,0,2,0,1,2,0,1,0,18.0,596,107,5.570093457943925
0,6,0,0,0,1,6,2,1,0,0,2,0,0,1,0,1,0,5.0,329,61,5.39344262295082
1,12,2,0,0,0,0,0,1,0,2,2,2,0,1,0,1,0,2.0,821,154,5.3311688311688314
0,4,0,0,1,0,1,0,1,0,1,1,2,0,5,0,5,0,1.0,130,23,5.6521739130434785
1,1,2,0,1,1,2,0,1,1,0,0,0,0,1,0,1,0,11.0,124,22,5.636363636363637
0,1,3,0,0,0,0,0,1,1,0,0,0,0,1,30,0,0,2.0,239,51,4.686274509803922
1,2,2,3,2,1,2,0,1,0,1,1,1,0,2,0,3,0,2.0,116,22,5.2727272727272725
1,12,2,0,1,0,1,0,1,1,0,2,0,0,1,0,3,0,2.0,131,26,5.038461538461538
1,12,2,0,1,0,1,1,0,1,2,2,0,0,1,20,3,0,3.0,222,37,6.0
1,1,2,0,1,1,6,0,0,0,2,0,0,0,1,30,1,0,5.0,185,37,5.0
1,5,152,3,0,1,4,0,2,0,1,1,1,0,1,0,0,0,3.0,216,39,5.538461538461538
0,36,0,0,0,4,5,0,1,1,1,1,2,0,1,0,0,0,4.0,342,57,6.0
1,36,5,7,1,1,6,2,1,2,2,2,2,0,1,0,0,0,3.0,255,50,5.1
0,11,1,9,1,2,0,0,1,1,2,2,0,0,1,10,1,0,3.0,301,59,5.101694915254237
1,1,2,0,1,0,0,0,1,0,0,1,1,0,1,0,0,0,1.0,252,44,5.7272727272727275
1,6,2,0,1,0,1,1,0,0,2,2,0,0,1,0,0,0,2.0,71,15,4.733333333333333
1,2,2,0,0,0,1,0,1,0,1,1,0,0,1,0,0,0,1.0,88,16,5.5
1,8,2,0,0,6,0,0,2,0,0,0,0,0,1,0,5,0,1.0,912,175,5.211428571428572
1,1,2,3,0,0,2,0,1,1,0,2,0,0,1,0,0,0,3.0,12,2,6.0
0,1,1,0,0,0,5,1,1,1,0,0,0,0,1,0,0,0,1.0,25,4,6.25
1,1,2,3,2,0,1,0,1,0,0,0,0,0,3,10,5,0,5.0,182,30,6.066666666666666
0,2,1,0,2,0,1,1,1,1,0,2,0,0,3,0,0,0,1.0,199,36,5.527777777777778
1,80,28,0,0,0,1,1,1,0,2,2,2,0,1,200,0,0,3.0,1383,244,5.668032786885246
0,1,12,0,0,0,1,1,0,0,0,0,0,0,1,0,0,0,3.0,194,36,5.388888888888889
0,3,3,0,0,1,0,0,1,0,0,0,0,0,1,0,1,0,0.0,261,47,5.553191489361702
1,36,9,0,1,1,4,0,0,1,2,2,2,0,1,0,0,0,1.0,299,51,5.862745098039215
0,30,0,6,0,2,2,0,3,1,2,2,2,0,1,0,0,0,5.0,480,94,5.1063829787234045
0,2,24,9,0,0,1,4,0,1,0,0,0,0,1,0,0,0,10.0,630,123,5.121951219512195
1,12,2,3,0,0,1,0,1,1,2,2,2,0,1,0,0,0,1.0,145,4,36.25
0,2,4,9,2,0,0,0,2,1,0,2,0,0,4,0,1,0,2.0,272,53,5.132075471698113
0,2,3,0,1,3,0,0,1,0,1,2,0,0,1,0,9,0,2.0,301,56,5.375
0,5,3,118,1,4,4,0,1,0,0,2,0,0,1,0,1,0,4.0,513,102,5.029411764705882
1,2,2,0,0,5,2,0,1,0,0,2,0,0,1,0,0,0,9.0,435,80,5.4375
0,4,3,0,0,0,1,1,1,0,0,2,0,0,1,0,0,0,3.0,153,26,5.884615384615385
1,3,2,0,1,0,0,0,1,0,2,2,0,0,1,0,0,1,2.0,214,39,5.487179487179487
0,12,1,1,1,3,2,0,1,1,1,1,0,0,2,0,1,0,1.0,77,16,4.8125
0,3,3,0,2,1,5,0,1,0,2,2,2,0,5,100,0,0,5.0,322,52,6.1923076923076925
1,12,2,0,0,1,0,0,0,0,0,2,0,0,1,0,5,0,2.0,479,82,5.841463414634147
1,2,2,0,0,0,1,0,1,1,2,2,0,0,1,0,0,0,5.0,140,25,5.6
0,2,3,0,0,0,4,0,1,0,0,0,0,1,1,0,0,0,1.0,185,37,5.0
1,2,2,0,1,0,1,0,1,0,0,0,0,0,1,20,3,0,1.0,201,32,6.28125
1,60,14,3,0,2,0,0,1,1,2,2,2,0,1,0,0,0,9.0,530,97,5.463917525773196
1,2,2,0,1,0,1,0,1,1,0,0,0,0,1,0,0,0,4.0,19,4,4.75
0,1,1,9,1,0,1,1,0,0,0,0,0,0,1,0,1,0,5.0,452,79,5.7215189873417724
1,1,2,0,1,0,4,0,1,0,0,0,0,0,1,0,1,0,2.0,166,29,5.724137931034483
0,3,3,0,1,1,2,0,0,0,2,2,2,0,1,0,1,0,3.0,213,40,5.325
0,12,3,0,1,4,3,1,1,0,0,0,0,0,1,0,0,0,8.0,513,93,5.516129032258065
1,8,2,0,0,0,1,0,1,0,1,1,0,0,1,0,1,0,2.0,477,95,5.021052631578947
0,48,0,0,0,0,1,1,2,0,2,2,0,0,1,20,0,0,4.0,707,133,5.315789473684211
0,2,3,9,2,0,5,1,1,0,0,0,0,0,3,0,0,0,3.0,178,32,5.5625
1,2,2,0,0,0,1,1,1,0,0,2,0,0,4,0,0,0,4.0,365,68,5.367647058823529
1,1,2,0,2,0,1,1,1,0,0,0,0,0,4,0,1,0,7.0,271,55,4.927272727272728
0,3,3,0,0,0,0,0,0,0,0,2,0,0,1,0,0,0,9.0,199,36,5.527777777777778
1,6,34,0,1,1,2,0,0,1,2,2,0,0,1,350,1,0,2.0,135,24,5.625
0,4,3,0,1,4,2,0,1,0,2,2,2,0,1,100,0,0,2.0,150,21,7.142857142857143
1,60,33,0,0,0,1,0,1,1,2,2,2,1,1,0,0,0,2.0,234,43,5.441860465116279
1,36,48,42,2,1,2,0,0,0,2,2,2,0,2,0,1,0,3.0,1,1,1.0
0,2,3,0,2,0,1,3,1,0,0,0,0,0,5,15,0,0,3.0,67,13,5.153846153846154
0,2,3,0,1,6,0,0,0,0,2,2,0,0,3,0,1,0,7.0,448,91,4.923076923076923
1,28,87,0,0,1,2,0,2,1,2,2,0,0,1,0,0,0,3.0,468,96,4.875
1,1,2,3,1,4,4,1,1,1,2,2,0,0,1,0,0,0,2.0,302,55,5.490909090909091
0,3,3,0,1,5,2,0,1,0,2,2,0,0,2,0,5,0,2.0,36,6,6.0
1,5,2,0,1,2,2,0,0,0,0,0,1,0,3,0,1,0,3.0,94,19,4.947368421052632
0,9,0,8,2,6,4,3,1,0,2,2,2,0,2,0,0,0,17.0,721,129,5.589147286821706
0,3,1,0,2,0,5,1,1,1,0,0,0,0,2,0,0,0,6.0,192,36,5.333333333333333
1,1,34,3,2,0,1,0,1,1,0,0,0,0,5,0,0,0,0.0,22,4,5.5
1,1,2,3,2,0,1,2,1,1,0,0,0,0,6,0,2,0,6.0,156,28,5.571428571428571
1,3,2,0,2,0,5,0,1,1,0,0,0,0,2,0,1,0,2.0,193,30,6.433333333333334
1,2,2,0,0,0,2,0,1,0,0,2,0,0,1,0,1,0,2.0,88,19,4.631578947368421
0,3,3,0,1,0,3,1,1,0,0,2,0,0,1,0,0,0,4.0,231,43,5.372093023255814
0,2,1,0,2,0,1,2,0,0,0,0,0,0,3,0,9,0,5.0,100,18,5.555555555555555
0,4,0,0,2,0,6,3,1,1,2,2,2,0,3,0,5,0,3.0,38,8,4.75
0,12,3,6,0,2,3,1,1,0,1,1,1,0,1,0,0,0,1.0,388,68,5.705882352941177
1,6,2,0,1,0,1,5,1,0,2,2,0,0,2,0,1,0,1.0,53,11,4.818181818181818
1,3,2,0,0,1,0,0,1,1,2,2,0,0,1,200,0,0,2.0,43,6,7.166666666666667
0,0,3,0,2,0,6,1,0,0,0,0,0,0,2,0,0,0,8.0,166,33,5.03030303030303
1,4,25,3,0,0,1,0,1,1,2,2,0,0,1,0,0,0,3.0,85,16,5.3125
1,1,2,0,1,1,4,1,1,1,1,1,1,0,2,0,3,0,1.0,52,11,4.7272727272727275
0,4,3,0,1,0,2,0,1,0,2,2,0,0,1,0,0,0,5.0,321,61,5.262295081967213
1,1,2,0,1,1,2,0,1,0,0,0,0,0,1,0,2,0,2.0,207,43,4.813953488372093
0,6,3,0,0,0,0,0,1,1,0,2,0,0,1,0,0,0,1.0,137,24,5.708333333333333
0,3,3,10,0,0,2,0,2,0,0,2,0,0,1,0,0,0,1.0,293,49,5.979591836734694
0,12,1,0,1,5,2,0,1,1,0,2,2,0,1,0,0,0,14.0,149,24,6.208333333333333
0,1,3,0,1,0,0,0,0,0,0,2,0,1,1,0,0,0,1.0,428,80,5.35
0,7,3,0,0,0,1,0,1,0,0,0,0,1,1,0,1,1,5.0,597,110,5.427272727272728
0,1,3,0,0,0,4,3,0,0,0,0,0,0,1,0,1,0,5.0,592,110,5.381818181818182
1,3,35,3,0,0,2,0,1,0,1,1,0,0,1,0,0,0,2.0,79,13,6.076923076923077
0,3,3,0,0,0,0,0,1,0,0,2,0,0,1,30,0,0,6.0,323,57,5.666666666666667
1,60,72,0,1,2,2,0,0,1,2,2,2,0,1,0,0,0,2.0,17,3,5.666666666666667
1,1,2,3,1,0,2,0,1,1,2,2,0,0,1,0,0,0,4.0,200,33,6.0606060606060606
1,3,2,31,0,0,1,0,1,1,2,2,0,0,1,0,0,0,5.0,14,3,4.666666666666667
0,24,99,0,0,6,4,0,2,1,2,2,2,0,1,0,0,0,5.0,198,35,5.6571428571428575
0,9,1,0,1,6,0,0,2,0,0,2,2,0,1,0,5,0,4.0,125,25,5.0
0,3,78,0,2,0,4,3,1,1,0,0,0,0,3,50,1,0,4.0,51,10,5.1
1,2,2,0,1,0,1,0,1,1,2,2,0,0,1,0,0,0,2.0,200,40,5.0
0,4,3,0,1,0,1,3,1,0,0,2,0,0,1,0,0,0,2.0,12,2,6.0
1,1,2,0,1,0,1,5,1,0,0,2,0,0,1,0,0,0,4.0,56,10,5.6
0,1,1,0,2,1,5,3,1,1,0,0,0,0,4,0,1,0,8.0,416,83,5.0120481927710845
0,12,24,6,1,6,3,0,1,1,2,2,2,0,1,0,1,0,5.0,313,55,5.6909090909090905
0,3,7,1,0,5,2,0,1,2,0,2,0,0,1,700,0,0,3.0,94,18,5.222222222222222
1,7,2,0,0,4,2,0,1,0,2,2,2,0,1,0,1,0,2.0,467,89,5.247191011235955
1,72,9,2,1,2,3,1,1,2,1,1,0,1,1,0,1,0,6.0,794,155,5.122580645161291
1,9,2,0,1,4,5,1,1,0,2,2,2,0,2,0,2,0,3.0,414,74,5.594594594594595
0,1,3,9,2,0,3,1,1,0,0,2,1,0,5,0,0,0,5.0,867,143,6.062937062937063
0,5,3,0,2,0,1,4,1,1,2,2,0,0,5,0,0,0,17.0,244,48,5.083333333333333
0,2,3,0,0,0,0,0,1,1,0,2,0,0,1,0,0,0,5.0,62,8,7.75
0,12,3,8,0,2,2,0,2,1,2,2,0,0,1,0,1,0,5.0,594,123,4.829268292682927
0,0,3,0,2,2,0,0,0,0,0,0,0,0,5,0,1,0,7.0,814,149,5.4630872483221475
0,12,29,0,0,0,2,0,1,1,0,0,0,0,1,0,0,0,2.0,99,17,5.823529411764706
0,2,3,0,0,1,6,0,0,0,0,0,0,0,2,0,0,0,5.0,160,30,5.333333333333333
0,12,3,0,1,0,3,1,0,0,2,2,0,0,1,0,0,0,3.0,303,56,5.410714285714286
0,6,3,0,0,1,6,0,1,0,1,0,0,1,1,0,0,0,4.0,455,87,5.2298850574712645
1,60,97,0,1,0,1,0,0,2,2,2,2,0,1,280,0,0,2.0,142,29,4.896551724137931
1,24,5,31,1,0,1,2,2,1,2,2,2,0,1,0,0,0,2.0,520,108,4.814814814814815
1,1,2,0,0,0,0,0,1,1,0,0,0,0,1,0,0,0,4.0,552,107,5.158878504672897
1,4,2,3,2,0,2,0,0,1,1,1,0,0,2,0,2,0,5.0,297,55,5.4
0,32,3,9,2,4,3,0,1,0,2,2,2,0,2,0,1,0,6.0,531,100,5.31
0,2,3,0,0,0,0,0,1,0,0,2,0,0,1,0,0,0,5.0,127,24,5.291666666666667
0,3,0,0,1,0,1,0,1,0,0,0,0,0,1,100,1,0,4.0,264,47,5.617021276595745
1,2,2,0,2,0,1,2,1,0,0,0,0,0,4,0,0,0,4.0,277,50,5.54
1,60,2,31,0,0,1,0,0,0,1,1,2,0,1,0,0,0,8.0,1474,283,5.208480565371024
0,6,1,0,1,1,4,3,1,2,1,1,0,0,1,0,5,0,3.0,400,72,5.555555555555555
0,2,3,9,0,0,1,2,0,0,0,0,0,1,1,0,0,0,3.0,86,14,6.142857142857143
1,6,2,0,1,0,1,4,1,1,0,2,0,0,1,0,2,0,3.0,197,41,4.804878048780488
1,4,34,0,0,1,2,0,0,1,2,2,1,0,1,200,0,0,4.0,588,108,5.444444444444445
1,10,2,0,1,1,6,2,1,0,2,2,2,0,1,80,0,0,6.0,515,101,5.099009900990099
1,5,2,35,0,0,0,0,1,1,0,2,0,0,1,0,0,0,13.0,252,43,5.8604651162790695
0,36,1,0,2,4,0,0,1,2,0,0,0,0,4,0,0,0,2.0,222,40,5.55
1,24,2,0,1,0,1,0,1,1,2,2,2,0,1,0,0,0,3.0,302,55,5.490909090909091
1,14,2,66,1,1,2,0,1,1,2,2,2,0,1,0,1,0,4.0,154,24,6.416666666666667
1,2,2,0,0,0,1,0,1,1,0,2,0,0,1,0,0,0,4.0,602,127,4.74015748031496
1,4,2,0,1,1,2,0,1,0,2,2,2,0,1,0,2,0,3.0,371,66,5.621212121212121
1,3,2,0,2,0,1,5,1,0,0,0,0,0,4,0,0,0,1.0,689,123,5.6016260162601625
0,4,3,0,0,3,0,0,1,0,0,0,0,0,1,0,0,0,5.0,55,9,6.111111111111111
1,6,2,0,0,3,2,0,1,0,1,1,1,0,1,0,2,0,0.0,199,38,5.2368421052631575
1,15,2,0,0,1,2,0,2,0,0,0,0,0,1,0,0,0,2.0,262,47,5.574468085106383
0,2,3,0,0,4,3,1,0,1,0,2,0,0,1,0,3,0,2.0,163,28,5.821428571428571
1,42,11,3,0,1,0,0,1,0,2,2,0,0,1,0,0,0,3.0,129,22,5.863636363636363
0,4,1,0,1,0,5,1,0,1,1,1,1,0,1,0,1,0,6.0,13,2,6.5
1,2,2,0,1,1,0,0,1,0,1,1,1,0,1,0,0,0,7.0,450,83,5.421686746987952
1,3,2,0,1,0,1,0,1,0,2,2,0,0,1,0,0,0,1.0,272,59,4.610169491525424
1,36,2,33,0,5,2,0,1,0,1,2,2,0,1,0,0,0,9.0,548,115,4.765217391304348
0,3,3,0,1,1,6,2,1,1,1,1,1,0,1,0,1,0,4.0,569,117,4.863247863247863
0,1,3,0,1,3,2,0,0,0,0,0,1,0,3,5,5,0,3.0,11,2,5.5
0,4,3,0,0,6,0,0,1,0,2,2,0,0,1,0,1,0,17.0,300,58,5.172413793103448
1,1,2,0,1,0,1,0,1,0,0,2,0,0,1,0,1,0,9.0,127,22,5.7727272727272725
0,16,1,0,1,3,2,0,2,1,2,2,2,0,1,0,1,1,2.0,330,64,5.15625
1,12,2,0,1,0,2,0,1,0,2,2,2,0,1,250,1,0,2.0,129,24,5.375
0,1,3,0,1,0,5,1,0,0,0,0,0,0,1,0,0,0,1.0,124,24,5.166666666666667
1,4,2,0,1,4,0,0,1,0,0,0,0,0,1,0,0,0,3.0,315,61,5.163934426229508
1,1,2,0,1,0,1,0,1,0,0,0,0,0,4,0,2,0,5.0,161,26,6.1923076923076925
1,3,2,3,0,1,0,0,1,1,0,2,0,0,1,0,0,0,5.0,14,3,4.666666666666667
1,2,2,0,1,1,4,1,1,0,2,2,0,0,1,0,0,0,14.0,812,139,5.841726618705036
1,36,2,11,1,2,2,0,1,0,0,2,2,0,1,0,0,0,5.0,339,64,5.296875
0,12,10,9,1,1,0,0,1,0,2,2,2,0,1,0,0,0,1.0,537,94,5.712765957446808
0,4,3,0,0,0,0,0,1,0,0,0,0,0,1,0,0,0,3.0,294,56,5.25
1,1,2,0,1,0,1,0,1,0,1,1,0,0,1,0,0,0,2.0,127,22,5.7727272727272725
1,3,2,0,0,1,2,0,1,0,2,2,0,0,1,0,1,0,1.0,35,6,5.833333333333333
1,2,2,0,1,0,1,1,1,1,2,2,0,0,3,0,1,0,10.0,1068,201,5.313432835820896
0,2,26,0,1,0,1,5,1,0,0,2,0,0,4,0,0,0,10.0,314,56,5.607142857142857
1,2,2,0,2,0,1,1,1,0,0,0,0,0,4,0,1,0,1.0,39,8,4.875
1,12,9,0,0,1,4,0,0,1,1,1,1,0,1,0,0,0,2.0,43,9,4.777777777777778
1,1,2,0,2,0,1,2,1,0,2,1,1,0,5,0,0,0,3.0,1326,245,5.412244897959184
1,36,8,0,1,0,1,0,1,0,0,2,2,0,1,0,1,0,2.0,182,34,5.352941176470588
1,24,2,0,1,0,2,0,1,0,2,2,2,0,1,0,0,0,3.0,174,31,5.612903225806452
1,1,2,0,1,1,2,0,1,0,0,0,0,0,1,0,0,1,16.0,262,53,4.943396226415095
1,1,2,3,1,0,1,0,1,1,0,0,0,0,1,0,0,0,4.0,263,51,5.1568627450980395
0,1,3,0,1,3,2,0,0,0,0,0,0,0,1,0,0,0,1.0,62,8,7.75
0,48,1,0,0,1,0,0,1,1,2,2,2,0,1,0,0,0,6.0,413,74,5.581081081081081
0,8,3,0,1,0,6,1,1,0,0,0,0,0,1,10,4,0,4.0,377,61,6.180327868852459
1,7,2,0,1,0,2,0,1,0,2,2,2,0,1,0,0,0,3.0,204,41,4.975609756097561
0,3,3,0,0,0,1,1,1,0,0,0,0,0,1,0,1,0,3.0,121,21,5.761904761904762
0,2,78,77,0,0,2,0,0,1,0,0,0,0,1,0,1,0,0.0,45,7,6.428571428571429
1,24,2,0,0,1,0,0,2,1,1,1,1,1,4,0,1,0,1.0,204,43,4.744186046511628
1,72,8,38,1,0,1,0,2,1,2,2,2,0,1,0,0,0,7.0,12,2,6.0
1,7,2,0,0,0,2,0,1,0,2,2,0,0,1,0,0,0,1.0,72,15,4.8
0,3,1,0,2,0,3,1,1,1,0,2,0,0,6,0,0,0,4.0,155,26,5.961538461538462
1,2,2,0,1,1,2,0,1,0,2,2,0,0,1,0,1,1,4.0,380,72,5.277777777777778
1,2,5,0,1,1,0,0,1,0,0,0,0,0,1,0,0,0,2.0,173,30,5.766666666666667
1,1,20,3,1,6,2,0,1,1,2,2,0,0,1,0,1,0,10.0,165,29,5.689655172413793
1,3,2,0,0,0,0,0,1,0,2,2,0,0,1,0,0,0,1.0,137,26,5.269230769230769
0,2,1,9,0,0,0,0,0,1,0,0,0,1,1,0,0,0,3.0,125,23,5.434782608695652
0,3,0,9,1,0,0,0,1,0,0,0,0,0,2,0,1,0,7.0,677,115,5.886956521739131
0,12,10,9,1,1,4,0,1,1,2,2,2,0,2,0,1,0,4.0,697,132,5.28030303030303
0,1,3,0,2,3,0,0,1,1,0,0,0,0,5,0,1,0,11.0,232,37,6.27027027027027
0,1,1,0,0,0,1,0,0,1,0,0,0,0,1,0,0,1,1.0,171,31,5.516129032258065
1,2,2,0,0,5,2,0,1,0,2,2,0,0,1,0,2,0,4.0,544,104,5.230769230769231
1,3,2,0,1,1,3,1,1,2,1,2,1,0,2,0,0,0,4.0,116,16,7.25
1,30,20,0,2,4,2,0,2,1,2,2,0,0,2,0,0,1,3.0,377,75,5.026666666666666
1,2,2,0,1,1,0,0,1,1,2,0,0,0,1,0,3,0,1.0,218,36,6.055555555555555
1,36,2,0,0,1,2,0,1,1,2,2,2,0,1,0,1,0,5.0,497,87,5.712643678160919
0,2,3,0,1,0,0,0,0,0,0,0,0,0,4,0,0,0,3.0,163,31,5.258064516129032
1,2,2,3,1,1,2,0,1,1,2,2,0,0,3,0,0,0,5.0,336,51,6.588235294117647
0,4,10,22,0,6,4,1,1,0,2,2,0,0,1,0,0,0,5.0,523,101,5.178217821782178
1,24,2,0,1,1,2,0,1,1,2,2,0,0,1,0,0,0,2.0,379,73,5.191780821917808
0,4,0,6,0,0,5,1,0,1,2,2,0,0,1,0,1,0,1.0,254,53,4.7924528301886795
0,36,1,0,0,0,3,1,2,1,2,2,2,0,1,0,0,0,4.0,322,59,5.4576271186440675
1,1,2,3,1,1,0,0,1,1,2,2,0,0,1,0,1,0,9.0,226,46,4.913043478260869
1,8,2,0,0,0,1,1,1,1,2,2,2,0,1,0,2,0,1.0,309,54,5.722222222222222
0,7,3,0,1,0,1,1,0,0,2,2,2,0,1,0,0,0,3.0,725,130,5.576923076923077
1,3,2,0,0,1,0,0,1,1,0,2,0,0,1,0,1,0,1.0,165,32,5.15625
0,1,3,0,2,0,5,1,0,0,0,0,0,0,4,0,0,0,1.0,20,3,6.666666666666667
1,1,2,3,1,0,1,0,1,0,0,2,0,0,2,0,1,0,26.0,543,99,5.484848484848484
1,24,2,0,0,1,2,0,1,0,2,2,2,0,1,0,0,0,5.0,19,3,6.333333333333333
0,3,3,0,0,6,0,0,0,0,0,2,0,0,1,0,1,0,1.0,62,11,5.636363636363637
1,55,28,0,0,0,5,1,1,0,2,2,2,0,1,0,0,0,5.0,490,94,5.212765957446808
0,2,3,0,1,3,0,0,1,0,0,2,0,0,1,0,9,1,7.0,224,39,5.743589743589744
1,2,2,0,1,0,0,0,1,0,0,2,0,0,1,0,1,0,1.0,113,20,5.65
0,12,3,0,1,0,1,5,0,0,0,2,2,0,1,0,0,0,10.0,250,45,5.555555555555555
1,12,2,0,0,0,1,0,1,1,1,1,1,0,1,0,0,0,2.0,546,101,5.405940594059406
1,2,2,0,2,0,1,1,1,0,0,0,0,0,5,0,1,0,3.0,1228,239,5.138075313807532
1,60,8,0,0,0,2,0,2,0,2,2,0,0,1,0,0,0,0.0,238,42,5.666666666666667
0,4,3,0,1,0,5,1,1,0,0,0,0,0,3,0,0,0,7.0,215,44,4.886363636363637
0,2,31,6,0,0,0,0,2,1,0,2,1,0,1,0,0,0,3.0,399,67,5.955223880597015
0,7,3,0,1,1,0,0,1,0,0,0,0,0,1,0,0,0,3.0,129,23,5.608695652173913
1,2,2,0,2,1,4,1,1,0,1,2,0,0,5,0,1,0,1.0,43,6,7.166666666666667
0,2,3,0,0,0,1,1,0,0,0,2,0,0,2,0,0,0,5.0,53,9,5.888888888888889
0,3,3,9,2,0,1,3,0,0,0,0,0,0,3,0,0,0,5.0,39,8,4.875
1,12,21,0,0,0,3,1,1,1,2,0,0,0,1,400,9,0,1.0,1146,208,5.509615384615385
0,41,30,0,1,0,0,0,2,1,2,2,2,0,1,0,0,0,5.0,839,170,4.935294117647059
1,84,23,3,1,0,5,0,1,1,2,2,2,0,1,0,1,0,2.0,245,41,5.975609756097561
1,1,2,0,1,6,4,0,1,0,2,2,0,0,1,10,3,0,1.0,350,66,5.303030303030303
1,12,34,3,0,1,4,0,1,1,2,2,2,0,1,0,0,1,8.0,331,48,6.895833333333333
0,6,3,0,0,1,0,0,1,0,2,2,0,0,1,0,0,0,4.0,610,104,5.865384615384615
1,12,9,0,0,0,1,0,0,2,1,1,1,1,1,0,5,0,5.0,478,103,4.640776699029126
1,60,9,3,1,0,1,3,0,1,1,2,1,1,1,100,9,0,3.0,777,147,5.285714285714286
0,2,3,0,2,4,5,0,1,0,0,2,0,0,2,0,0,0,4.0,312,53,5.886792452830188
0,2,1,6,2,0,1,2,1,1,0,0,0,0,5,0,1,0,4.0,436,81,5.382716049382716
0,3,4,0,2,0,1,5,0,2,0,0,0,0,3,150,0,0,4.0,151,30,5.033333333333333
0,3,3,0,2,0,1,1,1,0,0,0,0,0,4,0,0,0,4.0,608,120,5.066666666666666
0,2,3,0,1,0,1,2,0,0,0,0,0,0,1,0,1,0,5.0,208,45,4.622222222222222
1,1,2,3,1,6,2,0,0,0,0,0,2,0,1,0,1,0,2.0,259,47,5.51063829787234
1,12,34,0,0,3,2,0,0,0,2,1,1,2,1,0,0,0,2.0,276,51,5.411764705882353
1,3,2,3,0,0,1,0,2,0,2,2,0,0,1,0,0,0,3.0,84,15,5.6
1,1,2,3,2,0,1,3,1,0,0,0,0,0,3,0,0,0,7.0,281,57,4.9298245614035086
1,13,2,31,0,0,1,0,1,0,2,2,2,0,1,1,1,0,4.0,311,64,4.859375
1,16,2,0,0,0,6,0,1,0,2,2,2,0,1,0,0,0,2.0,310,57,5.43859649122807
0,5,3,0,0,2,0,0,1,1,0,2,0,0,1,0,3,0,3.0,73,13,5.615384615384615
1,6,2,0,0,5,2,0,1,0,2,2,2,0,1,0,0,0,2.0,89,16,5.5625
0,1,3,0,1,0,1,4,0,0,0,0,0,0,1,0,8,0,1.0,312,50,6.24
0,20,4,1,1,2,3,0,2,2,0,2,0,0,1,0,9,0,3.0,551,106,5.19811320754717
1,3,2,0,0,1,0,0,1,1,2,2,0,1,1,350,5,0,4.0,1204,201,5.990049751243781
0,3,1,0,1,0,5,1,1,1,0,0,0,0,1,0,0,0,5.0,1327,270,4.9148148148148145
1,1,2,0,1,1,4,0,1,0,0,2,0,0,1,1,3,0,3.0,167,25,6.68
1,2,2,0,1,0,1,0,1,1,2,2,0,0,1,80,3,0,1.0,255,42,6.071428571428571
1,36,5,0,0,5,2,0,2,2,2,2,2,0,1,300,0,0,4.0,1410,248,5.685483870967742
1,3,2,0,0,0,0,0,1,0,2,2,0,0,1,0,0,0,3.0,817,168,4.863095238095238
1,12,2,3,0,1,6,0,1,0,2,2,1,0,1,0,1,0,5.0,188,39,4.82051282051282
0,5,3,0,0,0,3,0,1,0,0,2,0,0,2,0,0,0,17.0,774,127,6.094488188976378
1,1,2,0,1,1,4,1,1,0,0,2,0,0,1,0,0,0,11.0,621,126,4.928571428571429
1,2,2,0,2,1,4,1,1,1,0,0,0,0,4,0,0,4,10.0,526,98,5.36734693877551
1,2,2,3,0,0,1,2,0,0,0,0,0,0,1,0,0,0,1.0,24,5,4.8
1,12,2,0,1,1,0,0,1,1,2,2,2,0,1,100,3,0,3.0,509,103,4.941747572815534
0,3,36,0,0,0,3,0,1,0,2,2,0,0,1,450,0,0,1.0,149,22,6.7727272727272725
0,3,1,0,0,6,3,1,1,1,0,0,0,0,3,0,0,0,8.0,73,13,5.615384615384615
0,1,3,0,0,6,0,0,1,0,0,2,0,0,1,0,1,0,2.0,655,132,4.962121212121212
0,4,3,0,0,4,0,0,1,0,0,2,0,0,1,30,0,0,1.0,532,97,5.484536082474227
0,4,7,0,0,1,4,3,0,2,2,2,0,0,1,250,0,0,4.0,68,14,4.857142857142857
1,3,2,0,2,0,1,1,1,0,0,1,1,0,4,0,3,0,3.0,274,53,5.169811320754717
1,60,28,0,0,0,1,1,1,1,0,2,0,1,1,0,1,0,5.0,1392,285,4.88421052631579
1,3,2,0,1,1,4,0,2,1,0,0,0,0,1,0,0,0,1.0,296,61,4.852459016393443
0,3,1,0,2,0,4,3,0,1,0,0,0,0,4,0,0,0,10.0,129,20,6.45
1,2,2,3,1,0,1,0,1,0,0,0,0,0,1,0,8,0,1.0,373,70,5.328571428571428
0,2,3,0,0,4,4,0,1,0,2,2,0,0,1,50,0,0,5.0,735,134,5.485074626865671
1,2,2,3,1,0,0,0,1,0,1,2,1,0,1,0,0,0,1.0,99,16,6.1875
0,4,3,0,0,0,0,0,0,0,0,2,0,0,1,0,3,0,4.0,473,82,5.7682926829268295
1,4,2,0,0,0,0,0,1,0,2,2,0,0,1,0,0,0,1.0,288,57,5.052631578947368
0,9,122,0,0,3,2,0,1,1,1,2,1,0,1,0,0,0,3.0,437,85,5.141176470588236
1,5,2,0,1,0,1,1,1,0,2,0,0,0,1,0,9,0,4.0,322,60,5.366666666666666
0,0,3,0,2,3,0,0,0,0,0,0,0,0,4,0,9,0,1.0,38,8,4.75
1,2,2,0,1,0,1,0,1,0,2,2,0,0,1,80,0,0,9.0,208,37,5.621621621621622
0,1,3,8,0,0,0,0,0,0,0,0,0,0,1,0,0,0,2.0,121,18,6.722222222222222
1,12,2,3,0,0,5,0,1,0,0,2,0,0,1,0,0,0,7.0,880,166,5.301204819277109
0,2,1,0,1,0,1,2,1,1,2,0,0,0,1,20,1,0,3.0,346,61,5.672131147540983
1,24,20,0,1,4,2,0,1,0,2,2,2,0,1,0,0,0,3.0,402,67,6.0
1,4,2,0,0,1,2,0,1,0,2,2,0,0,1,0,0,0,9.0,268,48,5.583333333333333
1,2,2,0,1,1,0,0,1,0,0,0,0,0,1,0,0,0,2.0,175,34,5.147058823529412
0,1,3,0,2,0,0,0,0,0,0,0,0,0,2,0,0,0,8.0,497,94,5.287234042553192
1,2,2,64,1,5,2,0,1,1,0,0,0,0,1,0,1,0,2.0,104,19,5.473684210526316
1,15,2,0,1,0,2,0,1,0,2,2,2,0,1,0,1,0,2.0,122,23,5.304347826086956
1,3,2,0,0,2,2,0,1,0,2,2,0,0,1,0,0,0,1.0,280,51,5.490196078431373
1,1,2,0,2,0,1,1,1,1,0,0,0,0,7,0,0,0,16.0,372,52,7.153846153846154
0,4,0,0,1,0,3,1,0,1,0,0,0,0,1,0,11,0,1.0,196,38,5.157894736842105
0,2,3,0,1,4,2,0,0,0,2,2,0,0,2,115,1,0,13.0,3032,525,5.7752380952380955
1,18,48,3,0,0,1,0,1,0,2,2,2,0,1,0,0,0,2.0,437,91,4.802197802197802
0,24,3,0,1,0,5,1,2,0,0,0,0,0,1,0,1,0,1.0,203,35,5.8
0,24,10,10,1,5,2,0,1,2,1,1,1,1,6,0,0,0,1.0,138,25,5.52
0,4,3,0,2,0,5,0,1,0,0,2,0,0,3,0,1,0,3.0,136,25,5.44
0,3,10,0,1,1,0,0,1,1,2,2,0,1,1,20,0,0,2.0,20,3,6.666666666666667
0,1,4,9,2,0,1,1,0,1,0,0,0,0,3,0,0,0,5.0,591,103,5.737864077669903
1,3,23,33,1,0,2,0,1,1,2,2,0,0,1,0,0,0,9.0,1203,214,5.621495327102804
1,2,2,0,0,4,4,0,1,0,0,2,0,0,1,0,0,0,4.0,261,48,5.4375
1,12,2,0,1,0,0,0,0,0,2,2,2,0,1,80,0,0,4.0,162,28,5.785714285714286
0,2,3,0,1,3,0,0,1,0,0,2,0,0,1,0,0,0,13.0,436,88,4.954545454545454
1,3,2,0,2,1,4,1,1,0,0,0,0,0,4,0,2,0,2.0,67,11,6.090909090909091
1,3,2,0,0,1,2,0,1,1,2,2,0,0,1,0,0,0,3.0,255,53,4.811320754716981
0,48,1,0,1,3,0,0,1,1,2,2,2,0,1,0,0,0,4.0,430,78,5.512820512820513
0,2,3,6,2,0,0,0,1,1,0,0,0,0,4,0,1,0,8.0,107,19,5.631578947368421
1,2,2,0,1,0,1,0,0,0,1,1,0,0,1,0,2,0,4.0,304,62,4.903225806451613
1,1,2,36,1,0,1,0,2,1,2,2,0,0,1,0,0,0,4.0,316,53,5.962264150943396
1,3,2,0,1,1,2,0,1,0,1,1,1,0,1,0,0,0,2.0,72,15,4.8
0,1,3,0,0,0,4,1,0,0,0,0,0,0,1,0,1,0,1.0,26,5,5.2
1,36,2,0,1,1,2,0,1,0,2,0,2,0,1,0,0,0,2.0,318,62,5.129032258064516
1,3,72,0,0,2,2,0,0,1,2,2,0,0,1,500,0,0,8.0,730,139,5.251798561151079
0,2,0,0,2,0,6,1,1,0,0,0,0,0,5,0,11,0,3.0,601,113,5.31858407079646
1,2,33,95,0,0,1,0,1,1,2,2,0,0,1,100,1,0,1.0,1164,205,5.678048780487805
0,3,3,0,1,0,1,1,1,0,2,2,0,0,1,0,1,0,8.0,994,186,5.344086021505376
1,2,2,3,2,2,0,0,1,0,0,0,0,0,6,0,0,0,5.0,475,87,5.459770114942529
0,2,64,44,0,3,2,0,0,1,0,2,0,0,1,0,2,0,2.0,49,9,5.444444444444445
0,12,0,20,0,0,1,3,1,0,2,2,2,0,1,0,1,0,6.0,697,121,5.760330578512397
0,3,10,0,0,2,0,0,1,0,2,2,0,0,1,0,1,0,2.0,105,17,6.176470588235294
0,1,31,0,0,0,0,0,1,1,1,1,1,0,1,0,0,0,3.0,163,32,5.09375
1,2,2,0,1,1,2,0,1,0,2,2,0,0,1,0,0,0,1.0,105,21,5.0
0,6,3,0,0,3,2,0,0,0,2,2,2,0,1,0,1,0,9.0,1012,169,5.988165680473373
1,4,2,0,1,0,1,0,1,1,2,2,0,0,1,0,0,0,4.0,220,42,5.238095238095238
1,9,20,3,1,1,2,0,2,1,2,2,2,0,1,0,1,0,2.0,184,37,4.972972972972973
1,4,2,3,0,1,0,0,1,1,1,1,1,0,1,0,0,0,1.0,292,59,4.9491525423728815
1,4,2,0,2,6,4,0,1,1,2,2,0,0,2,0,5,0,3.0,248,47,5.276595744680851
0,4,4,0,1,0,1,1,2,2,2,2,2,0,1,0,2,0,5.0,89,14,6.357142857142857
1,1,2,0,0,1,0,0,1,1,1,1,0,0,1,0,0,0,4.0,93,18,5.166666666666667
0,9,4,0,0,0,0,0,1,2,0,2,0,1,1,0,1,0,2.0,1613,303,5.323432343234323
0,2,3,0,1,1,0,0,1,0,0,2,0,1,1,0,0,0,5.0,882,166,5.313253012048193
1,2,2,0,1,1,0,0,1,0,2,2,0,0,2,0,1,0,3.0,510,87,5.862068965517241
1,3,2,0,1,1,2,0,1,1,2,2,0,0,1,0,0,0,7.0,209,35,5.9714285714285715
0,12,3,9,0,0,0,0,1,0,2,2,0,0,1,0,1,0,1.0,29,3,9.666666666666666
0,5,3,0,0,0,2,0,1,0,2,2,0,0,1,0,1,0,5.0,298,60,4.966666666666667
1,1,2,0,0,0,2,0,1,0,0,2,0,0,1,0,1,0,5.0,383,66,5.803030303030303
1,48,53,28,1,2,2,0,0,0,1,1,1,0,1,0,0,0,4.0,271,53,5.113207547169812
0,5,10,0,1,3,0,0,2,1,2,2,0,0,1,0,0,0,3.0,787,163,4.828220858895706
0,1,3,0,0,4,2,0,1,1,0,0,0,0,1,0,0,0,6.0,413,75,5.506666666666667
1,12,23,3,1,0,1,5,0,1,2,2,2,0,1,0,0,0,5.0,381,70,5.442857142857143
1,2,2,0,1,0,1,0,1,0,0,0,0,0,1,20,3,0,1.0,141,25,5.64
0,8,3,9,0,0,2,0,1,0,0,0,2,0,1,0,1,0,5.0,192,40,4.8
0,20,61,20,0,0,3,0,2,1,0,0,2,0,1,10,0,0,2.0,332,68,4.882352941176471
0,12,3,0,2,0,1,1,1,0,1,1,1,0,2,0,1,0,2.0,13,3,4.333333333333333
0,3,3,0,0,1,4,1,0,0,0,0,0,1,1,0,0,0,4.0,1571,300,5.236666666666666
0,30,12,0,1,3,0,0,1,1,0,0,0,0,1,0,1,0,1.0,76,14,5.428571428571429
0,1,77,0,2,0,3,1,1,0,0,0,0,0,3,0,0,0,1.0,336,61,5.508196721311475
0,7,3,0,0,2,0,0,1,0,1,1,0,0,1,0,5,0,4.0,16,3,5.333333333333333
1,5,2,0,2,1,4,0,1,1,2,2,0,0,2,0,1,0,5.0,187,31,6.032258064516129
1,6,2,0,1,5,2,0,1,0,1,1,1,0,1,0,0,0,3.0,196,34,5.764705882352941
0,60,7,1,1,1,4,3,2,2,2,2,2,0,1,0,4,0,2.0,77,10,7.7
0,3,3,0,1,0,0,0,1,0,2,0,2,0,1,0,1,1,1.0,1264,247,5.117408906882591
1,15,2,0,1,0,1,1,1,1,2,2,2,0,1,0,0,0,2.0,17,3,5.666666666666667
0,6,3,0,1,6,0,0,0,0,2,2,2,0,1,0,1,0,2.0,189,35,5.4
1,12,2,0,1,1,0,0,1,1,0,2,2,0,1,0,0,0,7.0,434,79,5.493670886075949
0,2,3,0,1,0,1,0,0,0,1,1,1,0,1,0,0,0,2.0,237,47,5.042553191489362
1,7,2,0,1,1,0,0,1,0,1,1,1,0,1,0,1,0,1.0,236,43,5.488372093023256
0,3,3,9,0,4,0,0,1,0,0,2,0,0,1,0,1,0,5.0,255,53,4.811320754716981
1,2,2,0,0,0,4,0,1,0,0,2,0,0,1,0,1,0,2.0,808,150,5.386666666666667
1,4,2,0,1,0,2,0,2,0,2,2,0,0,1,0,3,0,1.0,139,27,5.148148148148148
1,2,2,31,1,0,1,0,2,1,2,2,0,0,1,0,0,0,5.0,300,51,5.882352941176471
0,4,1,0,1,1,6,1,1,1,0,0,0,0,1,0,0,0,3.0,93,11,8.454545454545455
0,1,4,0,0,0,0,0,0,2,0,0,0,0,1,0,1,0,4.0,505,89,5.674157303370786
1,35,51,0,0,1,2,0,0,0,2,2,1,0,1,0,0,0,2.0,840,161,5.217391304347826
1,1,2,0,0,0,1,0,1,1,1,1,1,0,1,0,0,0,5.0,120,20,6.0
0,3,3,0,1,1,3,0,0,0,1,2,1,0,1,30,3,0,8.0,1918,352,5.448863636363637
1,3,2,3,0,0,2,0,1,0,0,0,0,0,1,0,0,0,5.0,211,41,5.146341463414634
0,4,3,0,1,0,2,0,1,0,1,1,0,0,1,100,1,0,1.0,151,22,6.863636363636363
0,6,1,0,0,0,3,1,1,1,2,2,0,0,1,0,0,0,4.0,16,3,5.333333333333333
1,32,34,0,1,1,2,0,0,0,2,2,2,0,1,500,0,0,3.0,61,10,6.1
1,12,2,0,0,2,2,0,1,0,1,1,1,0,1,0,0,0,2.0,40,7,5.714285714285714
0,28,92,0,2,5,2,0,1,0,0,0,0,0,4,0,0,1,4.0,456,83,5.493975903614458
1,1,2,0,1,0,2,0,1,1,0,0,0,0,2,0,5,0,4.0,170,29,5.862068965517241
1,36,2,0,2,0,1,0,2,0,1,1,2,0,2,0,0,0,1.0,149,27,5.518518518518518
0,2,1,6,2,0,1,1,1,1,0,0,0,0,2,0,1,0,4.0,111,20,5.55
0,2,0,9,1,0,1,3,0,1,0,0,0,0,1,0,0,0,0.0,23,6,3.8333333333333335
1,5,2,0,0,1,2,0,1,0,2,2,2,0,1,0,0,0,5.0,252,43,5.8604651162790695
1,1,2,0,1,0,1,2,1,0,1,1,1,0,2,0,3,0,1.0,185,33,5.606060606060606
1,0,5,0,0,1,6,0,0,1,1,1,0,0,1,0,0,0,2.0,21,3,7.0
0,5,7,20,1,0,1,1,1,0,0,0,0,0,1,0,1,0,1.0,91,17,5.352941176470588
0,4,3,0,1,0,3,1,0,1,2,2,0,0,1,0,0,0,6.0,1060,208,5.096153846153846
1,2,14,3,2,0,2,0,1,1,1,1,1,0,3,0,3,0,3.0,529,94,5.627659574468085
0,1,7,0,1,0,2,0,0,1,2,2,0,0,1,0,1,0,1.0,302,60,5.033333333333333
0,3,3,0,1,0,2,0,1,0,0,2,0,0,1,0,0,0,3.0,246,46,5.3478260869565215
0,5,3,0,1,0,1,4,1,0,0,0,0,0,1,0,0,0,6.0,213,37,5.756756756756757
0,48,3,9,0,0,1,1,2,0,2,2,2,0,2,0,1,0,1.0,256,49,5.224489795918367
1,2,2,0,2,0,6,1,1,0,0,0,0,0,6,0,0,0,2.0,99,19,5.2105263157894735
0,2,3,8,1,2,0,0,1,0,0,2,0,0,1,100,0,0,5.0,278,50,5.56
1,3,2,0,1,0,1,1,1,1,0,0,0,0,1,0,8,0,2.0,48,9,5.333333333333333
1,1,2,0,0,0,1,1,1,0,0,0,0,0,3,0,2,0,3.0,383,71,5.394366197183099
1,30,21,35,1,0,6,2,2,2,2,2,2,0,1,0,1,0,6.0,723,149,4.852348993288591
1,3,2,3,1,0,1,5,0,0,1,1,1,0,1,0,1,0,1.0,50,10,5.0
1,1,2,0,1,0,0,0,1,0,0,0,0,0,1,0,0,0,2.0,120,24,5.0
1,24,2,0,1,2,2,0,1,1,2,2,2,0,1,0,0,0,2.0,138,27,5.111111111111111
0,14,4,0,1,0,6,1,1,2,1,2,0,0,1,100,0,0,4.0,686,107,6.411214953271028
1,1,2,0,2,0,1,1,0,1,0,0,0,0,6,0,0,0,5.0,176,31,5.67741935483871
1,36,14,3,1,5,2,0,1,0,2,2,2,0,1,150,0,0,4.0,495,97,5.103092783505154
1,3,2,0,1,1,2,0,1,1,2,2,0,0,1,50,0,0,2.0,127,26,4.884615384615385
0,4,3,0,1,0,0,0,0,0,0,0,0,0,1,0,1,0,3.0,173,35,4.942857142857143
1,3,2,3,1,0,1,0,1,1,2,2,0,0,1,0,0,0,2.0,12,2,6.0
1,36,2,0,0,0,2,0,1,1,1,1,1,0,1,0,1,0,1.0,155,34,4.5588235294117645
0,3,3,10,0,0,3,1,2,0,2,2,0,0,1,0,1,0,1.0,36,6,6.0
1,1,19,0,0,5,2,0,0,0,0,2,0,0,1,0,0,0,1.0,18,3,6.0
0,4,3,0,0,0,5,1,0,0,0,0,0,0,2,0,1,0,7.0,17,3,5.666666666666667
1,1,2,3,1,2,0,0,1,0,0,0,0,0,1,0,0,0,10.0,683,133,5.135338345864661
0,7,59,22,0,1,2,0,1,2,2,2,0,0,1,0,1,0,3.0,435,85,5.117647058823529
1,1,2,0,1,0,2,0,0,0,2,2,1,0,2,50,1,0,1.0,74,13,5.6923076923076925
0,12,1,0,1,1,2,0,1,1,0,2,0,0,1,0,1,0,5.0,445,87,5.114942528735632
1,2,2,0,0,0,0,0,1,1,0,0,0,0,1,0,3,0,5.0,53,7,7.571428571428571
0,2,3,9,2,0,5,1,1,1,0,0,0,0,2,0,3,0,3.0,33,6,5.5
1,12,13,3,0,1,4,0,0,1,1,1,1,0,1,0,1,0,1.0,1566,264,5.931818181818182
1,5,2,0,0,0,0,0,1,0,2,2,0,0,1,0,0,0,1.0,291,54,5.388888888888889
1,2,2,0,1,0,0,0,1,0,0,0,0,0,1,0,0,0,2.0,175,34,5.147058823529412
1,3,2,0,0,1,0,0,1,0,2,2,0,0,2,0,0,0,2.0,1461,258,5.662790697674419
1,2,2,0,0,1,2,0,1,1,0,0,0,1,1,0,0,0,2.0,598,108,5.537037037037037
1,2,8,3,0,0,1,0,2,1,1,1,1,0,1,0,0,0,4.0,303,57,5.315789473684211
0,5,1,0,1,4,0,0,1,1,0,2,0,0,1,150,3,0,5.0,788,140,5.628571428571429
1,2,2,0,1,0,0,0,1,0,0,2,0,0,1,0,0,0,6.0,306,58,5.275862068965517
0,2,12,48,1,0,0,0,0,1,0,0,0,0,1,0,1,0,0.0,111,22,5.045454545454546
1,36,51,0,0,0,1,0,1,0,2,2,1,0,1,0,0,0,2.0,725,132,5.492424242424242
1,2,2,0,1,2,2,0,1,0,0,0,0,0,1,0,0,0,3.0,303,54,5.611111111111111
0,2,3,0,1,0,1,0,1,0,0,0,0,0,1,0,0,0,11.0,864,160,5.4
1,2,2,0,1,0,1,0,1,1,2,2,0,0,1,50,0,0,2.0,138,27,5.111111111111111
1,1,2,3,2,0,1,1,1,0,0,0,0,0,5,0,0,0,11.0,413,77,5.363636363636363
0,3,3,0,1,0,1,4,1,0,0,0,0,0,2,0,0,0,3.0,110,23,4.782608695652174
0,12,3,0,0,4,5,0,0,0,0,2,2,0,1,50,1,0,4.0,890,159,5.59748427672956
0,5,3,0,0,0,1,1,0,0,1,1,1,0,1,0,0,0,9.0,353,71,4.971830985915493
1,60,34,0,0,2,2,0,0,1,1,1,1,0,1,0,0,0,5.0,151,30,5.033333333333333
1,3,2,51,1,0,5,1,1,0,2,2,0,0,2,0,0,0,9.0,326,54,6.037037037037037
0,12,3,0,0,0,3,1,1,1,2,2,0,0,1,0,0,0,1.0,225,42,5.357142857142857
0,10,32,57,1,2,3,1,2,2,2,2,2,0,1,0,0,0,6.0,2481,436,5.690366972477064
0,12,3,0,0,0,0,0,1,0,0,0,0,0,1,0,1,0,4.0,47,9,5.222222222222222
1,4,2,0,1,1,4,0,0,0,2,2,1,0,1,0,1,0,2.0,243,40,6.075
1,2,2,0,2,1,4,1,1,1,0,0,0,0,2,0,0,0,4.0,284,32,8.875
1,27,2,0,1,1,0,0,1,0,2,2,2,0,1,0,0,0,1.0,844,154,5.48051948051948
1,1,110,3,1,0,0,0,1,0,0,0,0,0,1,0,7,0,3.0,179,35,5.114285714285714
1,24,2,39,0,1,0,0,0,1,2,0,2,0,1,0,0,0,7.0,318,60,5.3
0,2,3,26,0,1,2,0,0,0,0,0,0,0,1,0,1,0,3.0,107,21,5.095238095238095
0,16,4,9,2,0,3,1,1,0,0,0,0,0,3,0,0,0,5.0,411,78,5.269230769230769
0,1,12,48,2,6,4,1,0,0,0,2,0,0,7,0,1,0,13.0,606,106,5.716981132075472
1,10,2,3,0,1,0,0,2,0,1,1,2,1,1,0,0,0,5.0,1341,264,5.079545454545454
1,1,2,3,1,0,1,1,1,1,2,2,0,0,1,0,2,0,5.0,120,22,5.454545454545454
1,3,2,0,1,1,0,0,1,0,0,0,0,0,1,0,0,0,5.0,18,3,6.0
1,1,110,3,0,0,0,0,1,0,0,0,0,0,1,0,7,0,4.0,272,49,5.551020408163265
1,2,2,0,1,0,1,1,1,1,0,0,0,0,1,20,3,0,1.0,141,25,5.64
0,4,3,0,0,1,4,3,0,0,2,2,0,0,1,0,0,0,5.0,355,68,5.220588235294118
1,2,2,7,0,1,0,0,1,0,0,2,0,1,1,0,1,0,11.0,927,164,5.652439024390244
1,12,23,3,1,0,2,0,2,1,2,2,0,0,1,0,0,0,2.0,23,4,5.75
1,4,2,0,1,1,2,0,1,0,2,2,2,0,1,0,1,0,5.0,593,115,5.156521739130435
0,1,1,0,2,0,1,1,0,1,0,0,0,0,4,0,0,0,9.0,477,76,6.276315789473684
0,12,3,0,1,5,2,0,1,0,2,2,0,0,7,0,0,0,2.0,227,40,5.675
1,18,5,3,0,2,0,0,1,1,2,2,0,1,1,0,0,0,3.0,256,44,5.818181818181818
1,2,2,0,1,2,2,0,1,1,2,2,0,0,1,0,0,0,5.0,193,34,5.676470588235294
1,4,2,0,1,0,1,0,1,0,2,2,0,0,1,0,0,0,1.0,96,18,5.333333333333333
0,2,1,6,0,5,2,0,1,1,2,2,0,1,1,0,1,0,9.0,380,65,5.846153846153846
0,3,10,9,0,2,0,0,0,0,2,2,0,0,1,0,0,0,1.0,67,11,6.090909090909091
0,4,1,6,2,0,3,0,1,1,0,0,0,0,4,0,0,0,1.0,29,6,4.833333333333333
0,36,3,0,1,1,5,1,1,1,2,2,2,0,1,120,0,0,3.0,107,21,5.095238095238095
0,5,3,0,0,6,4,1,1,0,1,1,1,0,2,0,0,0,5.0,264,47,5.617021276595745
1,10,2,3,0,0,6,1,1,1,2,2,0,0,3,0,0,1,12.0,456,94,4.851063829787234
0,12,3,0,0,0,2,0,1,0,0,2,0,0,1,1,0,0,2.0,169,36,4.694444444444445
0,4,3,0,0,0,0,0,1,0,0,0,0,0,1,0,11,1,5.0,300,54,5.555555555555555
1,1,2,0,2,0,1,1,1,1,0,0,1,0,2,0,0,0,2.0,62,11,5.636363636363637
0,5,3,0,0,4,5,0,1,0,0,0,0,0,1,0,0,0,5.0,377,69,5.463768115942029
1,5,2,0,0,1,2,0,1,0,2,2,0,0,1,0,0,0,4.0,253,45,5.622222222222222
1,5,37,0,1,1,2,0,1,0,2,2,0,0,1,0,0,0,11.0,640,113,5.663716814159292
1,36,2,0,1,0,2,0,1,0,0,0,2,0,1,0,0,0,1.0,202,39,5.17948717948718
0,60,1,0,0,2,3,1,2,1,2,2,2,0,1,0,1,0,8.0,298,64,4.65625
1,8,44,3,1,0,2,0,0,0,2,2,0,0,1,0,2,0,4.0,61,13,4.6923076923076925
1,1,2,0,2,0,1,2,1,1,0,0,0,0,5,0,0,0,11.0,324,43,7.534883720930233
1,96,73,0,1,0,1,2,2,0,1,1,1,0,1,0,5,0,2.0,100,17,5.882352941176471
1,1,2,3,0,1,2,0,1,1,0,2,0,0,1,0,0,0,1.0,14,3,4.666666666666667
0,1,3,0,0,0,0,0,1,0,0,2,0,0,1,0,0,0,6.0,837,151,5.543046357615894
1,3,2,3,0,4,2,0,1,0,2,2,2,0,1,0,0,0,3.0,459,94,4.882978723404255
0,3,10,74,1,2,2,0,0,0,0,2,0,0,1,0,1,0,3.0,195,26,7.5
1,2,2,0,1,0,0,0,1,0,0,2,1,1,1,0,0,0,3.0,613,114,5.37719298245614
0,2,0,26,2,1,6,2,0,0,2,2,0,0,2,0,0,0,5.0,136,20,6.8
1,5,2,0,1,0,0,0,1,2,2,2,0,0,2,1,0,0,2.0,47,9,5.222222222222222
0,17,3,0,2,0,5,2,1,1,0,1,2,0,15,0,1,0,2.0,38,8,4.75
0,24,1,0,1,0,3,1,1,1,2,2,2,0,1,0,1,0,3.0,110,23,4.782608695652174
1,3,2,0,1,0,1,1,1,0,0,0,0,0,1,0,0,1,4.0,783,140,5.5928571428571425
1,2,2,0,1,1,2,0,1,1,1,1,1,0,1,0,6,0,1.0,64,11,5.818181818181818
0,0,1,0,0,0,0,0,1,1,0,0,0,1,1,0,1,0,3.0,424,90,4.711111111111111
1,12,51,50,0,0,1,0,0,1,2,2,1,0,2,0,0,0,2.0,330,59,5.593220338983051
1,1,2,0,1,0,3,0,1,0,0,0,0,0,1,0,1,0,1.0,200,38,5.2631578947368425
1,36,34,0,0,2,0,0,0,1,2,2,2,0,1,200,0,0,4.0,1062,198,5.363636363636363
1,1,2,11,1,0,0,0,1,0,1,1,1,0,1,0,1,0,3.0,185,33,5.606060606060606
1,36,20,3,0,4,2,0,1,1,0,2,2,0,1,0,0,0,2.0,296,61,4.852459016393443
1,4,2,0,1,0,1,0,1,1,0,2,0,0,1,0,0,0,5.0,408,82,4.975609756097561
1,1,2,0,2,0,4,1,1,0,0,0,0,0,4,10,0,0,4.0,313,64,4.890625
1,3,2,31,2,0,1,0,2,1,0,2,0,0,2,0,0,0,6.0,251,39,6.435897435897436
1,4,2,3,0,0,1,4,1,1,2,2,0,0,1,0,0,0,5.0,209,38,5.5
1,2,2,3,2,1,2,0,1,1,0,2,0,0,16,0,0,0,30.0,346,66,5.242424242424242
1,4,23,3,2,0,1,2,1,0,0,2,0,0,2,0,0,0,5.0,280,54,5.185185185185185
1,11,2,0,1,1,4,0,0,0,1,2,0,0,1,0,1,0,6.0,130,24,5.416666666666667
1,2,2,0,1,0,1,1,1,1,2,2,0,0,1,0,0,0,3.0,65,13,5.0
1,2,2,0,0,0,1,1,1,1,0,0,2,0,1,0,0,0,5.0,87,18,4.833333333333333
0,3,3,0,0,0,0,0,0,0,0,2,0,0,1,0,1,0,5.0,455,88,5.170454545454546
0,2,3,0,1,1,5,2,1,0,0,0,0,0,3,0,1,0,4.0,20,4,5.0
0,2,3,26,2,0,1,1,1,0,0,0,0,0,3,0,0,0,2.0,363,58,6.258620689655173
0,1,4,0,1,0,1,1,1,2,0,0,0,0,1,0,0,0,4.0,162,30,5.4
1,9,15,3,0,1,4,1,1,0,2,2,0,0,1,0,1,0,2.0,56,12,4.666666666666667
1,2,2,0,1,1,2,0,1,0,0,0,0,0,1,0,0,0,1.0,295,55,5.363636363636363
1,1,2,0,0,1,0,0,1,1,2,2,0,0,1,0,0,0,5.0,393,69,5.695652173913044
1,5,5,3,1,4,2,0,1,0,2,2,2,0,1,0,0,0,2.0,347,69,5.028985507246377
1,8,2,0,1,0,1,0,1,2,0,2,2,0,1,0,0,0,4.0,566,109,5.192660550458716
0,2,3,0,2,0,1,1,1,0,0,0,0,0,2,0,1,0,4.0,152,27,5.62962962962963
0,2,3,9,0,0,0,0,0,0,0,0,0,0,1,0,1,0,3.0,587,113,5.1946902654867255
1,15,2,0,0,1,5,0,1,0,1,1,1,0,1,0,0,0,4.0,74,14,5.285714285714286
0,3,7,6,0,2,2,0,0,2,0,2,0,0,1,300,0,0,4.0,98,19,5.157894736842105
1,1,2,0,1,0,1,2,1,1,0,2,0,0,3,0,1,0,1.0,57,8,7.125
0,2,3,0,1,0,1,0,0,0,1,1,1,0,1,0,0,0,1.0,167,32,5.21875
0,1,1,0,0,0,1,1,1,1,1,1,2,0,1,0,1,0,5.0,192,39,4.923076923076923
0,8,0,0,0,2,0,0,1,1,0,0,0,0,2,0,0,0,3.0,335,52,6.4423076923076925
0,2,1,0,0,0,2,0,1,1,0,0,1,0,1,0,0,0,1.0,304,59,5.1525423728813555
0,12,36,9,1,0,0,0,1,0,2,2,0,0,1,0,0,0,4.0,245,30,8.166666666666666
1,3,2,0,2,0,1,0,1,1,2,2,1,0,4,0,6,0,1.0,76,14,5.428571428571429
1,3,2,0,0,2,2,0,1,0,2,2,0,0,1,0,1,0,8.0,302,64,4.71875
1,4,2,0,0,0,2,0,0,0,0,0,0,0,1,0,5,0,4.0,142,26,5.461538461538462
1,72,2,90,1,0,1,1,1,2,2,2,2,0,1,0,0,6,24.0,1490,266,5.601503759398496
1,36,33,0,1,1,2,0,0,1,2,2,2,0,1,0,0,0,1.0,585,110,5.318181818181818
0,0,3,0,2,0,1,1,1,0,1,2,2,0,18,0,0,0,21.0,984,189,5.2063492063492065
1,1,2,0,0,1,2,0,1,0,0,0,0,0,1,0,0,0,0.0,262,56,4.678571428571429
1,5,2,0,1,6,0,0,1,1,0,2,0,0,1,0,2,0,3.0,220,47,4.680851063829787
0,60,12,0,1,0,1,2,1,0,0,0,0,0,1,0,1,0,5.0,783,146,5.363013698630137
0,1,3,0,0,5,2,0,1,1,0,2,0,0,1,0,0,0,7.0,527,105,5.019047619047619
0,2,3,0,0,0,2,0,1,0,2,2,0,0,1,0,1,0,5.0,820,160,5.125
1,5,2,0,1,0,0,0,0,0,0,0,0,0,2,0,0,0,3.0,385,71,5.422535211267606
1,60,163,0,1,0,2,0,1,0,1,1,1,0,1,0,1,0,2.0,65,13,5.0
0,3,0,6,1,0,1,2,1,1,0,2,0,0,1,0,0,0,0.0,207,36,5.75
1,5,23,0,0,1,6,0,1,1,2,2,0,0,1,0,0,0,2.0,341,62,5.5
1,2,2,0,1,0,2,0,1,0,0,0,0,0,1,0,0,0,3.0,282,53,5.320754716981132
0,19,1,0,1,0,1,1,1,1,2,2,2,0,1,0,6,0,3.0,129,24,5.375
1,1,2,0,1,2,2,0,1,0,0,0,0,0,1,0,0,0,1.0,534,104,5.134615384615385
0,5,3,0,2,0,5,1,1,0,2,2,2,0,2,0,0,0,3.0,719,135,5.325925925925926
0,3,3,0,0,4,4,0,1,0,2,2,0,0,1,0,0,0,5.0,247,47,5.25531914893617
0,12,10,0,0,3,0,0,1,0,2,2,2,0,1,0,0,0,1.0,116,23,5.043478260869565
0,2,3,0,2,0,1,1,1,0,0,2,0,0,3,0,0,0,3.0,218,39,5.589743589743589
1,4,2,0,1,1,2,0,1,0,2,2,2,0,1,0,0,0,2.0,426,75,5.68
1,1,2,0,0,1,5,0,1,1,0,0,0,0,1,1,0,0,2.0,120,20,6.0
1,60,9,0,0,1,4,1,0,2,2,2,2,0,1,100,0,0,1.0,119,20,5.95
0,7,3,0,1,0,1,1,1,0,2,2,0,0,2,0,0,0,5.0,1062,207,5.130434782608695
0,2,3,0,1,0,3,0,1,0,0,0,0,0,2,0,0,0,0.0,574,108,5.314814814814815
1,5,104,0,0,0,1,0,0,1,2,2,0,0,2,0,1,0,1.0,136,28,4.857142857142857
1,2,2,0,2,0,1,2,1,0,2,2,0,0,5,0,0,0,11.0,608,117,5.196581196581197
0,2,4,0,1,0,6,1,1,2,0,0,0,0,4,0,9,0,5.0,201,38,5.2894736842105265
1,6,2,0,1,0,2,0,1,0,2,2,2,0,1,0,0,0,15.0,320,65,4.923076923076923
1,1,2,0,0,1,0,0,1,1,0,0,0,0,1,0,1,0,12.0,95,16,5.9375
1,12,114,3,1,1,4,0,1,0,1,1,1,0,1,0,1,0,2.0,224,37,6.054054054054054
0,2,3,0,0,1,2,0,0,0,0,0,0,0,1,0,0,0,2.0,36,8,4.5
1,72,23,0,1,0,1,5,2,2,2,2,0,0,1,0,2,0,4.0,441,84,5.25
1,3,2,0,1,0,2,0,1,0,0,2,0,0,1,0,0,0,2.0,333,58,5.741379310344827
1,9,25,3,1,0,1,0,1,0,2,2,2,0,1,0,0,0,2.0,238,43,5.534883720930233
1,24,6,0,1,1,0,0,2,0,1,1,1,0,1,0,1,0,3.0,32,8,4.0
0,3,1,0,1,3,0,0,1,1,0,0,0,0,1,0,0,0,6.0,24,4,6.0
0,2,3,9,1,0,3,1,0,0,0,0,0,0,3,0,1,0,4.0,174,34,5.117647058823529
1,2,2,0,0,6,2,0,1,0,0,2,0,0,1,0,1,0,2.0,132,23,5.739130434782608
0,2,3,0,0,0,2,0,1,0,2,2,2,0,1,100,0,0,3.0,373,68,5.485294117647059
0,2,3,9,2,0,3,0,0,0,0,0,1,0,2,0,1,0,5.0,719,132,5.446969696969697
0,1,3,0,2,0,1,3,1,0,0,2,0,0,4,0,1,0,3.0,448,87,5.149425287356322
1,6,2,0,1,1,2,0,1,0,0,0,0,1,1,0,1,0,5.0,824,159,5.182389937106918
1,36,2,0,0,0,1,1,1,1,1,1,2,0,1,0,0,0,5.0,711,146,4.86986301369863
1,4,2,0,2,1,2,0,1,0,0,0,0,0,5,0,0,0,5.0,175,29,6.0344827586206895
1,60,9,0,0,2,2,0,0,2,1,1,0,0,1,0,1,0,2.0,173,34,5.088235294117647
1,2,14,3,0,0,2,0,2,1,1,2,1,0,1,0,1,0,3.0,636,130,4.892307692307693
0,6,3,0,0,3,2,0,1,1,2,1,2,0,1,0,0,0,1.0,229,42,5.4523809523809526
0,2,3,0,2,0,1,1,1,0,0,0,0,0,5,0,0,0,4.0,302,57,5.298245614035087
0,55,3,0,1,0,5,1,2,0,2,2,2,0,3,0,0,0,6.0,625,112,5.580357142857143
0,6,64,0,0,0,1,3,1,0,1,1,0,0,1,0,0,0,5.0,179,32,5.59375
0,8,3,0,0,1,3,0,1,0,1,1,1,0,1,0,0,0,2.0,63,13,4.846153846153846
1,2,2,0,1,0,1,0,0,1,2,2,0,0,1,0,0,0,4.0,517,102,5.068627450980392
0,2,3,0,0,0,0,0,0,0,1,1,1,0,1,0,0,0,5.0,101,20,5.05
1,21,2,113,1,6,4,0,1,1,2,0,0,0,1,0,0,0,2.0,359,76,4.723684210526316
0,2,3,9,1,0,0,0,1,0,0,2,0,0,1,0,0,0,11.0,297,54,5.5
0,1,3,26,1,0,1,3,0,0,0,2,0,1,1,0,1,0,16.0,1752,344,5.093023255813954
1,24,2,0,1,0,2,0,1,1,2,2,0,0,1,0,1,0,2.0,52,10,5.2
1,2,2,3,0,0,1,1,1,1,0,2,0,0,1,0,0,0,4.0,12,2,6.0
0,26,1,0,1,1,4,1,2,1,0,2,0,0,1,10,4,0,2.0,428,75,5.706666666666667
1,8,2,0,1,0,1,0,1,0,2,2,2,0,1,0,1,0,3.0,36,6,6.0
1,2,41,36,1,1,2,0,1,0,2,2,0,0,1,0,0,0,3.0,184,33,5.575757575757576
0,24,3,0,1,5,2,0,1,1,2,2,2,0,1,0,0,0,0.0,206,43,4.790697674418604
0,60,7,9,0,4,4,1,1,2,2,2,2,2,1,0,1,0,14.0,672,128,5.25
0,2,3,0,1,1,3,1,1,0,0,0,0,0,1,0,1,0,1.0,361,68,5.3088235294117645
1,1,2,0,0,0,2,0,1,0,0,2,0,0,4,0,0,0,7.0,513,90,5.7
1,11,8,0,1,0,1,0,2,0,2,2,2,0,1,400,0,0,7.0,1625,290,5.603448275862069
0,1,3,0,1,1,0,0,0,0,0,2,0,0,1,0,3,0,1.0,296,54,5.481481481481482
0,10,36,0,0,0,6,0,0,0,2,2,2,0,1,0,3,0,3.0,356,60,5.933333333333334
1,2,2,3,1,0,1,0,2,0,0,2,0,0,1,50,9,0,4.0,229,45,5.088888888888889
0,2,3,0,1,0,2,0,0,0,0,0,0,0,1,0,1,0,3.0,168,34,4.9411764705882355
1,1,2,0,0,1,2,0,1,0,0,0,0,0,1,0,0,0,1.0,562,111,5.063063063063063
1,2,2,0,1,0,4,1,1,0,0,0,0,0,1,0,2,1,7.0,1239,230,5.386956521739131
0,6,1,0,0,0,0,0,1,1,1,1,1,0,1,0,0,0,2.0,180,40,4.5
1,1,2,0,2,1,4,1,1,0,0,2,0,0,2,0,0,0,23.0,994,181,5.49171270718232
0,3,3,0,1,5,2,0,1,1,2,2,0,0,1,0,0,0,3.0,26,5,5.2
1,36,2,0,0,0,0,0,1,0,2,2,2,0,1,0,3,0,4.0,650,126,5.158730158730159
1,3,2,0,0,1,0,0,1,1,2,2,0,0,1,0,0,0,2.0,63,10,6.3
1,5,2,0,1,0,2,0,1,0,2,2,2,0,1,0,9,0,1.0,96,20,4.8
1,2,2,0,1,2,2,0,1,0,1,1,0,0,1,0,0,0,3.0,134,27,4.962962962962963
0,3,4,0,0,0,3,1,2,2,0,2,0,0,1,50,0,0,2.0,375,77,4.87012987012987
1,11,2,7,1,4,2,0,1,0,2,2,2,0,1,0,0,0,9.0,377,69,5.463768115942029
1,2,2,0,1,0,2,0,1,0,0,0,0,0,1,0,0,0,5.0,441,78,5.653846153846154
1,12,25,3,0,0,1,0,1,0,1,1,1,0,2,0,0,0,3.0,339,60,5.65
0,2,3,0,0,6,0,0,1,0,0,0,0,0,1,0,0,0,2.0,163,26,6.269230769230769
0,2,3,0,0,4,2,0,1,0,0,2,0,0,1,0,0,1,7.0,340,69,4.927536231884058
1,30,2,3,0,1,2,0,1,0,1,1,1,0,1,20,0,0,1.0,161,32,5.03125
1,9,2,0,1,2,2,0,1,0,2,2,2,0,1,0,2,0,4.0,488,94,5.191489361702128
0,4,7,9,2,0,1,3,1,1,0,0,0,0,6,0,0,0,12.0,490,99,4.94949494949495
1,1,2,3,1,0,1,2,0,0,0,2,1,0,2,0,0,0,2.0,254,42,6.0476190476190474
0,2,3,0,0,4,2,0,1,0,2,2,2,0,1,0,0,0,8.0,348,72,4.833333333333333
0,3,3,0,1,0,1,1,1,1,2,2,0,0,1,0,0,0,2.0,656,132,4.96969696969697
0,1,3,0,1,0,1,5,1,0,1,2,0,0,1,0,0,0,2.0,548,98,5.591836734693878
0,6,4,57,0,1,5,2,1,2,1,1,0,0,1,150,0,0,1.0,812,161,5.043478260869565
1,2,2,0,1,0,1,1,1,0,1,1,0,0,1,0,0,0,1.0,76,13,5.846153846153846
1,3,2,0,1,0,0,0,1,1,2,2,0,0,1,0,0,1,8.0,520,96,5.416666666666667
1,2,2,0,1,2,2,0,1,0,0,2,0,0,1,0,7,0,7.0,798,158,5.050632911392405
0,0,3,0,2,0,4,1,1,1,0,0,0,0,4,0,0,0,3.0,295,58,5.086206896551724
0,9,3,0,1,1,0,0,1,0,0,0,0,0,1,0,1,0,1.0,325,62,5.241935483870968
1,2,2,0,1,0,6,0,1,1,0,0,0,0,1,0,0,0,3.0,332,66,5.03030303030303
1,3,2,0,1,0,2,0,0,0,0,0,0,0,1,0,0,0,1.0,199,40,4.975
0,48,1,9,1,0,1,5,1,1,2,2,2,0,2,0,0,0,3.0,179,31,5.774193548387097
1,12,2,0,1,5,2,0,1,0,2,2,2,0,1,0,0,0,1.0,290,56,5.178571428571429
1,1,2,0,1,1,4,1,0,0,0,2,0,0,1,30,1,0,7.0,232,41,5.658536585365853
1,7,2,0,1,0,1,0,0,0,2,2,2,0,1,0,0,0,1.0,403,75,5.373333333333333
0,0,3,0,2,0,1,1,1,0,0,0,0,0,5,0,1,0,1.0,136,29,4.689655172413793
0,17,1,0,2,0,5,1,2,1,2,2,2,0,2,0,0,0,7.0,383,69,5.550724637681159
1,4,2,11,1,0,2,0,1,0,2,2,2,0,1,0,1,0,2.0,527,102,5.166666666666667
0,3,1,0,0,5,2,0,1,1,0,0,0,0,1,0,1,0,5.0,182,36,5.055555555555555
1,2,2,0,0,1,2,0,1,1,0,2,0,0,1,0,1,0,5.0,237,45,5.266666666666667
1,2,2,0,2,0,0,0,1,0,0,2,1,0,2,0,0,0,5.0,405,69,5.869565217391305
0,3,26,8,1,6,4,1,1,0,2,2,0,0,1,0,0,2,9.0,375,71,5.28169014084507
0,1,3,9,2,0,6,3,1,0,0,2,0,0,3,0,1,0,11.0,504,94,5.361702127659575
1,2,2,0,1,0,2,0,1,0,2,2,0,0,1,0,0,0,3.0,757,131,5.778625954198473
0,5,3,0,0,0,2,0,0,0,0,0,0,0,1,0,0,0,0.0,112,21,5.333333333333333
1,1,2,0,1,1,2,0,1,1,0,0,0,0,1,0,3,0,1.0,105,15,7.0
1,2,2,53,1,0,5,1,1,0,0,2,0,0,1,0,1,0,3.0,454,81,5.604938271604938
1,1,2,3,2,0,1,0,1,0,0,0,0,0,7,0,2,0,4.0,424,72,5.888888888888889
0,3,4,0,2,0,5,1,1,2,0,0,0,0,4,0,1,0,1.0,378,69,5.478260869565218
1,48,2,3,0,0,1,0,1,1,2,2,2,0,1,0,0,0,2.0,94,20,4.7
0,2,3,26,1,0,3,0,0,1,0,0,0,0,1,0,0,0,5.0,360,67,5.373134328358209
0,17,78,9,0,0,1,0,1,0,2,2,2,0,1,0,0,0,1.0,149,29,5.137931034482759
0,2,3,77,1,0,0,0,0,0,0,2,0,0,1,0,0,0,4.0,114,18,6.333333333333333
1,2,2,3,1,0,1,1,2,0,1,1,1,0,3,0,0,0,1.0,384,71,5.408450704225352
1,1,2,0,2,0,1,1,1,1,0,0,0,0,4,0,0,0,12.0,238,45,5.288888888888889
1,14,2,0,1,0,2,0,1,0,2,2,2,0,1,0,1,1,2.0,805,158,5.094936708860759
0,8,3,0,1,2,2,0,1,0,0,0,0,0,2,0,1,0,6.0,705,134,5.2611940298507465
1,12,19,3,0,1,2,0,0,0,2,2,0,0,1,0,1,0,4.0,574,119,4.823529411764706
1,6,2,0,1,1,0,0,1,0,2,2,2,2,1,0,1,0,6.0,794,150,5.293333333333333
0,3,3,0,2,0,4,1,1,0,0,2,0,0,4,0,1,0,6.0,73,14,5.214285714285714
1,2,2,0,1,0,1,1,1,1,2,0,0,0,1,40,3,0,1.0,516,90,5.733333333333333
1,2,2,0,0,0,1,1,1,0,0,0,0,0,1,0,0,0,3.0,436,78,5.589743589743589
0,12,1,0,0,0,0,0,1,1,2,2,2,0,1,0,9,0,3.0,80,15,5.333333333333333
1,24,2,0,0,2,0,0,1,0,1,1,1,0,1,0,5,0,4.0,345,65,5.3076923076923075
1,1,2,0,1,6,2,0,1,1,0,0,0,0,2,0,1,2,6.0,165,33,5.0
1,9,2,0,0,1,6,0,1,1,2,1,0,0,1,0,0,0,3.0,633,115,5.504347826086956
0,3,3,0,1,3,0,0,0,0,0,0,0,0,1,0,9,0,1.0,103,15,6.866666666666666
1,2,2,0,0,2,0,0,1,0,0,0,0,0,1,5,3,0,4.0,125,13,9.615384615384615
1,48,8,0,1,0,1,5,2,1,2,2,0,0,1,0,2,0,1.0,456,85,5.364705882352941
0,6,1,0,0,5,2,0,1,1,0,0,0,0,1,0,3,0,4.0,195,41,4.7560975609756095
1,6,13,2,1,0,1,1,1,1,2,2,0,0,2,1,0,0,7.0,47,8,5.875
1,108,34,0,1,5,2,0,0,2,2,2,2,0,1,200,0,0,3.0,535,100,5.35
0,1,0,0,0,0,0,0,0,1,0,0,0,0,1,0,0,0,5.0,382,64,5.96875
0,2,3,0,0,4,4,0,1,0,0,2,0,0,1,0,1,0,10.0,49,7,7.0
0,3,3,6,2,2,3,0,0,1,0,0,0,0,5,0,1,0,1.0,122,22,5.545454545454546
1,24,28,0,0,1,4,1,1,0,2,2,2,0,1,0,1,0,1.0,151,32,4.71875
1,2,2,7,1,0,1,0,0,0,0,0,0,0,1,0,0,0,4.0,125,24,5.208333333333333
1,60,13,83,0,4,4,0,1,1,2,2,0,0,1,0,1,0,5.0,437,96,4.552083333333333
0,4,46,0,1,1,5,1,0,0,0,2,0,1,1,0,0,0,1.0,209,36,5.805555555555555
1,53,83,0,0,5,2,0,0,2,2,2,2,0,1,100,0,0,4.0,573,115,4.982608695652174
1,3,2,0,1,0,1,0,1,0,2,2,0,0,1,0,0,0,3.0,266,54,4.925925925925926
0,4,3,0,1,3,2,0,1,0,0,0,0,0,1,50,0,0,6.0,211,43,4.906976744186046
1,64,9,0,1,1,2,0,1,1,1,1,1,0,1,250,0,0,0.0,472,96,4.916666666666667
0,2,3,0,2,4,0,0,0,0,0,0,0,0,3,0,1,0,13.0,299,54,5.537037037037037
0,2,10,6,0,1,4,3,1,1,0,1,0,0,1,20,0,0,3.0,633,112,5.651785714285714
1,24,2,0,0,1,2,0,1,1,2,2,2,0,1,0,1,0,3.0,527,92,5.728260869565218
0,2,1,0,2,0,5,0,1,1,0,1,1,0,2,0,0,0,3.0,311,60,5.183333333333334
1,36,5,3,1,1,0,0,1,1,0,2,2,0,1,0,0,0,7.0,471,88,5.3522727272727275
0,4,1,0,0,0,2,0,0,1,0,2,0,0,1,0,0,0,1.0,328,55,5.963636363636364
0,18,7,0,0,5,2,0,2,2,2,2,2,0,1,400,0,0,1.0,116,18,6.444444444444445
1,2,2,3,0,2,2,0,1,1,0,2,0,0,1,0,3,0,3.0,565,107,5.280373831775701
0,1,10,26,0,1,4,1,0,0,2,2,0,0,1,0,0,0,4.0,277,53,5.226415094339623
0,12,1,0,1,5,2,0,1,1,1,1,1,0,1,0,6,0,1.0,10,2,5.0
1,3,2,3,0,2,2,0,1,0,1,1,1,0,1,0,0,0,2.0,384,74,5.1891891891891895
0,1,3,0,0,6,0,0,0,0,0,2,0,0,1,0,0,0,4.0,76,12,6.333333333333333
1,2,2,0,1,1,4,1,1,0,0,0,0,0,1,0,0,0,3.0,432,80,5.4
0,3,26,23,1,1,0,0,0,0,0,0,1,0,2,0,0,0,4.0,3,1,3.0
1,48,2,0,0,0,1,0,2,0,1,1,0,1,1,0,0,0,2.0,448,86,5.209302325581396
0,4,7,9,0,2,0,0,0,0,2,2,0,0,1,250,0,0,4.0,900,164,5.487804878048781
1,12,14,0,0,0,0,0,2,0,1,1,0,0,1,0,0,0,6.0,355,67,5.298507462686567
0,5,3,0,0,0,2,0,0,1,2,2,0,0,1,0,1,0,3.0,268,48,5.583333333333333
0,2,3,0,2,0,1,1,0,0,2,2,0,0,2,0,0,0,2.0,658,126,5.222222222222222
1,1,2,0,1,0,4,1,1,0,0,0,0,0,6,0,0,0,1.0,32,5,6.4
1,20,83,7,1,5,2,0,0,1,2,2,2,0,1,400,0,0,2.0,185,39,4.743589743589744
0,3,4,0,0,0,0,0,1,2,0,2,0,0,1,0,0,0,5.0,314,56,5.607142857142857
1,52,69,0,0,0,1,1,1,0,2,2,2,0,1,0,0,0,4.0,790,152,5.197368421052632
0,3,1,0,1,3,0,0,1,1,2,2,0,0,1,0,0,0,1.0,49,11,4.454545454545454
1,1,2,0,1,0,1,0,1,0,0,0,0,0,1,0,0,0,4.0,180,31,5.806451612903226
0,5,4,6,1,6,2,0,2,2,0,0,0,0,1,0,1,0,5.0,14,3,4.666666666666667
1,36,2,3,0,1,0,0,1,0,1,1,1,0,2,0,0,0,1.0,54,11,4.909090909090909
0,8,3,0,1,0,1,1,0,0,0,0,0,0,1,0,0,0,5.0,154,27,5.703703703703703
0,3,30,0,0,6,0,0,1,0,2,2,0,0,1,0,1,0,5.0,547,93,5.881720430107527
1,6,8,0,0,0,6,0,2,0,2,2,2,0,1,0,1,0,4.0,525,102,5.147058823529412
1,1,2,0,1,1,0,0,1,0,0,0,0,0,1,0,5,0,1.0,165,30,5.5
0,4,105,0,0,0,2,0,0,1,0,2,2,0,1,0,0,0,1.0,200,31,6.451612903225806
1,36,34,0,1,2,2,0,0,2,1,1,0,0,1,0,0,0,0.0,225,51,4.411764705882353
1,1,2,0,0,0,1,1,1,1,0,0,0,0,1,0,3,0,1.0,133,20,6.65
1,18,80,56,1,1,0,0,1,1,0,2,0,0,1,0,1,0,3.0,410,85,4.823529411764706
0,25,10,8,0,1,2,0,2,0,2,2,2,0,1,0,0,0,1.0,3,1,3.0
0,12,3,0,0,0,0,0,2,0,2,2,2,0,1,0,1,0,2.0,339,59,5.745762711864407
1,2,2,3,1,1,0,0,1,1,0,0,0,0,1,0,0,0,5.0,12,2,6.0
0,8,1,0,1,1,5,0,1,1,1,1,2,0,1,0,0,0,3.0,56,5,11.2
1,24,25,0,1,1,2,0,3,0,2,2,2,0,1,0,0,0,2.0,425,75,5.666666666666667
1,72,34,0,0,1,4,0,0,1,2,2,2,0,1,200,0,0,2.0,951,183,5.19672131147541
0,72,3,0,1,0,0,0,1,1,2,2,2,0,1,250,5,0,10.0,1715,289,5.9342560553633215
0,2,1,44,1,4,0,0,1,1,0,2,0,0,1,50,3,0,2.0,664,115,5.773913043478261
0,24,3,0,1,0,1,1,1,0,0,2,0,0,1,0,0,0,5.0,354,53,6.679245283018868
1,1,5,84,2,0,1,2,1,1,0,0,0,0,4,250,1,0,3.0,315,56,5.625
1,12,48,0,1,1,2,0,0,0,2,2,0,0,1,250,0,0,1.0,220,39,5.641025641025641
1,1,2,0,0,0,0,0,1,0,0,0,0,0,1,0,2,0,1.0,651,122,5.336065573770492
1,1,2,0,1,0,1,3,1,1,0,0,0,0,2,0,3,0,5.0,437,68,6.426470588235294
1,7,2,3,0,0,0,0,1,0,2,2,2,0,1,0,1,0,1.0,30,5,6.0
1,3,2,0,2,1,6,0,1,0,2,2,0,0,3,0,0,0,3.0,220,35,6.285714285714286
1,2,2,0,2,0,4,1,1,0,0,1,0,0,8,0,1,0,1.0,297,57,5.2105263157894735
0,1,0,16,1,4,0,0,0,0,0,0,0,0,1,0,0,0,9.0,689,126,5.468253968253968
0,2,3,0,1,4,0,0,1,0,0,0,0,0,1,0,0,0,7.0,658,117,5.6239316239316235
0,1,0,0,2,1,4,3,1,1,2,2,2,0,3,50,0,0,5.0,578,103,5.611650485436893
1,1,2,0,1,1,2,0,1,0,0,0,0,0,1,0,9,0,6.0,18,3,6.0
1,7,2,0,2,1,4,0,1,0,0,2,2,0,2,0,0,0,2.0,436,86,5.069767441860465
0,18,4,0,0,3,0,0,1,2,2,2,2,0,1,500,2,0,0.0,1332,246,5.414634146341464
1,6,2,0,1,1,2,0,1,0,0,0,0,0,1,0,1,0,1.0,142,33,4.303030303030303
0,3,3,9,1,0,1,1,1,1,0,2,0,0,3,100,0,0,3.0,423,79,5.3544303797468356
0,3,3,0,1,5,2,0,0,0,0,0,0,0,1,0,3,0,3.0,15,3,5.0
0,5,3,1,0,0,0,0,1,0,0,0,2,0,1,0,0,0,5.0,113,22,5.136363636363637
1,2,2,0,0,0,0,0,1,1,0,2,0,0,1,0,3,0,1.0,122,19,6.421052631578948
0,12,31,0,0,0,0,0,0,0,1,1,1,1,1,0,1,0,1.0,352,76,4.631578947368421
0,7,3,0,1,0,5,1,1,0,0,2,0,0,1,0,0,0,2.0,189,37,5.108108108108108
1,48,144,0,1,1,2,0,0,2,2,2,2,1,1,250,1,0,2.0,127,24,5.291666666666667
1,3,2,0,1,0,0,0,1,0,2,2,0,0,2,100,0,0,2.0,351,62,5.661290322580645
1,3,148,0,1,0,5,1,0,0,1,1,1,0,1,0,0,0,4.0,255,47,5.425531914893617
1,9,2,0,1,1,4,1,1,0,2,2,2,0,1,0,0,0,11.0,77,16,4.8125
0,3,3,0,0,0,2,0,0,0,0,0,0,0,2,0,1,0,2.0,210,34,6.176470588235294
0,2,3,0,1,0,1,1,1,0,0,0,0,0,1,0,0,0,2.0,168,35,4.8
1,1,2,0,1,5,2,0,0,0,0,2,0,0,2,0,0,0,2.0,200,37,5.405405405405405
1,2,2,0,0,0,2,0,1,0,0,0,0,0,1,0,0,0,7.0,609,112,5.4375
1,3,2,0,1,0,1,0,1,0,0,0,0,0,1,0,1,0,1.0,39,9,4.333333333333333
1,18,2,0,0,1,2,0,1,1,1,2,1,0,1,0,1,0,5.0,283,52,5.4423076923076925
0,3,3,0,0,1,3,0,0,0,0,0,0,0,1,0,1,0,6.0,330,62,5.32258064516129
0,1,3,0,1,0,1,5,1,0,0,0,0,0,1,0,0,0,6.0,326,65,5.015384615384615
0,1,24,0,1,0,1,1,0,1,0,0,0,0,1,0,0,1,3.0,171,31,5.516129032258065
0,6,4,0,1,4,2,0,2,2,2,2,0,0,1,100,1,0,1.0,63,13,4.846153846153846
0,2,31,0,0,0,0,0,1,1,0,2,1,0,1,0,0,0,1.0,161,26,6.1923076923076925
1,2,2,0,2,0,1,1,1,0,0,0,0,0,6,0,1,0,1.0,276,50,5.52
0,3,1,0,1,6,0,0,1,1,0,0,0,0,1,50,0,0,3.0,154,24,6.416666666666667
0,2,3,0,0,4,4,0,0,0,1,2,1,0,1,0,1,0,5.0,1550,311,4.983922829581994
1,12,98,0,1,1,6,0,0,1,2,2,2,0,1,0,1,0,4.0,488,95,5.136842105263158
1,24,2,0,0,2,0,0,1,0,2,2,0,0,1,0,1,0,2.0,445,82,5.426829268292683
0,4,3,0,1,4,5,1,0,0,0,0,0,0,1,0,1,0,1.0,266,52,5.115384615384615
0,5,3,0,0,0,0,0,1,0,0,2,0,0,1,0,1,0,2.0,1201,229,5.244541484716157
1,72,11,0,0,1,0,0,1,0,2,2,2,0,1,250,1,0,1.0,1322,244,5.418032786885246
0,12,1,0,1,0,1,1,1,1,1,1,0,0,2,0,1,0,8.0,714,134,5.3283582089552235
1,5,2,0,1,4,4,0,1,0,2,2,2,0,1,0,0,0,4.0,332,62,5.354838709677419
0,4,1,0,1,0,0,0,0,1,1,1,0,0,1,50,0,0,3.0,75,13,5.769230769230769
1,2,2,0,0,1,2,0,1,0,2,2,0,0,1,0,0,0,8.0,565,108,5.231481481481482
1,1,2,80,1,1,2,0,1,0,2,2,0,0,1,350,5,0,5.0,514,97,5.298969072164948
0,2,10,8,2,0,0,0,1,1,0,0,0,0,2,0,0,0,5.0,471,79,5.962025316455696
1,2,2,0,1,0,1,0,1,0,2,2,0,0,1,0,1,0,28.0,298,56,5.321428571428571
1,4,2,3,0,1,0,0,1,0,0,0,0,0,1,0,1,0,3.0,86,14,6.142857142857143
1,36,13,53,0,0,4,1,1,2,2,2,2,0,1,0,0,0,2.0,335,42,7.976190476190476
1,1,2,3,1,6,2,0,1,0,0,0,0,0,1,0,3,0,1.0,115,23,5.0
1,2,2,0,1,0,1,0,1,0,1,1,0,0,1,0,0,0,1.0,123,21,5.857142857142857
1,12,2,0,1,2,0,0,1,0,0,0,2,0,1,0,0,0,8.0,453,81,5.592592592592593
1,9,2,0,0,0,2,0,1,1,1,1,2,0,1,0,0,0,5.0,399,78,5.115384615384615
0,48,3,0,1,0,1,4,1,0,2,2,2,0,1,0,0,0,1.0,228,45,5.066666666666666
0,3,1,0,2,0,6,1,0,1,2,2,0,0,5,0,0,0,8.0,493,104,4.740384615384615
1,4,2,3,1,1,0,0,1,0,0,0,0,0,1,0,1,0,3.0,118,21,5.619047619047619
1,120,16,0,1,4,3,0,0,1,1,1,1,0,1,0,0,0,1.0,207,37,5.594594594594595
1,2,14,0,0,0,1,1,1,1,1,2,1,1,1,150,1,0,4.0,732,107,6.841121495327103
1,2,2,0,1,1,2,0,1,0,2,2,1,0,1,0,0,0,4.0,130,26,5.0
0,5,3,0,0,1,0,0,1,0,0,0,0,0,1,0,1,0,1.0,49,9,5.444444444444445
1,3,2,0,2,0,1,5,1,0,2,2,0,0,3,15,0,0,8.0,311,60,5.183333333333334
1,2,2,0,1,0,1,0,1,0,0,0,0,0,4,0,1,0,3.0,156,32,4.875
1,4,2,0,0,5,2,0,1,1,2,2,0,0,1,0,0,0,3.0,643,125,5.144
0,3,1,0,0,3,2,0,0,1,0,0,0,0,1,0,1,0,1.0,383,66,5.803030303030303
1,1,2,7,1,0,1,1,1,0,0,0,0,0,1,0,0,0,3.0,279,51,5.470588235294118
0,8,3,20,2,0,1,1,1,0,2,2,0,0,6,0,1,0,6.0,590,108,5.462962962962963
0,3,3,0,0,0,0,0,1,0,2,2,1,0,1,0,0,0,6.0,150,28,5.357142857142857
0,2,1,0,1,3,0,0,1,1,2,2,0,0,2,0,1,0,4.0,1109,206,5.383495145631068
0,1,1,0,2,0,3,1,1,1,0,0,0,0,3,0,9,1,4.0,518,95,5.4526315789473685
1,1,2,0,1,0,0,0,1,1,0,0,0,0,1,0,0,0,6.0,372,69,5.391304347826087
0,3,1,6,1,0,3,1,0,1,0,2,2,0,3,0,5,0,9.0,347,12,28.916666666666668
1,2,2,0,1,5,2,0,1,0,0,0,0,0,1,20,3,0,1.0,117,20,5.85
1,36,28,0,1,0,1,0,1,0,2,2,2,0,1,250,0,0,3.0,297,56,5.303571428571429
0,1,3,9,1,0,5,1,1,0,0,0,0,0,2,0,3,0,3.0,131,25,5.24
0,4,93,0,0,0,0,0,1,1,0,0,0,0,1,0,0,0,3.0,556,108,5.148148148148148
1,60,2,0,0,4,2,0,1,1,2,2,2,0,1,0,0,1,4.0,680,131,5.190839694656488
0,1,3,0,2,0,5,1,0,0,2,2,2,0,16,0,1,0,1.0,162,33,4.909090909090909
0,3,3,0,1,2,2,0,1,0,2,2,0,0,2,0,0,0,3.0,917,176,5.2102272727272725
0,2,3,8,1,0,0,0,1,0,0,0,0,0,1,0,8,0,1.0,42,10,4.2
0,3,64,16,0,3,0,0,1,1,0,2,0,0,1,0,0,0,5.0,1563,269,5.810408921933085
0,12,1,0,1,4,2,0,1,1,0,0,0,0,1,0,5,0,3.0,400,86,4.651162790697675
0,9,3,0,1,6,0,0,0,0,2,2,2,0,1,0,5,0,3.0,133,18,7.388888888888889
1,1,2,3,1,1,2,0,1,0,0,0,0,0,1,0,0,2,14.0,55,11,5.0
0,4,94,130,1,0,1,0,1,2,0,0,0,0,1,0,0,0,3.0,573,108,5.305555555555555
0,16,3,0,1,1,2,0,1,0,2,1,1,0,4,0,0,0,4.0,41,8,5.125
1,7,2,0,0,2,0,0,1,0,2,2,2,0,1,0,0,1,1.0,230,45,5.111111111111111
1,4,2,0,1,0,0,0,1,1,2,2,0,0,1,0,1,0,1.0,105,18,5.833333333333333
0,24,10,9,1,5,2,0,0,0,2,2,2,0,1,120,5,1,8.0,453,77,5.883116883116883
0,12,3,0,1,1,2,0,1,0,1,1,2,0,1,0,5,0,2.0,67,12,5.583333333333333
1,1,2,0,1,1,2,0,1,0,2,2,2,0,1,0,0,0,2.0,281,52,5.403846153846154
1,2,2,0,1,1,4,1,1,1,0,0,0,0,1,0,2,1,4.0,991,187,5.2994652406417115
1,2,2,0,1,1,2,0,0,1,1,1,1,0,3,0,5,0,5.0,65,10,6.5
1,48,83,0,1,2,0,0,0,2,2,2,1,0,1,299,0,0,2.0,268,54,4.962962962962963
0,1,3,9,2,6,3,1,1,0,0,0,0,0,2,0,1,0,5.0,155,26,5.961538461538462
0,1,1,0,1,0,0,0,0,0,0,0,0,0,1,0,1,0,3.0,112,21,5.333333333333333
0,3,3,0,0,0,0,0,0,0,0,0,0,0,2,0,0,0,23.0,871,173,5.034682080924855
1,2,2,0,0,2,2,0,1,1,1,1,1,0,1,0,6,0,1.0,64,11,5.818181818181818
0,4,3,0,0,3,2,0,1,1,0,0,0,0,1,0,0,0,1.0,65,11,5.909090909090909
0,5,1,26,1,2,0,0,1,1,0,2,0,0,1,0,0,0,5.0,112,17,6.588235294117647
0,7,3,0,1,2,0,0,0,0,2,2,2,0,1,30,0,0,4.0,71,12,5.916666666666667
0,3,3,0,2,0,3,1,1,0,0,0,0,0,5,0,1,0,8.0,694,125,5.552
1,3,159,3,0,0,0,0,1,0,1,1,0,0,1,0,0,0,1.0,83,16,5.1875
0,1,3,0,2,0,5,1,1,0,0,0,0,0,2,0,2,0,5.0,322,64,5.03125
1,10,158,3,1,5,2,0,1,0,1,1,1,0,2,0,1,0,5.0,412,82,5.024390243902439
0,24,3,0,1,0,0,0,1,0,2,2,2,0,1,0,1,0,5.0,98,21,4.666666666666667
1,4,2,0,1,0,2,0,1,0,1,1,2,0,1,0,0,0,1.0,127,24,5.291666666666667
1,3,2,3,2,0,5,0,1,0,0,0,0,0,2,0,2,0,5.0,207,37,5.594594594594595
1,1,2,3,1,0,0,0,1,0,0,1,0,0,1,0,0,0,1.0,38,8,4.75
0,5,3,0,0,1,6,4,1,0,0,0,0,0,1,0,0,0,6.0,377,68,5.544117647058823
0,2,1,0,2,6,4,1,1,1,0,2,0,0,6,0,1,0,5.0,316,63,5.015873015873016
1,1,2,0,2,1,0,0,0,0,0,0,0,0,5,0,0,0,2.0,391,75,5.213333333333333
1,2,2,0,0,0,4,1,1,0,2,2,0,0,2,0,1,0,3.0,544,86,6.325581395348837
1,10,2,0,0,4,2,0,1,1,2,0,2,0,1,0,5,0,1.0,154,25,6.16
0,24,7,0,1,4,5,1,1,1,1,1,0,0,1,0,1,0,1.0,238,48,4.958333333333333
0,2,4,6,0,0,1,3,1,1,0,2,0,0,1,50,0,0,8.0,790,149,5.302013422818792
0,30,3,0,1,2,3,1,1,1,2,2,2,0,1,1,0,0,1.0,156,28,5.571428571428571
1,2,2,0,1,1,0,0,1,0,2,2,0,0,1,0,0,0,1.0,105,21,5.0
1,8,2,4,1,0,1,0,1,1,2,2,2,0,1,0,0,0,5.0,255,52,4.903846153846154
0,12,3,0,2,0,0,0,1,0,0,0,0,0,2,0,1,0,2.0,502,94,5.340425531914893
1,2,2,0,1,1,0,0,1,1,1,1,0,0,1,0,0,0,3.0,136,23,5.913043478260869
0,12,3,0,0,1,2,0,1,1,2,2,2,0,1,100,1,0,4.0,211,29,7.275862068965517
1,1,2,3,1,0,5,0,1,0,0,0,0,0,2,0,3,0,3.0,118,22,5.363636363636363
1,2,57,0,0,0,0,0,2,0,2,2,0,0,1,300,5,0,4.0,234,49,4.775510204081633
1,2,2,0,1,0,1,0,0,0,0,0,0,0,1,0,0,0,4.0,290,53,5.471698113207547
1,72,2,0,0,1,2,0,1,0,2,2,1,0,1,0,1,0,1.0,72,14,5.142857142857143
1,2,2,3,1,2,2,0,1,1,0,0,0,0,2,0,0,0,0.0,59,12,4.916666666666667
1,8,34,33,1,1,2,0,1,1,0,0,0,0,1,0,2,0,3.0,349,69,5.057971014492754
1,2,2,3,0,0,1,0,1,0,0,2,0,0,2,0,0,0,2.0,45,7,6.428571428571429
0,12,0,0,2,0,6,1,1,0,1,1,0,0,4,0,0,0,1.0,873,177,4.932203389830509
1,72,28,50,0,0,1,1,1,1,2,2,0,0,1,0,0,0,1.0,12,2,6.0
0,1,3,0,0,3,2,0,1,0,0,0,0,0,1,0,0,0,3.0,261,49,5.326530612244898
0,24,26,26,2,0,1,1,1,1,1,1,2,0,10,0,3,0,10.0,146,29,5.0344827586206895
1,2,70,3,1,0,1,0,1,0,1,1,0,0,1,0,0,0,4.0,134,25,5.36
0,2,92,0,1,0,1,1,1,1,0,0,1,1,1,0,5,0,1.0,169,30,5.633333333333334
1,0,2,0,2,0,1,5,1,1,0,1,0,0,6,0,5,0,1.0,99,20,4.95
1,12,2,0,0,0,0,0,1,1,1,1,1,0,1,0,5,2,5.0,154,23,6.695652173913044
1,2,2,3,2,0,1,1,2,0,0,0,0,0,6,0,0,1,5.0,265,53,5.0
1,8,2,0,0,0,2,0,1,1,2,2,2,0,1,0,0,0,3.0,884,157,5.630573248407643
0,2,149,0,2,4,3,1,0,1,0,0,0,0,7,0,0,0,5.0,171,29,5.896551724137931
0,3,1,0,0,0,0,0,0,1,0,2,0,0,1,0,0,0,10.0,234,49,4.775510204081633
0,42,3,0,0,0,2,0,2,0,2,2,2,0,1,0,1,0,4.0,99,20,4.95
1,36,2,0,1,0,1,0,0,1,2,2,2,0,1,0,0,0,7.0,427,83,5.144578313253012
1,2,2,3,0,1,2,0,1,0,2,2,0,0,1,100,0,0,2.0,23,4,5.75
0,12,3,0,1,6,3,0,1,0,2,2,2,0,1,0,1,0,1.0,229,43,5.325581395348837
0,6,31,0,1,1,6,4,1,1,1,1,2,0,1,0,0,0,2.0,117,20,5.85
0,2,1,0,1,1,2,0,2,1,0,2,1,0,1,0,0,0,2.0,392,62,6.32258064516129
1,3,2,0,0,0,1,0,1,0,2,2,2,0,2,0,0,0,3.0,422,82,5.146341463414634
0,24,1,0,1,5,2,0,1,1,0,1,1,0,1,0,6,0,1.0,26,5,5.2
0,2,3,0,0,0,0,0,1,1,0,2,0,0,1,0,0,0,4.0,579,114,5.078947368421052
0,4,26,0,1,0,1,1,1,1,0,2,0,0,1,50,1,0,3.0,1269,238,5.331932773109243
0,1,3,6,2,0,1,1,0,0,0,0,0,0,2,0,1,0,11.0,1044,179,5.832402234636872
0,4,3,0,0,0,3,1,1,0,1,1,1,0,1,0,0,0,4.0,108,18,6.0
0,2,24,9,1,0,1,0,0,0,0,2,0,0,1,0,1,0,1.0,159,28,5.678571428571429
1,2,2,0,0,0,0,0,1,0,0,0,0,0,1,0,5,0,1.0,280,48,5.833333333333333
0,2,3,0,1,0,1,1,1,1,0,2,0,0,1,0,0,0,13.0,808,151,5.3509933774834435
1,3,2,3,0,0,2,0,1,0,0,2,0,0,1,0,5,0,3.0,91,16,5.6875
0,0,3,0,2,0,2,0,0,0,0,0,0,0,5,0,1,0,2.0,321,62,5.17741935483871
0,7,78,0,0,6,0,0,2,1,2,2,2,0,1,0,1,0,2.0,24,6,4.0
1,1,2,0,1,0,0,0,1,0,0,0,0,0,1,20,3,0,1.0,141,25,5.64
1,60,2,3,1,0,2,0,1,1,1,1,1,0,1,0,0,0,3.0,69,12,5.75
1,60,69,0,0,1,2,0,1,0,1,1,1,0,1,0,0,0,1.0,418,81,5.160493827160494
0,6,3,0,1,4,5,2,1,0,2,2,0,0,1,0,0,0,1.0,162,27,6.0
0,24,3,0,1,0,4,0,1,0,0,2,2,0,1,50,1,0,2.0,195,31,6.290322580645161
1,2,2,64,0,0,0,0,1,1,0,0,0,0,1,0,1,0,3.0,104,19,5.473684210526316
0,3,3,0,0,0,2,0,1,0,1,2,0,1,1,0,0,0,1.0,68,14,4.857142857142857
0,2,1,0,2,0,3,1,0,1,0,0,1,0,7,0,0,0,1.0,507,96,5.28125
0,9,3,0,0,0,3,1,1,0,2,2,2,0,2,0,0,0,0.0,794,135,5.881481481481481
1,1,2,3,1,1,2,0,1,1,0,2,0,0,1,150,0,1,14.0,355,72,4.930555555555555
1,1,2,0,1,2,2,0,1,1,0,2,0,0,1,0,0,0,4.0,120,22,5.454545454545454
1,2,5,3,0,0,6,0,1,1,2,2,0,0,1,0,0,0,6.0,166,29,5.724137931034483
1,15,19,21,1,0,2,0,0,0,2,2,0,0,1,0,2,0,0.0,57,10,5.7
1,2,2,3,0,1,2,0,1,1,2,2,0,0,1,0,0,0,1.0,12,2,6.0
1,3,2,0,1,0,1,0,1,1,2,2,2,0,1,0,0,0,3.0,519,108,4.805555555555555
0,12,3,0,1,0,5,1,1,0,0,0,0,0,1,0,1,0,1.0,241,49,4.918367346938775
1,16,2,0,0,2,2,0,1,0,2,2,2,0,1,0,0,0,4.0,304,60,5.066666666666666
0,2,0,9,2,0,0,0,1,0,0,0,0,0,7,0,1,0,6.0,370,77,4.805194805194805
1,24,34,3,0,1,6,1,1,1,1,1,0,0,1,0,0,0,0.0,62,14,4.428571428571429
0,12,1,0,2,4,4,1,0,1,2,2,0,0,3,0,1,0,5.0,392,77,5.090909090909091
0,12,3,0,1,0,0,0,1,1,2,0,2,0,1,0,6,0,5.0,58,9,6.444444444444445
1,2,2,0,1,1,2,0,1,0,2,2,2,0,1,0,2,0,4.0,288,53,5.433962264150943
1,3,2,0,2,2,2,0,1,0,2,2,2,0,3,0,0,0,2.0,198,38,5.2105263157894735
0,3,24,9,1,0,5,1,0,0,0,0,0,0,1,0,1,0,2.0,279,52,5.365384615384615
1,12,2,0,0,0,1,0,1,0,2,2,2,0,1,0,0,0,2.0,139,25,5.56
1,12,23,107,0,0,0,0,2,2,2,2,0,0,1,400,0,0,4.0,65,12,5.416666666666667
0,4,3,0,1,4,3,0,1,0,0,0,0,0,2,0,3,0,3.0,460,79,5.822784810126582
1,6,2,0,0,0,1,2,1,0,2,2,2,0,1,0,0,0,1.0,503,90,5.588888888888889
1,2,2,0,0,5,2,0,1,0,2,1,1,0,1,50,5,0,1.0,287,53,5.415094339622642
1,2,50,11,1,4,0,0,1,0,1,1,0,0,1,0,0,0,2.0,67,13,5.153846153846154
1,3,2,11,2,0,2,0,1,0,0,0,0,0,3,0,1,0,8.0,253,48,5.270833333333333
0,18,3,0,1,3,0,0,0,0,0,2,2,0,4,0,3,1,2.0,45,7,6.428571428571429
0,2,61,26,1,1,4,1,1,2,0,0,0,0,1,100,0,0,1.0,358,69,5.188405797101449
0,18,1,0,1,4,2,0,1,1,1,1,1,0,1,100,0,0,6.0,128,23,5.565217391304348
0,4,3,0,2,1,3,1,1,0,2,2,0,0,4,0,0,0,3.0,608,114,5.333333333333333
0,2,3,0,2,0,5,1,0,0,0,0,0,0,3,0,1,0,9.0,659,119,5.53781512605042
0,0,1,0,2,0,1,1,1,1,0,0,0,0,3,0,0,0,4.0,269,47,5.723404255319149
1,2,2,63,1,1,2,0,1,1,2,2,0,0,1,0,1,0,2.0,109,22,4.954545454545454
1,5,114,0,1,2,0,0,1,0,2,2,0,0,1,0,0,0,1.0,126,25,5.04
1,24,20,3,2,0,6,0,2,1,2,2,2,0,2,0,1,0,2.0,414,79,5.2405063291139244
1,2,2,0,1,0,1,0,1,1,2,2,0,0,1,0,0,0,5.0,142,23,6.173913043478261
1,2,2,0,0,1,0,0,1,1,2,2,1,0,1,0,6,0,1.0,58,10,5.8
1,2,2,0,1,0,1,5,1,1,2,2,0,0,1,0,0,0,5.0,284,49,5.795918367346939
0,12,3,0,1,3,2,0,2,0,2,0,0,0,1,0,4,0,1.0,84,12,7.0
1,17,9,0,0,2,2,0,0,1,2,2,2,0,1,200,0,0,1.0,360,52,6.923076923076923
1,5,2,3,0,0,2,0,1,1,2,2,0,0,1,0,0,0,3.0,258,52,4.961538461538462
0,1,1,9,2,0,1,3,0,1,0,0,2,0,2,0,1,0,5.0,507,96,5.28125
1,3,2,0,1,1,6,0,1,1,2,2,0,0,1,0,0,0,5.0,507,97,5.22680412371134
1,3,2,0,1,2,2,0,1,0,0,2,0,0,1,0,5,0,1.0,261,55,4.745454545454545
1,1,2,0,1,0,1,1,0,0,0,0,0,0,4,0,2,0,4.0,197,36,5.472222222222222
0,36,3,0,1,4,3,1,1,1,1,1,2,0,1,0,0,0,5.0,577,107,5.392523364485982
0,5,3,0,1,0,0,0,0,0,2,0,2,0,1,100,1,0,2.0,80,12,6.666666666666667
1,1,2,3,0,5,2,0,1,1,2,2,0,0,1,0,0,0,2.0,12,2,6.0
1,2,5,3,1,0,1,1,1,0,0,2,0,0,1,0,0,0,1.0,260,47,5.531914893617022
1,1,2,0,2,0,0,0,2,1,0,0,0,0,3,0,0,0,8.0,356,63,5.650793650793651
0,1,3,0,2,6,3,1,0,0,0,0,1,0,5,0,0,0,1.0,69,14,4.928571428571429
0,3,3,0,1,0,5,1,1,0,0,0,0,0,3,0,0,0,6.0,585,110,5.318181818181818
1,2,2,3,1,0,2,0,1,0,2,2,0,0,1,150,0,0,1.0,82,15,5.466666666666667
1,2,2,0,1,1,2,0,1,0,2,2,0,0,1,0,1,0,7.0,165,28,5.892857142857143
1,14,21,0,1,0,0,0,2,0,2,2,0,0,1,0,9,0,1.0,191,35,5.457142857142857
1,24,2,0,0,0,1,0,1,1,2,2,2,0,1,0,5,0,4.0,201,39,5.153846153846154
1,3,2,0,1,0,1,1,1,0,2,2,1,0,3,0,0,0,3.0,82,15,5.466666666666667
0,2,24,6,1,0,1,4,1,1,2,0,0,0,1,50,0,0,2.0,319,61,5.229508196721311
0,3,7,6,0,4,2,0,0,1,2,2,0,0,1,200,1,0,4.0,339,72,4.708333333333333
1,4,2,0,0,6,0,0,1,0,2,2,0,0,2,0,0,0,6.0,52,9,5.777777777777778
1,2,2,0,1,1,6,0,1,1,1,1,1,0,1,0,0,0,2.0,109,18,6.055555555555555
1,7,134,7,0,2,2,0,1,1,2,2,2,0,1,250,0,0,3.0,160,28,5.714285714285714
1,2,2,0,1,1,0,0,2,0,2,2,2,0,1,0,0,0,1.0,354,69,5.130434782608695
1,1,2,0,1,0,1,4,1,0,2,2,2,0,1,0,2,0,3.0,361,67,5.388059701492537
1,3,2,0,2,0,2,0,1,0,0,0,0,0,2,0,0,0,2.0,146,26,5.615384615384615
1,2,2,0,1,0,0,0,2,0,1,1,0,0,1,0,0,0,2.0,134,23,5.826086956521739
0,5,1,0,1,1,4,0,0,1,0,0,0,0,1,0,0,0,6.0,278,60,4.633333333333334
1,87,9,0,1,1,0,0,0,2,1,1,1,1,1,0,8,0,1.0,269,51,5.2745098039215685
0,16,3,0,1,0,5,1,0,0,0,0,0,0,15,0,0,0,4.0,387,71,5.450704225352113
0,5,3,9,1,0,3,0,1,0,0,2,0,0,1,0,1,0,1.0,306,48,6.375
0,10,10,10,0,2,0,0,2,1,0,0,1,0,1,0,0,0,3.0,281,61,4.60655737704918
0,2,3,0,0,1,6,2,1,0,0,0,0,0,1,0,0,0,7.0,264,48,5.5
0,4,1,0,0,4,0,0,1,1,0,2,0,0,1,0,1,0,4.0,928,183,5.0710382513661205
0,3,3,0,1,0,1,5,0,0,0,1,0,0,1,0,3,0,5.0,616,119,5.176470588235294
1,4,2,3,2,1,2,0,0,0,2,2,1,0,4,0,0,0,7.0,968,183,5.2896174863387975
0,30,61,6,1,4,0,0,1,1,2,2,2,0,1,0,0,0,4.0,16,3,5.333333333333333
0,1,4,6,1,0,6,1,1,1,0,0,0,0,1,50,0,0,5.0,732,131,5.587786259541985
1,3,2,0,1,0,1,0,1,0,2,2,0,0,1,0,0,0,4.0,400,76,5.2631578947368425
0,11,4,0,1,1,5,1,1,2,0,2,0,0,1,1,0,0,9.0,202,40,5.05
1,3,2,0,1,0,1,1,1,0,2,2,0,0,1,0,2,0,4.0,260,47,5.531914893617022
1,12,2,0,0,0,1,0,1,0,2,2,2,0,1,0,1,0,1.0,50,9,5.555555555555555
1,156,2,0,1,0,1,0,1,1,2,2,1,0,1,0,0,0,1.0,328,62,5.290322580645161
0,7,1,0,1,3,2,0,0,1,2,2,2,0,1,0,0,0,2.0,156,29,5.379310344827586
1,1,5,3,1,0,2,0,1,2,0,2,0,0,1,0,1,0,6.0,70,15,4.666666666666667
0,24,10,9,1,1,4,0,0,0,2,1,2,0,1,0,0,0,3.0,465,89,5.224719101123595
0,3,4,26,1,1,2,0,1,1,0,2,0,0,1,0,0,0,4.0,317,64,4.953125
0,12,3,0,0,1,2,0,1,0,2,1,2,0,1,0,0,0,2.0,91,17,5.352941176470588
0,1,3,0,0,1,0,0,1,0,1,1,1,0,1,0,0,0,3.0,147,25,5.88
1,4,2,0,1,1,0,0,1,0,2,2,0,0,1,0,0,0,1.0,96,18,5.333333333333333
1,1,2,0,0,0,1,1,1,0,0,0,0,0,1,0,2,0,2.0,643,119,5.4033613445378155
0,2,3,0,1,1,0,0,0,0,0,0,0,0,1,50,0,0,1.0,128,24,5.333333333333333
0,2,3,0,0,0,0,0,1,0,0,0,0,0,1,0,1,0,6.0,413,74,5.581081081081081
1,12,2,0,0,1,2,0,1,1,2,2,2,0,1,0,0,0,2.0,94,20,4.7
1,84,112,0,1,1,0,0,1,0,2,2,2,0,1,0,9,0,21.0,973,178,5.466292134831461
0,48,78,0,1,6,4,3,1,1,1,2,2,0,6,0,0,0,4.0,290,59,4.915254237288136
0,48,1,0,0,0,3,1,2,2,1,1,1,0,1,10,1,0,4.0,99,22,4.5
1,12,2,0,1,0,2,0,0,1,1,1,0,0,1,0,1,0,0.0,461,92,5.010869565217392
0,2,49,69,0,3,2,0,1,1,2,2,0,0,1,0,0,0,4.0,314,61,5.147540983606557
0,17,1,0,1,0,5,1,1,1,2,2,0,0,1,70,0,0,1.0,240,42,5.714285714285714
0,10,3,0,0,0,0,0,1,0,2,2,2,0,1,0,5,0,7.0,619,111,5.576576576576577
0,7,1,0,1,0,5,1,1,1,2,2,0,0,1,0,0,0,3.0,155,23,6.739130434782608
1,2,2,99,0,0,1,0,1,0,2,2,0,0,2,0,0,0,2.0,106,19,5.578947368421052
1,2,2,0,1,0,1,0,1,1,2,2,0,0,1,0,1,0,14.0,387,75,5.16
0,4,3,0,1,1,0,0,1,0,2,2,0,0,1,0,0,0,1.0,211,38,5.552631578947368
1,7,2,0,1,0,0,0,1,1,0,0,2,0,1,0,3,0,4.0,211,38,5.552631578947368
0,3,31,0,0,0,0,0,0,0,2,2,0,0,1,0,0,0,3.0,502,94,5.340425531914893
1,2,2,0,1,0,1,0,1,0,1,1,0,0,1,0,0,0,2.0,125,21,5.9523809523809526
0,4,3,0,1,0,1,4,1,0,0,0,0,0,3,0,0,0,2.0,271,49,5.530612244897959
1,2,2,0,1,0,1,0,0,0,1,1,1,0,1,0,5,0,1.0,222,37,6.0
0,7,3,0,0,0,3,1,1,0,0,0,0,0,1,0,0,0,3.0,123,20,6.15
1,72,9,0,0,1,4,1,0,0,2,2,0,2,1,0,0,0,0.0,288,58,4.9655172413793105
1,15,2,0,0,0,2,0,2,1,2,2,2,0,1,0,1,0,1.0,495,104,4.759615384615385
1,47,2,0,0,0,2,0,1,0,2,2,0,0,1,0,5,0,0.0,410,83,4.9397590361445785
0,2,59,0,0,2,0,0,1,2,2,2,0,0,1,400,0,1,14.0,1449,261,5.551724137931035
0,1,3,0,1,0,2,0,1,0,0,0,0,0,1,0,0,0,2.0,94,19,4.947368421052632
1,108,2,0,0,2,0,0,1,0,1,1,0,1,1,0,0,0,2.0,183,36,5.083333333333333
1,4,2,0,1,1,4,0,0,0,2,2,0,0,2,0,0,0,1.0,18,3,6.0
0,2,1,0,2,0,1,3,1,1,0,0,0,0,4,0,0,0,3.0,397,78,5.089743589743589
1,13,66,0,0,2,2,0,0,1,2,2,2,0,1,0,9,0,3.0,137,29,4.724137931034483
1,24,2,0,0,0,5,0,1,0,0,0,0,0,1,0,0,0,2.0,765,146,5.239726027397261
1,1,2,0,1,0,0,0,1,0,2,2,0,0,1,0,1,0,5.0,133,25,5.32
1,24,2,107,1,0,1,1,1,1,1,1,1,0,1,0,1,0,5.0,2074,383,5.415143603133159
0,24,0,0,1,3,2,0,1,0,2,2,2,0,1,0,0,0,4.0,185,34,5.4411764705882355
1,1,21,38,0,0,1,0,0,0,0,0,0,0,1,0,0,0,1.0,243,49,4.959183673469388
0,17,7,1,1,0,6,3,1,2,2,2,0,0,1,0,0,0,4.0,215,45,4.777777777777778
1,6,2,11,1,1,2,0,1,0,0,0,0,0,1,100,11,0,1.0,313,68,4.602941176470588
0,10,3,0,1,0,6,1,1,0,1,1,0,0,1,0,0,0,1.0,164,34,4.823529411764706
0,2,3,127,1,1,5,3,1,1,0,2,0,0,1,15,1,0,3.0,454,79,5.746835443037975
1,2,2,0,2,1,4,0,1,1,2,2,0,0,6,0,0,3,16.0,336,51,6.588235294117647
1,15,2,3,0,0,1,1,1,0,2,2,2,1,1,0,1,0,3.0,156,31,5.032258064516129
1,2,2,0,1,1,4,1,0,0,0,2,0,0,1,0,2,0,4.0,289,56,5.160714285714286
1,3,2,7,0,2,2,0,0,0,2,2,0,0,1,270,0,0,5.0,572,98,5.836734693877551
0,44,10,0,1,1,4,0,1,0,2,2,2,0,1,0,0,1,19.0,749,135,5.548148148148148
1,1,2,0,2,1,4,1,1,0,0,0,0,0,9,0,0,0,8.0,64,10,6.4
0,84,30,0,0,3,0,0,2,0,2,2,2,0,1,0,1,0,5.0,456,88,5.181818181818182
1,24,2,0,0,1,0,0,1,0,1,1,1,0,1,0,1,0,2.0,69,13,5.3076923076923075
0,1,1,0,0,2,0,0,1,1,0,0,1,0,1,0,0,2,3.0,227,38,5.973684210526316
1,2,2,3,0,1,0,0,1,1,2,2,0,0,1,0,0,0,1.0,27,6,4.5
1,2,2,0,1,0,1,0,1,0,1,1,0,0,1,0,0,0,1.0,98,17,5.764705882352941
0,1,92,78,0,1,6,1,0,1,0,0,0,0,1,0,0,0,5.0,397,64,6.203125
1,3,2,0,0,1,2,0,2,1,2,2,0,0,1,0,0,0,1.0,129,28,4.607142857142857
1,3,14,3,1,0,1,0,1,0,2,2,0,0,1,0,0,0,4.0,79,14,5.642857142857143
1,2,2,0,1,1,2,0,1,1,2,2,0,0,1,0,0,0,1.0,104,17,6.117647058823529
1,9,2,0,1,1,2,0,1,0,2,2,2,0,1,0,0,0,9.0,54,11,4.909090909090909
1,7,2,0,1,0,1,1,1,1,0,2,0,0,2,0,0,0,2.0,762,122,6.245901639344262
1,10,57,3,1,0,0,0,1,0,2,2,2,0,1,100,0,0,8.0,1788,330,5.418181818181818
1,2,2,0,1,2,2,0,1,0,1,1,0,0,1,0,0,0,2.0,123,21,5.857142857142857
1,12,2,0,0,2,0,0,1,1,2,2,1,0,1,0,0,0,2.0,20,4,5.0
0,4,3,0,1,1,6,3,0,0,0,0,0,0,1,0,0,0,4.0,148,24,6.166666666666667
0,24,4,0,1,0,0,0,1,2,2,2,0,0,1,0,1,0,3.0,329,61,5.39344262295082
0,2,1,0,2,0,1,3,0,1,0,0,0,0,5,0,9,0,6.0,176,30,5.866666666666666
0,3,3,0,1,1,2,0,1,0,0,0,0,0,1,0,6,0,1.0,37,7,5.285714285714286
0,5,3,0,1,0,5,2,1,1,0,0,0,0,2,0,1,0,2.0,171,26,6.576923076923077
0,4,1,0,1,0,5,1,2,1,0,0,1,0,1,0,0,0,2.0,131,22,5.954545454545454
1,24,63,0,1,0,4,0,0,1,1,1,1,0,1,0,0,0,8.0,392,75,5.226666666666667
1,4,2,0,1,0,2,0,0,0,0,0,0,0,1,0,2,0,1.0,18,3,6.0
1,30,48,0,1,0,6,0,0,0,2,1,0,0,1,50,0,0,3.0,647,109,5.935779816513762
0,3,3,0,0,0,0,0,0,0,2,2,0,0,1,0,9,0,6.0,21,3,7.0
0,2,3,0,0,3,2,0,0,0,0,2,0,1,1,8,0,0,8.0,568,99,5.737373737373737
0,1,3,0,0,0,4,1,0,0,0,0,0,0,1,0,0,0,4.0,232,44,5.2727272727272725
1,36,19,3,0,0,0,0,1,1,1,1,1,0,1,0,0,0,2.0,244,40,6.1
0,5,1,0,0,0,2,0,2,1,2,0,0,0,1,0,1,0,3.0,202,38,5.315789473684211
1,120,48,0,0,0,1,0,0,0,2,2,0,0,1,0,0,0,3.0,565,107,5.280373831775701
1,4,2,3,1,1,0,0,0,1,1,2,2,0,1,0,0,0,2.0,83,13,6.384615384615385
1,24,5,24,1,5,2,0,1,1,1,1,1,0,1,0,0,0,10.0,482,85,5.670588235294118
1,2,2,3,2,0,1,1,1,1,1,1,1,0,5,0,0,0,18.0,184,35,5.257142857142857
0,5,1,0,1,1,0,0,1,1,0,0,0,0,1,0,1,0,5.0,174,31,5.612903225806452
0,15,10,9,0,1,4,0,1,0,1,1,1,0,1,0,0,0,3.0,814,163,4.993865030674846
1,24,8,0,1,0,1,0,3,0,2,2,2,0,1,0,0,0,2.0,317,55,5.763636363636364
0,3,0,10,2,0,6,1,1,0,0,2,0,0,3,0,0,0,1.0,28,5,5.6
1,2,2,0,1,0,0,0,1,0,0,0,0,0,1,20,3,0,1.0,201,32,6.28125
0,3,10,1,2,3,0,0,0,1,0,0,0,0,3,150,1,0,1.0,99,16,6.1875
1,4,2,3,0,0,1,1,1,0,0,2,0,0,1,0,3,0,2.0,144,31,4.645161290322581
0,10,3,0,0,0,0,0,1,0,2,2,2,0,1,0,0,0,3.0,192,35,5.485714285714286
1,12,20,28,0,1,0,0,1,1,2,2,0,0,1,0,1,0,2.0,294,63,4.666666666666667
0,18,7,100,0,1,4,0,2,2,2,2,0,0,1,500,6,0,3.0,317,61,5.19672131147541
1,3,2,0,1,0,1,1,1,0,0,0,0,0,1,0,3,0,1.0,117,20,5.85
0,3,1,0,2,1,2,0,1,1,0,2,0,0,2,0,0,0,2.0,282,46,6.130434782608695
1,5,28,3,0,1,2,0,1,0,0,2,0,0,1,0,0,0,1.0,171,33,5.181818181818182
1,12,2,0,1,0,2,0,1,1,2,2,2,0,1,0,1,0,1.0,164,33,4.96969696969697
1,4,14,3,1,2,2,0,2,1,1,1,0,0,1,0,0,0,5.0,219,43,5.093023255813954
1,72,2,0,1,6,4,0,1,1,2,2,2,0,1,0,0,0,9.0,467,92,5.076086956521739
1,30,2,0,0,0,2,0,1,1,2,2,2,0,1,0,0,0,2.0,868,159,5.459119496855346
0,2,3,0,1,0,6,1,1,0,0,0,0,0,1,10,5,0,2.0,99,1,99.0
0,2,3,0,1,0,0,0,0,0,0,0,0,0,1,0,0,0,4.0,1544,258,5.984496124031008
0,4,30,44,1,4,3,1,0,0,0,0,0,0,1,0,1,0,2.0,58,9,6.444444444444445
0,2,3,0,1,1,2,0,1,0,0,0,0,0,1,0,0,0,2.0,400,81,4.938271604938271
1,2,2,0,0,0,1,0,1,0,0,2,0,0,1,0,3,0,6.0,144,19,7.578947368421052
1,2,2,0,1,0,1,1,1,0,0,0,1,0,1,0,0,0,3.0,504,93,5.419354838709677
1,1,2,0,0,0,1,1,1,0,0,2,0,0,1,0,0,0,11.0,300,54,5.555555555555555
0,6,12,0,0,6,0,0,0,0,0,0,0,0,1,0,1,0,3.0,627,121,5.181818181818182
0,24,3,0,1,3,0,0,0,0,2,2,2,0,1,100,3,0,2.0,120,22,5.454545454545454
0,4,4,0,0,1,2,0,0,2,2,2,0,0,1,0,1,0,1.0,741,138,5.369565217391305
0,6,3,0,1,5,2,0,1,0,2,2,0,0,1,0,0,0,2.0,85,17,5.0
1,3,2,0,0,1,0,0,1,1,2,2,0,0,1,0,0,0,2.0,76,14,5.428571428571429
1,4,2,0,1,1,2,0,1,0,2,2,0,0,1,0,0,0,5.0,344,51,6.745098039215686
0,2,3,0,2,0,6,3,0,0,0,0,0,0,5,0,0,0,5.0,57,11,5.181818181818182
0,1,1,0,2,0,2,0,1,1,0,2,0,0,3,0,3,0,4.0,47,11,4.2727272727272725
0,10,0,0,0,0,0,0,2,2,1,0,0,0,1,0,0,0,2.0,793,152,5.217105263157895
0,6,3,0,0,0,3,0,1,0,2,2,2,1,1,0,0,0,8.0,603,114,5.2894736842105265
1,1,2,0,1,0,1,0,1,1,2,2,0,0,1,0,0,0,5.0,353,71,4.971830985915493
1,12,13,0,1,0,1,1,1,1,2,2,2,0,1,0,0,0,3.0,187,38,4.921052631578948
1,1,8,3,0,0,1,0,1,1,0,0,0,0,1,0,0,0,5.0,35,6,5.833333333333333
0,3,3,0,1,0,1,3,1,0,1,1,1,0,2,0,1,0,2.0,278,51,5.450980392156863
1,6,5,3,1,5,2,0,1,2,0,0,0,0,1,20,3,0,1.0,173,32,5.40625
1,36,111,0,0,0,1,1,3,2,2,2,0,0,1,0,0,0,1.0,215,43,5.0
1,1,2,3,1,1,2,0,1,1,2,2,0,0,1,0,0,0,1.0,12,2,6.0
0,14,3,0,0,4,0,0,1,0,2,2,2,0,2,0,1,0,10.0,668,125,5.344
0,5,4,6,2,4,2,0,1,1,0,2,0,0,2,0,1,0,3.0,329,57,5.771929824561403
1,2,2,0,1,1,2,0,1,0,2,2,0,0,1,0,2,0,3.0,366,73,5.013698630136986
0,2,1,0,1,5,2,0,0,1,1,2,1,0,1,0,0,0,4.0,210,39,5.384615384615385
1,1,2,3,1,0,1,0,1,1,0,2,0,0,1,0,0,0,1.0,14,3,4.666666666666667
1,24,2,0,1,0,2,0,2,0,2,2,2,0,1,0,0,0,1.0,77,14,5.5
0,48,0,0,1,5,2,0,1,0,1,1,2,0,1,0,5,0,2.0,187,36,5.194444444444445
1,1,2,7,0,0,1,1,1,1,0,0,0,0,1,0,0,0,4.0,277,52,5.326923076923077
0,8,3,6,1,0,6,2,1,0,0,2,0,0,10,0,1,0,3.0,71,13,5.461538461538462
1,3,2,0,0,2,0,0,1,0,2,2,0,0,1,0,1,0,4.0,138,23,6.0
1,36,2,0,1,4,0,0,1,0,2,2,2,0,1,250,0,3,30.0,1292,238,5.428571428571429
1,1,2,0,0,0,1,0,1,2,0,0,0,0,1,0,3,0,2.0,112,22,5.090909090909091
1,1,2,0,0,0,5,0,1,0,0,2,0,0,1,0,0,0,4.0,24,4,6.0
1,12,2,7,0,2,2,0,1,0,2,2,2,0,1,0,0,0,14.0,290,52,5.576923076923077
0,112,3,0,0,0,0,0,0,0,0,0,0,0,1,0,1,0,5.0,271,50,5.42
1,36,2,0,1,1,4,1,2,1,0,0,2,0,1,0,5,0,1.0,58,10,5.8
0,2,3,0,0,1,6,1,1,0,0,0,0,0,1,10,0,0,5.0,97,20,4.85
1,12,2,0,0,0,1,1,2,1,2,2,2,0,1,0,1,1,5.0,1138,220,5.172727272727273
1,1,2,0,0,0,0,0,1,1,0,0,1,0,1,0,3,0,1.0,425,81,5.246913580246914
1,36,2,0,1,4,2,0,1,0,2,2,0,0,1,50,1,0,1.0,154,29,5.310344827586207
1,12,2,0,0,0,2,0,1,0,0,0,0,0,1,0,0,0,1.0,113,21,5.380952380952381
0,4,3,0,1,0,6,1,1,0,0,0,0,0,1,0,0,0,7.0,368,63,5.841269841269841
1,4,2,0,1,4,5,0,1,0,2,2,0,0,1,0,1,0,1.0,287,50,5.74
1,48,53,0,1,4,3,1,0,0,2,2,2,0,1,50,3,0,5.0,901,167,5.395209580838324
0,2,3,0,1,3,0,0,1,0,0,2,0,0,1,0,1,0,2.0,140,22,6.363636363636363
1,24,14,3,1,4,4,0,2,1,2,2,2,0,1,0,2,0,1.0,358,69,5.188405797101449
0,1,31,26,2,6,3,1,1,0,0,0,0,0,3,0,1,0,3.0,349,66,5.287878787878788
0,2,3,0,0,6,0,0,2,0,0,0,0,0,1,0,0,0,11.0,396,70,5.6571428571428575
1,1,2,0,1,1,2,0,1,0,0,2,0,0,1,0,1,0,1.0,86,15,5.733333333333333
1,4,2,0,0,0,1,2,1,1,0,2,0,1,1,0,0,0,5.0,393,76,5.171052631578948
0,3,3,23,1,0,5,1,0,0,2,2,0,0,1,0,3,1,7.0,39,10,3.9
0,4,1,0,1,4,5,0,1,1,0,0,0,0,1,0,1,0,4.0,128,27,4.7407407407407405
1,3,2,3,0,0,1,2,1,0,0,0,0,0,1,0,0,0,3.0,41,6,6.833333333333333
1,3,2,0,0,1,4,1,1,0,0,2,0,0,2,0,3,0,5.0,186,37,5.027027027027027
0,22,1,0,1,0,2,0,1,1,2,2,2,0,1,0,3,0,7.0,291,54,5.388888888888889
1,2,2,0,2,0,5,1,1,0,0,0,0,0,3,0,1,0,2.0,160,28,5.714285714285714
1,2,2,0,0,0,1,5,1,1,2,2,0,0,1,0,0,0,5.0,285,49,5.816326530612245
0,2,3,0,1,0,1,3,1,0,0,2,0,0,1,0,0,0,2.0,711,135,5.266666666666667
1,32,2,0,0,0,1,0,1,0,2,2,0,0,1,0,0,0,1.0,181,34,5.323529411764706
0,6,3,0,0,6,2,0,0,0,0,2,0,0,1,0,0,0,5.0,552,108,5.111111111111111
1,2,2,3,0,1,6,2,0,0,0,0,1,0,3,0,0,0,1.0,99,17,5.823529411764706
1,24,2,0,1,4,2,0,1,0,2,2,2,0,1,0,0,0,7.0,408,79,5.1645569620253164
1,60,2,30,0,0,4,1,1,1,2,2,2,0,1,0,2,0,2.0,543,96,5.65625
0,12,7,10,0,5,2,0,1,0,2,0,1,0,1,0,1,0,0.0,221,38,5.815789473684211
0,2,3,0,1,3,2,0,1,0,0,2,0,0,1,0,0,0,5.0,402,80,5.025
0,3,3,0,1,6,2,0,1,0,0,2,2,0,1,0,0,0,4.0,260,49,5.3061224489795915
0,5,3,0,0,4,4,1,1,0,0,2,0,0,1,0,1,0,5.0,292,53,5.509433962264151
1,1,2,0,1,1,0,0,1,0,2,2,0,0,1,0,0,0,8.0,139,23,6.043478260869565
0,8,10,0,0,5,2,0,1,0,0,0,0,0,1,100,0,0,1.0,15,3,5.0
0,8,3,0,1,1,0,0,1,0,2,2,2,0,1,30,1,0,2.0,346,68,5.088235294117647
1,1,2,0,1,1,6,2,1,1,0,0,0,0,1,0,0,0,3.0,205,39,5.256410256410256
1,12,2,3,2,0,1,0,2,0,0,0,0,0,4,0,0,0,3.0,261,45,5.8
1,1,2,0,0,1,2,0,1,0,0,0,0,0,1,0,0,0,2.0,563,100,5.63
1,1,2,0,1,1,2,0,1,0,0,2,0,0,2,0,1,0,14.0,495,96,5.15625
0,5,3,9,0,0,3,1,1,1,2,2,0,0,2,0,0,0,8.0,501,97,5.164948453608248
0,7,7,0,0,4,0,0,2,2,2,0,0,0,1,350,1,0,4.0,710,110,6.454545454545454
0,2,1,6,1,5,2,0,1,1,2,2,0,0,1,0,1,0,9.0,215,35,6.142857142857143
0,4,3,0,1,0,1,0,1,1,0,2,0,0,1,0,0,0,2.0,585,103,5.679611650485437
1,24,2,0,1,1,0,0,1,0,2,2,2,0,1,0,0,0,2.0,246,49,5.020408163265306
1,12,2,0,0,0,1,0,2,1,0,2,0,0,1,0,1,0,6.0,675,143,4.72027972027972
1,3,2,0,0,1,2,0,1,1,2,2,0,0,1,0,0,0,2.0,153,26,5.884615384615385
1,6,20,35,0,1,5,0,2,1,2,2,0,0,1,0,0,0,2.0,188,35,5.371428571428571
0,6,3,0,0,1,0,0,0,0,2,2,2,0,1,0,1,0,2.0,333,64,5.203125
0,3,10,0,1,1,2,0,0,1,0,2,2,0,1,0,0,0,1.0,25,5,5.0
0,3,3,0,1,4,5,1,0,1,0,0,0,0,1,0,9,0,4.0,264,59,4.47457627118644
0,6,1,9,1,0,0,0,0,0,2,2,0,0,1,0,0,0,1.0,71,14,5.071428571428571
0,1,3,0,1,4,3,1,1,0,0,0,0,0,1,0,1,0,8.0,427,84,5.083333333333333
0,2,3,0,2,0,3,1,0,0,0,0,1,0,6,0,0,0,1.0,170,35,4.857142857142857
1,24,2,0,1,0,6,0,1,0,1,1,0,0,1,0,0,0,3.0,663,117,5.666666666666667
1,12,2,0,0,2,2,0,1,0,1,1,1,0,1,0,0,0,5.0,1297,274,4.733576642335766
1,2,2,0,1,0,1,1,1,0,0,0,1,0,4,30,9,0,5.0,50,5,10.0
0,13,0,0,1,3,0,0,1,1,0,2,2,0,1,0,0,0,1.0,146,30,4.866666666666666
0,2,3,0,0,0,3,0,1,0,0,2,0,0,1,0,0,0,2.0,412,78,5.282051282051282
1,72,9,3,1,1,4,0,0,1,1,1,1,0,1,0,5,0,1.0,290,57,5.087719298245614
1,0,2,0,0,0,1,2,1,1,2,2,0,0,2,0,0,0,4.0,220,43,5.116279069767442
0,6,1,0,0,1,2,0,1,1,2,2,1,0,1,0,1,0,2.0,25,4,6.25
0,18,1,8,0,5,2,0,1,1,2,2,2,0,1,0,0,1,10.0,304,63,4.825396825396825
1,2,2,0,1,1,2,0,1,1,2,2,0,0,1,80,3,0,1.0,255,42,6.071428571428571
0,3,3,0,1,0,3,1,1,1,0,2,0,0,1,0,0,0,2.0,543,106,5.122641509433962
1,12,2,0,1,1,2,0,1,0,0,0,2,0,1,0,6,0,4.0,371,74,5.013513513513513
0,1,7,6,0,2,2,0,1,2,0,2,0,0,1,100,0,0,9.0,628,115,5.460869565217391
0,6,26,0,1,0,1,1,1,1,0,0,0,0,1,0,0,0,1.0,257,52,4.9423076923076925
1,21,34,0,0,5,2,0,0,1,2,2,0,0,1,450,1,0,4.0,268,54,4.962962962962963
1,24,2,0,0,4,4,0,1,0,2,2,2,0,1,80,0,3,20.0,1627,314,5.181528662420382
0,9,10,0,0,1,0,0,2,0,2,2,0,0,1,0,0,0,5.0,526,97,5.422680412371134
0,5,3,0,0,0,0,0,1,0,2,2,0,0,2,0,3,0,2.0,144,28,5.142857142857143
0,1,3,0,2,0,6,3,0,0,0,0,0,0,4,0,1,0,1.0,22,3,7.333333333333333
