Type,Age,Breed1,Breed2,Gender,Color1,Color2,Color3,MaturitySize,FurLength,Vaccinated,Dewormed,Sterilized,Health,Quantity,Fee,State,VideoAmt,PhotoAmt,desc_length,desc_words,average_word_length
1,0,2,0,1,0,1,1,1,0,0,0,0,0,6,0,0,0,9.0,109,20,5.45
1,24,2,0,0,2,0,0,1,0,2,2,0,0,5,0,0,0,1.0,296,56,5.285714285714286
1,36,2,0,1,0,1,0,1,0,2,2,2,0,5,0,0,0,1.0,277,51,5.431372549019608
1,2,14,12,0,0,1,1,0,0,2,1,0,0,1,0,1,0,5.0,230,43,5.348837209302325
0,3,3,0,1,0,1,1,0,0,0,2,0,0,1,0,0,0,3.0,70,11,6.363636363636363
1,32,2,3,2,0,5,2,1,0,2,2,2,0,2,0,0,0,5.0,1063,205,5.185365853658537
1,1,2,0,2,0,1,5,1,1,0,0,0,0,3,0,0,0,11.0,202,40,5.05
1,36,25,0,0,0,2,0,1,0,2,2,2,0,1,0,2,0,1.0,353,66,5.348484848484849
1,2,2,0,2,0,5,1,1,0,2,2,0,0,3,30,0,0,3.0,422,79,5.341772151898734
0,2,10,22,0,1,4,0,0,0,0,0,0,0,1,0,1,0,1.0,262,50,5.24
0,5,3,1,1,0,0,0,1,1,0,0,0,0,1,150,0,0,4.0,287,41,7.0
1,12,2,0,0,0,1,0,1,0,2,2,0,0,1,0,0,0,1.0,8,1,8.0
1,2,2,0,0,0,1,2,1,0,0,0,0,0,1,0,0,0,2.0,517,102,5.068627450980392
0,2,3,0,1,0,5,1,1,0,0,0,0,0,6,30,0,0,6.0,712,133,5.353383458646617
1,2,2,11,2,2,0,0,2,0,2,2,0,0,3,0,0,1,8.0,344,51,6.745098039215686
0,11,3,0,1,0,5,1,1,0,2,2,2,0,1,50,0,0,5.0,204,37,5.513513513513513
1,2,2,3,1,0,1,0,1,1,0,2,0,0,1,0,0,0,4.0,12,2,6.0
0,3,10,0,0,0,0,0,0,0,0,0,0,0,1,0,1,0,1.0,84,13,6.461538461538462
0,20,1,0,0,0,3,1,2,1,0,2,0,0,1,0,0,0,4.0,302,48,6.291666666666667
0,0,3,0,2,0,1,1,1,0,1,2,2,0,18,0,0,0,21.0,984,189,5.2063492063492065
1,1,2,3,1,0,1,0,1,1,0,2,0,0,1,0,0,0,1.0,14,3,4.666666666666667
0,2,3,0,0,4,2,0,2,0,1,1,1,0,2,0,3,0,5.0,468,92,5.086956521739131
0,12,1,0,0,0,2,0,0,1,1,1,1,0,1,0,0,0,1.0,139,25,5.56
1,53,2,3,0,5,2,0,1,1,2,1,1,0,1,0,0,0,1.0,138,24,5.75
1,1,2,0,2,0,4,1,1,0,1,1,1,0,2,0,3,0,1.0,55,12,4.583333333333333
0,1,3,0,2,0,5,3,0,0,0,0,0,0,4,0,0,0,0.0,213,37,5.756756756756757
0,3,3,0,1,2,3,1,1,0,2,2,2,0,1,100,0,0,1.0,110,21,5.238095238095238
0,2,3,0,1,0,0,0,0,0,0,0,0,0,1,0,0,0,2.0,166,30,5.533333333333333
1,4,13,3,1,0,1,1,1,0,1,2,1,0,4,0,1,0,5.0,337,65,5.184615384615385
1,72,23,0,1,0,1,5,2,2,2,2,0,0,1,0,2,0,4.0,441,84,5.25
1,2,2,3,1,0,1,2,1,1,0,0,0,0,6,0,0,0,6.0,205,37,5.54054054054054
1,12,18,3,0,0,1,1,1,1,2,2,2,0,1,150,3,0,5.0,120,17,7.0588235294117645
1,5,2,0,0,0,1,5,1,0,2,2,0,0,1,0,0,0,4.0,202,37,5.45945945945946
1,2,2,0,0,0,2,0,1,1,1,1,1,0,1,0,6,0,1.0,76,13,5.846153846153846
0,24,7,0,0,0,1,1,1,2,2,2,0,0,1,0,0,0,1.0,149,24,6.208333333333333
1,48,2,0,1,1,2,0,1,1,1,1,1,0,1,0,1,0,3.0,541,93,5.817204301075269
0,2,3,0,0,4,3,0,0,0,0,2,0,0,2,0,1,0,3.0,533,100,5.33
0,2,10,6,1,1,4,0,1,1,0,0,0,0,1,0,1,0,5.0,447,86,5.1976744186046515
0,1,3,0,1,1,0,0,0,0,0,0,0,0,1,0,0,0,4.0,144,21,6.857142857142857
1,1,2,3,2,0,1,1,1,1,0,0,0,0,5,0,0,0,4.0,297,60,4.95
1,1,2,3,1,0,1,1,1,0,0,0,0,0,1,0,0,0,8.0,720,132,5.454545454545454
0,3,3,0,0,0,3,0,1,0,0,2,0,0,1,0,0,0,2.0,124,22,5.636363636363637
1,72,48,0,0,1,2,0,0,0,2,2,0,1,1,0,0,0,4.0,195,35,5.571428571428571
0,4,3,6,0,0,4,0,1,1,2,2,0,0,1,0,3,0,3.0,780,132,5.909090909090909
1,8,2,0,0,1,2,0,1,0,2,2,2,0,1,0,0,0,9.0,179,28,6.392857142857143
1,6,14,3,1,0,2,0,1,1,2,1,1,0,1,0,0,0,4.0,14,3,4.666666666666667
1,60,51,0,0,1,2,0,0,2,2,2,2,0,1,150,0,0,2.0,540,105,5.142857142857143
0,1,3,0,0,1,6,4,1,0,0,0,0,0,1,15,0,0,5.0,124,27,4.592592592592593
1,2,2,0,1,0,1,0,1,0,1,1,0,0,1,0,0,0,3.0,79,14,5.642857142857143
0,4,12,9,1,2,0,0,0,1,2,2,0,0,1,80,0,0,13.0,16,3,5.333333333333333
1,1,2,3,2,1,6,3,1,1,0,0,0,0,9,0,2,0,11.0,594,117,5.076923076923077
0,1,3,0,0,4,0,0,0,0,0,0,0,0,1,0,0,0,3.0,166,26,6.384615384615385
1,5,2,3,2,0,1,1,1,0,0,0,1,0,2,0,0,0,2.0,193,35,5.514285714285714
1,2,23,3,1,0,1,0,1,0,0,0,0,0,1,0,1,0,1.0,58,12,4.833333333333333
0,2,3,0,2,0,1,0,0,1,0,2,0,0,2,0,1,0,9.0,423,79,5.3544303797468356
1,36,53,12,1,1,0,0,0,0,2,2,1,0,1,250,0,0,6.0,2224,411,5.411192214111922
1,7,20,35,1,1,2,0,2,2,2,2,0,0,1,500,0,0,1.0,12,2,6.0
1,1,2,3,1,0,2,0,1,2,2,2,0,0,1,0,0,0,3.0,344,51,6.745098039215686
0,72,56,5,0,1,6,4,1,1,1,1,1,0,1,0,1,0,1.0,547,108,5.064814814814815
0,2,3,0,0,5,2,0,1,0,0,0,0,0,1,0,7,0,4.0,345,69,5.0
0,6,1,6,2,1,4,3,1,1,2,2,2,0,3,135,0,0,14.0,514,88,5.840909090909091
0,1,0,0,1,0,1,5,1,0,0,2,0,0,1,0,0,0,7.0,171,31,5.516129032258065
0,36,3,19,1,0,1,1,1,0,2,2,2,0,1,0,0,0,4.0,1233,222,5.554054054054054
1,2,2,0,2,1,5,0,1,1,2,2,1,0,2,0,9,0,2.0,240,42,5.714285714285714
0,24,12,9,2,0,5,1,1,1,1,1,1,0,3,0,1,0,1.0,34,7,4.857142857142857
0,4,0,0,0,0,3,1,1,0,0,0,0,0,1,0,0,0,5.0,94,20,4.7
1,30,21,35,1,0,6,2,2,2,2,2,2,0,1,0,1,0,6.0,723,149,4.852348993288591
1,2,2,0,1,0,1,0,1,0,0,0,0,0,4,0,1,0,3.0,156,32,4.875
0,3,3,0,1,0,0,0,1,0,0,0,0,0,12,0,0,0,4.0,260,50,5.2
0,1,3,0,0,0,3,1,0,0,0,2,0,0,1,0,1,0,3.0,466,76,6.131578947368421
0,0,3,0,2,0,3,1,1,0,0,0,0,0,2,0,0,0,5.0,240,49,4.8979591836734695
1,2,2,3,2,0,1,1,2,0,0,0,0,0,6,0,0,1,5.0,265,53,5.0
0,2,1,6,1,1,2,0,0,2,0,0,0,0,1,0,1,0,0.0,114,24,4.75
0,3,10,9,2,0,0,0,1,0,0,0,0,0,5,0,0,0,5.0,174,28,6.214285714285714
0,1,3,0,2,1,3,0,0,0,0,0,0,0,2,0,9,2,12.0,685,113,6.061946902654867
0,2,3,0,2,0,5,3,0,0,0,0,0,0,3,0,0,0,9.0,806,129,6.248062015503876
1,2,2,0,1,0,1,0,0,0,0,0,0,0,1,0,0,0,4.0,290,53,5.471698113207547
0,6,3,0,0,0,0,0,0,0,0,0,0,0,1,0,0,0,3.0,91,15,6.066666666666666
0,1,3,0,1,0,1,5,1,0,1,2,0,0,1,0,0,0,2.0,548,98,5.591836734693878
0,2,3,0,1,1,2,0,0,0,0,0,0,0,1,0,1,0,27.0,240,47,5.1063829787234045
1,1,2,3,0,2,2,0,1,0,2,2,2,0,1,200,1,0,7.0,365,67,5.447761194029851
1,1,2,3,1,4,4,1,1,1,2,2,0,0,1,0,0,0,2.0,302,55,5.490909090909091
0,8,3,0,2,0,1,0,1,0,0,0,0,0,3,50,0,0,14.0,242,52,4.653846153846154
0,12,7,1,1,3,0,0,2,2,1,1,1,0,1,0,0,0,1.0,46,9,5.111111111111111
0,12,3,0,1,0,3,1,0,0,2,2,0,0,1,0,0,0,3.0,303,56,5.410714285714286
1,9,2,0,1,1,2,0,1,0,0,0,1,0,2,0,1,0,1.0,117,23,5.086956521739131
1,1,2,0,1,1,0,0,1,1,0,2,0,0,1,0,0,0,4.0,301,53,5.679245283018868
0,3,3,0,1,3,0,0,1,0,0,0,0,0,1,0,0,1,7.0,415,80,5.1875
1,1,22,3,0,0,4,0,1,0,0,0,0,0,1,0,0,0,5.0,485,90,5.388888888888889
1,36,2,0,2,0,6,0,2,2,1,1,1,0,4,0,0,0,3.0,22,4,5.5
1,6,2,0,0,1,0,0,1,0,2,0,0,0,1,0,0,0,1.0,312,54,5.777777777777778
1,12,2,40,1,0,1,0,1,1,2,2,2,0,1,0,0,0,3.0,431,85,5.070588235294117
1,2,2,0,1,1,0,0,1,0,2,2,0,0,1,0,0,0,5.0,89,15,5.933333333333334
0,6,3,8,0,0,3,0,0,0,2,2,1,0,1,0,0,0,1.0,3,1,3.0
0,6,0,0,0,0,3,0,1,1,2,2,2,0,1,0,0,0,6.0,326,60,5.433333333333334
1,5,2,0,0,0,2,0,1,1,2,2,0,0,1,0,1,0,1.0,187,31,6.032258064516129
0,2,3,0,0,0,0,0,1,0,0,0,0,0,1,0,0,0,9.0,465,90,5.166666666666667
0,72,3,0,0,3,2,0,1,0,2,2,2,0,1,0,0,0,1.0,33,6,5.5
0,4,1,0,0,4,2,0,0,1,0,0,0,0,1,0,1,0,1.0,33,6,5.5
1,5,2,0,0,1,6,1,1,0,1,1,1,0,1,0,1,0,9.0,777,144,5.395833333333333
0,5,3,0,0,1,6,4,2,1,0,0,0,0,1,0,0,0,5.0,736,139,5.294964028776978
1,12,2,0,0,0,2,0,1,1,0,0,0,0,1,0,5,0,2.0,151,32,4.71875
1,1,2,0,1,0,1,0,1,0,0,0,1,0,9,0,0,0,6.0,36,8,4.5
0,36,7,0,0,5,2,0,1,1,1,1,1,0,1,0,1,0,1.0,5,1,5.0
1,12,51,50,0,0,1,0,0,1,2,2,1,0,2,0,0,0,2.0,330,59,5.593220338983051
1,7,71,3,1,1,0,0,1,1,1,1,1,0,1,0,0,0,1.0,794,146,5.438356164383562
1,6,2,0,1,1,2,0,1,0,2,2,0,0,1,0,0,0,1.0,214,44,4.863636363636363
1,5,2,0,1,0,2,0,1,0,2,2,2,0,1,0,9,0,1.0,96,20,4.8
1,2,2,0,2,0,1,1,1,1,0,0,1,0,7,0,0,0,1.0,120,20,6.0
1,60,72,0,0,1,4,0,0,2,2,2,0,0,1,0,0,0,3.0,230,50,4.6
1,1,2,3,2,0,0,0,1,0,2,2,0,0,5,0,0,1,2.0,417,80,5.2125
0,12,1,0,1,5,2,0,1,1,0,1,1,0,1,0,6,0,1.0,51,10,5.1
1,4,2,0,1,6,2,0,1,0,1,2,1,0,1,0,9,0,1.0,102,20,5.1
0,3,3,0,0,4,5,0,1,0,0,0,0,0,1,0,3,0,1.0,203,37,5.486486486486487
0,12,3,0,0,0,1,0,2,0,2,2,2,0,1,200,0,1,5.0,484,75,6.453333333333333
1,20,2,3,1,0,1,0,1,1,2,2,2,0,1,0,0,1,2.0,231,33,7.0
1,60,34,0,0,2,2,0,0,1,1,1,1,0,1,0,0,0,5.0,151,30,5.033333333333333
0,4,3,0,0,0,3,1,1,0,1,1,1,0,1,0,0,0,4.0,108,18,6.0
0,2,3,0,2,0,0,0,2,0,0,2,0,0,2,0,1,1,2.0,347,60,5.783333333333333
0,12,3,0,0,4,5,0,1,0,0,0,0,0,1,100,0,0,3.0,212,43,4.930232558139535
0,3,3,0,1,3,2,0,0,1,2,2,0,0,1,0,0,0,1.0,16,3,5.333333333333333
1,1,2,0,2,0,1,1,1,0,0,0,0,0,7,0,0,0,6.0,20,3,6.666666666666667
1,144,74,0,0,2,2,0,1,1,1,1,0,0,1,0,0,0,1.0,491,98,5.010204081632653
0,4,1,9,1,4,2,0,0,1,2,2,0,0,2,0,1,0,3.0,15,3,5.0
1,72,9,0,1,1,4,0,0,0,1,2,1,0,1,0,0,0,2.0,458,91,5.032967032967033
0,7,1,0,0,0,0,0,1,1,2,2,2,0,1,0,0,0,5.0,175,32,5.46875
0,5,3,0,2,3,0,0,0,0,2,2,2,0,2,0,1,0,5.0,30,5,6.0
1,3,2,14,1,0,3,1,2,0,2,2,2,0,1,0,0,0,1.0,55,10,5.5
0,2,3,23,1,1,2,0,0,0,0,0,0,0,1,0,0,0,4.0,103,19,5.421052631578948
1,2,2,0,1,1,2,0,1,0,2,2,0,0,1,0,0,0,1.0,117,23,5.086956521739131
0,1,1,0,2,0,5,1,1,0,0,0,0,0,5,0,5,0,3.0,266,49,5.428571428571429
1,2,2,0,1,0,1,0,1,1,2,2,0,0,1,0,0,0,4.0,212,41,5.170731707317073
1,1,2,0,1,1,0,0,0,0,0,0,1,0,1,0,1,0,4.0,243,50,4.86
1,12,2,3,2,0,1,0,2,0,0,0,0,0,4,0,0,0,3.0,261,45,5.8
0,1,1,0,0,0,0,0,0,1,0,0,0,0,1,0,0,0,1.0,304,54,5.62962962962963
0,1,3,0,0,0,2,0,1,0,0,0,0,0,1,0,0,0,7.0,824,155,5.316129032258065
1,6,2,11,1,1,2,0,1,0,0,0,0,0,1,100,11,0,1.0,313,68,4.602941176470588
0,12,3,0,0,5,2,0,2,0,1,1,1,0,1,0,1,0,1.0,124,20,6.2
1,96,20,0,0,4,2,0,2,2,2,2,2,0,1,0,5,0,2.0,190,38,5.0
1,1,2,0,1,0,1,0,0,0,0,0,0,0,1,0,1,0,1.0,1,1,1.0
1,41,2,0,1,0,4,0,1,1,2,2,1,0,1,100,3,0,2.0,40,9,4.444444444444445
1,36,11,0,1,1,0,0,0,1,1,1,1,0,1,0,0,0,5.0,528,105,5.0285714285714285
1,48,23,31,1,0,1,0,2,2,2,2,2,0,1,0,0,0,3.0,14,3,4.666666666666667
1,3,2,31,1,0,1,0,1,1,2,2,0,0,1,0,0,0,5.0,14,3,4.666666666666667
0,9,10,9,0,2,2,0,1,0,2,2,2,0,2,0,0,0,3.0,204,36,5.666666666666667
1,2,57,3,1,0,1,1,1,0,0,2,0,0,1,0,1,0,7.0,27,4,6.75
1,24,2,0,1,2,2,0,1,1,2,2,2,0,1,100,0,0,1.0,116,23,5.043478260869565
0,4,7,6,2,0,6,0,1,1,2,2,0,0,4,100,0,0,5.0,635,123,5.162601626016261
1,2,2,0,0,0,0,0,1,0,0,2,0,0,1,200,1,0,3.0,161,29,5.551724137931035
1,4,23,31,0,1,2,0,0,1,1,1,1,0,1,150,0,0,0.0,5,1,5.0
1,6,2,0,1,0,5,0,1,0,1,1,1,0,1,0,9,0,4.0,675,136,4.963235294117647
1,1,2,3,2,1,0,0,2,1,0,0,0,0,2,0,0,0,4.0,277,56,4.946428571428571
0,3,1,0,1,0,1,1,1,1,0,2,0,0,1,300,0,0,4.0,1427,278,5.133093525179856
1,1,2,3,0,0,1,0,1,1,0,0,0,0,1,0,0,0,2.0,12,2,6.0
1,3,2,0,1,0,2,0,1,0,1,1,1,0,1,0,0,0,3.0,442,85,5.2
0,12,3,0,0,4,3,1,1,0,0,2,2,0,2,0,0,0,6.0,219,42,5.214285714285714
1,2,2,0,0,0,2,0,2,1,2,2,0,0,1,0,3,0,3.0,234,47,4.9787234042553195
1,3,2,0,1,1,4,0,1,1,2,2,2,0,3,0,1,0,5.0,106,18,5.888888888888889
0,2,3,0,2,4,2,0,1,0,0,0,2,0,3,0,0,0,1.0,204,40,5.1
1,1,2,3,1,0,1,0,1,1,2,2,1,0,2,0,6,0,2.0,120,24,5.0
0,1,3,9,1,4,5,1,1,0,0,0,0,0,3,0,0,0,5.0,501,86,5.825581395348837
0,1,1,0,1,0,5,1,0,1,0,2,0,0,1,0,3,0,4.0,481,85,5.658823529411765
1,2,2,0,1,0,6,2,1,0,0,0,0,0,3,0,0,0,9.0,544,99,5.494949494949495
0,12,3,0,0,0,0,0,1,0,1,1,0,0,1,50,0,0,1.0,179,33,5.424242424242424
0,1,1,0,0,0,0,0,1,1,0,2,0,0,1,50,0,0,5.0,685,130,5.269230769230769
1,2,2,0,1,0,5,0,1,0,2,2,0,0,1,0,0,0,4.0,201,33,6.090909090909091
1,12,2,0,0,4,4,0,1,1,0,0,0,0,1,0,1,0,10.0,477,97,4.917525773195877
1,96,9,0,1,1,5,2,0,2,2,2,2,0,1,150,1,0,4.0,509,93,5.473118279569892
0,2,10,9,1,1,4,0,0,1,0,0,0,0,1,100,3,2,18.0,5289,936,5.6506410256410255
0,6,99,0,0,5,2,0,1,0,1,1,1,0,1,0,0,0,0.0,264,58,4.551724137931035
0,2,3,0,0,6,0,0,1,0,0,2,0,0,1,0,1,0,4.0,205,43,4.767441860465116
1,6,53,0,1,1,2,0,0,0,2,2,0,0,1,500,1,0,1.0,64,11,5.818181818181818
1,2,2,0,0,0,1,2,1,1,0,2,0,0,3,0,0,0,14.0,301,53,5.679245283018868
1,6,2,0,1,1,2,0,0,0,2,2,2,0,1,0,1,0,2.0,1276,276,4.6231884057971016
0,18,3,0,1,3,0,0,1,0,0,0,0,0,1,0,3,0,2.0,719,130,5.530769230769231
0,3,1,0,2,0,3,0,1,1,0,0,0,0,2,0,1,0,5.0,150,27,5.555555555555555
0,2,81,0,2,0,0,0,0,0,0,0,0,0,2,0,0,0,4.0,156,31,5.032258064516129
0,6,3,0,2,0,3,1,1,0,0,2,2,0,4,0,1,0,5.0,294,56,5.25
0,12,3,0,1,0,0,0,1,0,2,2,2,0,1,0,1,0,5.0,107,20,5.35
0,3,3,0,0,0,3,0,0,1,2,2,0,0,1,0,11,0,1.0,196,38,5.157894736842105
0,3,3,0,1,0,3,1,1,0,0,2,0,0,1,0,0,0,2.0,361,62,5.82258064516129
1,12,13,3,0,1,4,0,0,1,1,1,1,0,1,0,1,0,1.0,1566,264,5.931818181818182
1,8,2,3,0,1,6,4,1,1,2,2,1,0,1,0,0,0,5.0,428,79,5.417721518987341
0,6,3,0,1,0,0,0,1,0,2,2,2,0,1,90,0,0,5.0,4582,770,5.950649350649351
0,2,3,0,1,5,2,0,0,0,0,2,0,0,1,0,3,0,5.0,384,78,4.923076923076923
0,2,3,0,1,0,1,1,1,0,0,0,0,0,2,0,0,0,5.0,448,83,5.397590361445783
0,10,0,0,0,6,0,0,1,0,2,2,2,0,1,0,9,0,6.0,485,85,5.705882352941177
0,8,3,0,0,1,2,0,1,1,2,2,1,0,1,0,1,0,3.0,129,26,4.961538461538462
1,48,20,0,1,4,2,0,2,2,2,2,2,0,1,0,0,0,3.0,526,94,5.595744680851064
1,8,8,0,1,0,2,0,2,2,2,2,0,0,1,1000,0,0,1.0,151,29,5.206896551724138
1,9,18,33,1,0,6,2,1,1,2,2,2,0,1,200,5,0,14.0,311,61,5.098360655737705
1,6,2,58,1,0,1,0,1,0,2,2,2,0,1,0,0,0,1.0,227,46,4.934782608695652
0,2,10,22,0,1,4,1,0,0,0,0,0,0,1,0,1,0,1.0,266,51,5.215686274509804
0,2,3,0,1,1,5,3,1,0,0,2,2,0,1,0,0,0,11.0,577,112,5.151785714285714
1,2,2,0,0,1,0,0,1,0,0,0,0,0,1,0,0,0,2.0,365,64,5.703125
0,2,3,0,1,0,3,1,1,0,2,2,0,0,2,0,1,0,2.0,16,3,5.333333333333333
1,1,2,3,1,1,0,0,1,0,0,1,0,0,1,0,0,0,1.0,20,4,5.0
1,6,2,0,1,1,2,0,2,0,2,2,0,0,1,0,1,0,5.0,557,108,5.157407407407407
1,4,23,3,1,0,1,0,1,1,2,2,2,0,1,0,0,0,2.0,268,53,5.056603773584905
1,36,104,0,0,0,6,3,0,1,1,2,0,0,1,0,1,0,2.0,854,166,5.144578313253012
0,23,1,0,1,1,2,0,1,1,2,2,0,0,1,0,1,0,2.0,14,3,4.666666666666667
1,2,2,0,0,2,0,0,1,0,0,2,0,0,1,0,0,0,3.0,138,24,5.75
1,4,2,0,0,0,3,1,1,0,2,2,2,0,1,200,1,0,1.0,195,34,5.735294117647059
1,1,2,3,2,2,2,0,1,1,0,0,0,0,2,0,3,0,14.0,93,18,5.166666666666667
1,2,2,0,1,1,2,0,1,0,0,0,0,0,1,0,0,0,4.0,437,81,5.395061728395062
1,12,2,0,1,5,2,0,2,0,2,2,2,0,1,0,1,0,0.0,430,83,5.180722891566265
1,2,2,0,0,1,2,0,1,0,2,2,0,0,1,0,1,0,3.0,816,165,4.945454545454545
1,1,2,0,0,2,2,0,0,0,2,2,2,0,1,0,1,0,1.0,202,36,5.611111111111111
0,1,3,0,2,0,1,5,1,0,0,0,0,0,2,0,0,4,11.0,1052,184,5.717391304347826
1,2,2,0,0,0,2,0,1,0,0,0,0,0,1,0,1,0,1.0,102,20,5.1
0,4,1,0,0,0,3,1,1,1,0,0,0,0,1,0,0,0,2.0,19,4,4.75
1,72,107,0,1,5,2,0,1,0,2,2,0,0,1,100,3,0,8.0,635,124,5.120967741935484
0,1,1,0,2,0,6,0,0,1,2,0,0,0,2,0,0,0,0.0,135,23,5.869565217391305
0,4,108,67,1,2,3,1,1,2,1,1,0,0,1,0,1,0,1.0,317,50,6.34
0,3,3,10,0,0,3,1,2,0,2,2,0,0,1,0,1,0,1.0,36,6,6.0
1,1,2,0,2,0,1,1,1,1,0,0,0,0,9,0,0,0,11.0,108,22,4.909090909090909
0,1,3,0,2,1,6,0,0,0,0,0,0,0,4,0,0,0,3.0,307,58,5.293103448275862
0,1,3,0,2,1,5,3,0,0,1,1,1,0,3,0,0,0,2.0,80,16,5.0
0,36,3,0,1,4,3,1,1,1,1,1,2,0,1,0,0,0,5.0,577,107,5.392523364485982
1,1,2,0,2,0,5,1,1,1,0,0,0,0,3,0,0,0,5.0,385,70,5.5
0,24,1,57,1,3,2,0,1,1,0,0,0,0,1,0,1,0,2.0,455,89,5.112359550561798
0,8,1,0,1,6,3,1,0,1,2,2,0,0,1,0,0,0,5.0,293,62,4.725806451612903
0,4,3,0,2,0,4,0,1,0,0,0,0,0,2,300,0,1,5.0,196,37,5.297297297297297
1,24,2,0,1,1,2,0,1,1,1,1,1,0,1,0,1,0,3.0,522,91,5.736263736263736
0,3,3,0,0,0,0,0,1,0,0,0,0,0,1,15,0,0,4.0,214,48,4.458333333333333
1,4,2,3,0,4,2,0,1,0,2,2,0,0,1,0,0,0,5.0,526,101,5.207920792079208
1,3,37,0,2,0,4,1,1,0,0,2,0,0,4,0,0,0,6.0,853,160,5.33125
0,36,3,0,1,6,2,0,2,0,2,2,0,0,1,0,1,0,10.0,17,3,5.666666666666667
1,1,2,0,0,4,2,0,1,0,0,0,0,0,1,0,0,0,1.0,75,11,6.818181818181818
1,2,2,0,1,0,1,0,1,0,0,0,0,0,1,0,1,0,1.0,189,35,5.4
0,2,3,9,2,1,6,1,1,0,0,0,0,0,3,0,0,0,5.0,126,22,5.7272727272727275
1,24,2,0,1,0,0,0,0,1,2,2,2,0,1,0,0,0,3.0,138,25,5.52
1,72,8,38,1,0,1,0,2,1,2,2,2,0,1,0,0,0,7.0,12,2,6.0
0,1,4,0,2,0,4,1,0,2,0,0,0,0,5,0,0,0,5.0,301,43,7.0
0,17,3,0,1,0,3,1,0,0,2,1,1,1,1,0,0,0,4.0,564,112,5.035714285714286
0,8,3,0,0,3,2,0,1,0,0,0,0,0,1,0,1,0,3.0,25,4,6.25
0,2,26,48,2,4,0,0,1,1,0,2,0,0,2,0,1,0,3.0,416,78,5.333333333333333
1,17,69,0,1,5,2,0,0,0,2,2,0,0,1,0,0,0,2.0,29,5,5.8
1,3,2,0,1,2,2,0,1,0,2,2,0,0,1,0,0,0,7.0,744,145,5.13103448275862
0,2,3,0,1,0,4,0,1,0,0,0,0,0,1,170,0,2,4.0,608,112,5.428571428571429
0,5,3,9,1,0,3,0,1,0,0,2,0,0,1,0,1,0,1.0,306,48,6.375
1,1,100,0,0,0,2,0,1,1,0,0,0,0,1,200,7,0,5.0,189,32,5.90625
0,2,1,0,1,0,1,2,0,1,0,0,0,0,1,0,0,0,4.0,58,12,4.833333333333333
0,15,12,0,2,0,6,1,0,0,0,0,2,0,3,0,0,0,3.0,338,64,5.28125
0,11,3,9,2,0,6,1,1,1,2,2,2,0,6,0,0,0,5.0,201,38,5.2894736842105265
1,6,2,0,1,1,2,0,1,0,0,0,0,1,1,0,1,0,5.0,824,159,5.182389937106918
1,9,2,33,1,0,1,1,1,1,2,2,2,0,1,0,0,0,7.0,1381,246,5.6138211382113825
1,1,2,0,0,0,1,3,1,1,0,0,0,0,3,0,1,0,3.0,214,39,5.487179487179487
1,24,14,3,0,0,1,0,1,1,1,1,1,0,1,0,0,0,1.0,135,21,6.428571428571429
1,1,2,0,0,0,5,0,1,0,1,1,0,0,1,0,0,0,1.0,73,13,5.615384615384615
0,12,3,0,0,0,4,3,1,0,0,2,0,0,2,0,0,0,4.0,176,34,5.176470588235294
0,2,1,0,2,0,1,1,1,0,1,1,1,0,4,0,3,0,1.0,33,5,6.6
1,1,2,3,1,4,2,0,1,0,0,0,0,0,1,0,0,0,1.0,121,24,5.041666666666667
1,2,2,0,1,2,2,0,1,0,0,0,0,0,1,0,1,0,1.0,257,47,5.468085106382978
0,36,3,0,1,0,4,1,1,0,2,2,2,0,1,0,0,0,1.0,751,141,5.326241134751773
0,1,3,0,1,0,4,1,1,0,0,0,0,0,2,0,1,0,1.0,154,32,4.8125
1,10,13,0,0,5,2,0,0,1,2,2,0,0,1,0,1,0,0.0,60,10,6.0
1,2,2,0,2,0,4,0,1,0,0,2,0,0,3,0,0,0,4.0,129,19,6.7894736842105265
1,2,2,0,1,6,4,0,1,0,0,2,0,0,1,0,0,0,1.0,77,15,5.133333333333334
0,12,92,9,0,1,2,0,1,0,2,2,2,0,1,0,0,0,3.0,90,12,7.5
1,2,2,0,2,0,1,5,1,1,2,2,0,0,6,0,0,0,5.0,247,40,6.175
1,2,2,0,2,0,1,1,1,1,2,2,0,0,13,0,0,0,5.0,82,14,5.857142857142857
0,2,0,0,1,0,0,0,1,0,0,0,0,0,1,0,0,0,5.0,106,20,5.3
0,2,3,0,0,1,2,0,0,0,0,0,0,0,1,20,0,0,2.0,27,7,3.857142857142857
1,1,2,0,2,0,0,0,0,1,0,0,0,0,2,0,0,0,1.0,270,53,5.09433962264151
1,120,72,0,1,3,0,0,0,1,1,1,2,0,1,0,0,0,5.0,404,83,4.867469879518072
0,2,3,0,1,0,1,1,1,0,0,2,1,0,1,0,0,0,4.0,766,133,5.7593984962406015
1,3,2,0,1,1,4,0,1,0,2,2,0,0,1,0,3,0,4.0,197,30,6.566666666666666
0,15,10,0,1,5,2,0,1,0,0,0,1,0,1,0,12,0,1.0,121,23,5.260869565217392
0,1,3,0,2,0,3,1,0,0,0,0,0,0,4,0,1,0,3.0,33,5,6.6
1,1,2,3,1,0,1,1,1,0,2,2,1,0,11,0,1,0,11.0,20,3,6.666666666666667
0,6,3,0,1,4,5,2,1,0,2,2,0,0,1,0,0,0,1.0,162,27,6.0
1,3,2,3,1,0,2,0,1,0,0,0,1,0,2,0,1,0,5.0,32,6,5.333333333333333
0,14,61,10,0,2,2,0,2,2,2,2,0,0,1,300,0,0,3.0,47,9,5.222222222222222
1,1,2,0,2,0,1,2,1,0,0,0,0,0,4,0,0,0,5.0,362,71,5.098591549295775
0,2,3,0,2,0,5,1,0,0,0,0,0,0,4,0,0,0,4.0,419,84,4.988095238095238
0,24,3,9,0,2,2,0,2,0,2,2,0,2,1,0,1,0,11.0,1700,312,5.448717948717949
0,1,10,0,1,1,3,1,0,1,0,0,0,0,1,0,6,0,5.0,356,60,5.933333333333334
0,24,36,8,1,3,2,0,2,1,1,2,2,0,1,150,1,0,1.0,133,28,4.75
0,72,3,0,1,4,5,1,0,0,0,0,2,0,1,0,0,0,2.0,1103,202,5.46039603960396
1,1,22,3,0,0,0,0,1,0,0,0,0,0,1,0,0,0,5.0,380,72,5.277777777777778
1,2,2,0,1,0,0,0,1,1,0,0,0,0,1,0,1,0,2.0,18,3,6.0
0,12,1,0,1,6,4,0,0,1,1,1,0,0,1,0,1,0,3.0,408,76,5.368421052631579
1,6,2,3,0,0,2,0,1,0,0,0,0,0,1,0,1,0,3.0,640,117,5.47008547008547
1,2,14,7,0,0,1,0,1,0,2,2,0,0,1,0,0,0,10.0,474,86,5.511627906976744
0,1,10,0,2,0,6,1,0,0,0,0,0,0,10,0,0,0,3.0,111,23,4.826086956521739
1,12,11,3,0,1,0,0,1,1,2,2,2,0,1,0,2,0,6.0,471,91,5.175824175824176
1,1,118,7,2,3,2,0,1,1,0,1,0,0,7,250,1,0,1.0,236,36,6.555555555555555
0,4,3,0,1,0,0,0,0,0,0,2,0,0,1,0,3,0,3.0,126,28,4.5
0,4,3,0,1,2,3,0,1,0,1,1,0,0,1,50,0,0,1.0,699,128,5.4609375
0,1,3,0,2,1,4,1,0,0,0,0,0,0,7,0,0,0,1.0,362,67,5.402985074626866
1,1,2,0,2,0,1,0,0,0,0,0,0,0,7,0,9,0,5.0,286,54,5.296296296296297
1,1,2,0,1,1,2,0,1,0,2,2,2,0,1,0,0,0,1.0,206,42,4.904761904761905
1,1,2,0,2,4,4,0,1,0,0,2,0,0,2,0,1,0,1.0,37,9,4.111111111111111
0,1,3,0,1,5,2,0,0,0,2,2,2,0,3,0,0,0,2.0,408,75,5.44
1,24,2,0,0,2,2,0,1,1,1,1,1,0,1,0,0,0,2.0,115,24,4.791666666666667
1,5,2,0,1,2,2,0,1,0,2,2,2,0,1,0,1,0,4.0,67,12,5.583333333333333
0,5,3,10,0,1,6,4,1,2,0,2,0,0,1,80,0,0,7.0,270,53,5.09433962264151
0,18,3,0,2,0,6,1,1,1,0,0,0,1,4,0,0,0,3.0,605,99,6.111111111111111
0,4,1,0,1,0,1,0,2,1,0,0,0,0,1,0,1,0,7.0,30,6,5.0
1,2,2,0,2,0,5,1,1,0,0,0,0,0,6,0,1,0,6.0,75,15,5.0
0,2,3,0,2,0,1,5,1,0,2,2,1,0,3,0,3,0,4.0,493,93,5.301075268817204
0,8,78,23,1,1,2,0,1,1,2,2,0,0,1,200,0,0,3.0,193,33,5.848484848484849
1,3,2,3,1,0,1,1,1,1,0,2,0,0,1,100,0,0,10.0,423,78,5.423076923076923
1,4,2,0,2,1,2,0,1,1,2,2,2,0,3,0,0,0,3.0,326,59,5.52542372881356
0,2,10,0,1,1,2,0,1,0,0,0,0,0,1,0,0,0,3.0,262,48,5.458333333333333
1,6,2,0,1,1,0,0,1,1,2,2,2,1,1,0,0,0,6.0,239,40,5.975
1,2,2,0,1,1,2,0,1,0,2,2,0,0,1,0,0,0,10.0,135,22,6.136363636363637
0,3,3,0,0,0,0,0,1,0,2,2,0,0,1,120,0,0,4.0,178,33,5.393939393939394
1,48,63,2,0,0,1,2,0,0,2,2,0,0,1,0,0,0,3.0,48,7,6.857142857142857
0,4,3,0,1,5,2,0,0,0,0,0,2,0,1,0,1,0,3.0,167,30,5.566666666666666
0,3,1,26,2,6,4,1,0,1,0,0,0,0,4,0,0,0,6.0,411,79,5.2025316455696204
0,2,3,0,1,6,0,0,0,0,1,1,1,0,1,0,1,0,2.0,27,4,6.75
1,24,2,0,1,0,0,0,1,0,1,1,0,0,1,0,1,0,2.0,305,59,5.169491525423729
1,12,19,0,0,0,3,1,1,0,2,2,2,0,1,200,0,0,3.0,65,14,4.642857142857143
1,15,20,0,0,1,6,0,2,1,2,2,1,0,1,0,1,0,0.0,280,48,5.833333333333333
1,24,2,3,1,1,2,0,1,1,1,1,1,0,1,0,1,0,4.0,251,44,5.704545454545454
0,2,10,0,0,1,4,1,0,0,0,0,0,0,1,0,0,0,2.0,780,154,5.064935064935065
0,4,3,0,1,5,2,0,0,0,0,2,0,1,1,0,1,0,4.0,758,130,5.8307692307692305
1,12,98,0,1,4,2,0,1,1,2,2,1,0,1,300,3,0,3.0,120,18,6.666666666666667
0,2,3,0,0,0,0,0,1,0,0,2,0,0,1,50,0,0,4.0,697,124,5.620967741935484
0,7,7,46,0,0,0,0,1,2,0,2,0,0,1,350,0,1,5.0,697,131,5.320610687022901
1,2,2,3,2,1,4,1,1,1,2,2,0,0,4,0,0,3,13.0,334,50,6.68
0,24,3,0,0,1,5,1,2,0,2,2,0,0,1,0,0,0,2.0,908,187,4.855614973262032
0,1,3,0,2,0,5,1,1,0,0,0,0,0,7,0,9,0,3.0,49,9,5.444444444444445
1,2,2,0,1,0,1,0,1,1,0,0,0,0,1,0,0,0,9.0,318,59,5.389830508474576
0,2,26,0,1,0,4,1,1,0,0,2,0,0,1,0,2,0,3.0,81,16,5.0625
0,2,3,9,2,0,1,1,1,0,0,0,0,0,2,0,0,0,1.0,128,21,6.095238095238095
1,60,9,0,0,1,0,0,1,1,1,1,1,0,1,0,1,0,2.0,167,30,5.566666666666666
1,48,51,3,0,2,0,0,1,1,2,1,1,0,1,0,0,0,2.0,172,35,4.914285714285715
0,3,3,0,1,0,2,0,1,0,0,2,0,0,1,0,1,0,4.0,37,5,7.4
0,3,1,0,1,0,6,1,0,1,0,2,0,0,1,0,3,0,2.0,466,85,5.482352941176471
1,1,2,3,1,1,2,0,1,1,2,2,0,0,1,0,0,0,2.0,12,2,6.0
1,3,2,0,0,1,2,0,1,0,2,2,0,0,1,0,0,0,1.0,139,27,5.148148148148148
1,2,25,3,1,0,1,0,1,0,2,2,0,0,1,0,0,0,3.0,124,22,5.636363636363637
1,36,20,0,1,4,2,0,2,1,2,2,0,0,1,0,0,0,1.0,628,120,5.233333333333333
0,2,0,6,0,3,2,0,0,2,0,2,0,0,1,0,2,0,3.0,72,11,6.545454545454546
1,12,48,0,1,0,5,0,1,0,2,2,0,0,1,250,1,0,3.0,565,112,5.044642857142857
1,24,2,0,1,2,0,0,1,1,2,2,2,0,1,1,0,0,5.0,596,122,4.885245901639344
0,0,3,0,2,1,4,1,0,0,1,1,1,0,4,0,7,0,4.0,30,6,5.0
1,24,2,0,1,0,4,0,1,0,2,2,2,0,1,0,0,0,1.0,221,47,4.702127659574468
0,4,4,8,1,0,3,1,2,2,0,2,0,0,2,200,0,0,9.0,236,35,6.742857142857143
1,2,2,0,1,0,1,1,1,0,1,1,0,0,1,0,0,0,1.0,76,13,5.846153846153846
0,1,3,0,0,3,0,0,1,0,0,0,0,0,1,15,0,0,6.0,101,20,5.05
0,36,3,0,1,0,3,1,1,2,2,2,1,0,1,300,0,0,2.0,36,7,5.142857142857143
0,8,4,9,0,4,5,1,2,0,0,2,0,0,1,50,0,0,5.0,901,140,6.435714285714286
1,1,2,3,1,1,0,0,1,1,0,2,0,0,1,0,0,0,1.0,14,3,4.666666666666667
1,84,20,11,1,0,2,0,1,1,2,2,0,0,1,0,0,0,1.0,469,88,5.329545454545454
0,6,3,0,1,2,0,0,0,0,2,2,2,0,1,0,1,0,4.0,313,61,5.131147540983607
1,8,2,0,1,1,2,0,1,0,2,2,2,0,1,0,1,0,4.0,141,22,6.409090909090909
1,1,2,0,1,0,1,0,1,1,0,0,0,0,1,0,3,0,1.0,137,20,6.85
0,84,78,0,1,3,2,0,1,0,2,2,2,0,1,0,0,2,5.0,135,27,5.0
0,4,0,0,1,6,0,0,1,0,2,2,1,0,1,0,0,0,2.0,55,8,6.875
0,2,7,6,1,0,5,1,1,1,0,0,0,0,1,50,0,0,4.0,339,62,5.467741935483871
0,12,3,0,0,1,4,0,1,0,2,2,2,0,1,0,0,0,2.0,437,69,6.333333333333333
1,8,2,53,1,0,1,0,1,2,2,2,2,0,1,0,0,0,7.0,404,73,5.534246575342466
0,2,59,48,1,1,2,0,0,0,0,2,0,0,1,0,5,0,5.0,391,74,5.283783783783784
0,12,7,10,0,5,2,0,1,0,2,0,1,0,1,0,1,0,0.0,221,38,5.815789473684211
0,2,3,0,0,0,6,2,1,0,0,0,0,0,5,0,1,0,3.0,232,37,6.27027027027027
1,3,2,0,1,0,1,1,1,0,1,1,0,0,1,0,0,0,7.0,370,70,5.285714285714286
0,2,1,0,0,3,2,0,0,1,1,1,1,0,2,0,0,0,1.0,82,13,6.3076923076923075
0,3,1,6,1,3,0,0,0,1,0,0,0,0,1,0,0,0,12.0,7,1,7.0
1,3,2,0,1,5,2,0,1,0,0,0,0,0,1,0,0,0,1.0,325,68,4.779411764705882
0,2,3,0,0,1,3,1,1,0,0,2,0,0,2,0,0,0,3.0,305,61,5.0
0,0,3,9,1,0,1,1,0,0,0,0,0,0,6,0,1,0,0.0,337,63,5.349206349206349
0,4,3,0,0,0,1,1,0,1,2,2,0,0,2,0,1,0,1.0,148,27,5.481481481481482
1,24,16,0,1,0,3,1,0,0,1,1,1,0,1,0,0,0,3.0,352,57,6.175438596491228
0,12,3,0,0,1,2,0,1,1,2,2,2,0,1,100,1,0,4.0,211,29,7.275862068965517
1,3,2,0,1,1,2,0,1,0,0,0,0,0,1,0,1,0,1.0,39,8,4.875
1,2,2,0,0,0,1,0,2,0,2,2,0,0,1,0,0,0,5.0,446,87,5.126436781609195
1,4,2,0,1,1,2,0,1,0,2,2,0,0,1,0,0,0,5.0,344,51,6.745098039215686
1,3,2,0,1,0,1,1,1,1,2,2,0,0,1,0,0,0,1.0,10,2,5.0
0,5,3,0,2,0,0,0,1,0,0,0,0,0,5,50,1,0,3.0,63,12,5.25
1,1,2,3,1,0,5,0,1,0,0,0,0,0,2,0,3,0,3.0,118,22,5.363636363636363
0,2,3,0,1,0,1,1,1,1,0,2,0,0,1,0,0,0,13.0,808,151,5.3509933774834435
0,1,1,9,2,0,5,1,0,1,0,0,0,0,4,0,1,0,3.0,269,54,4.981481481481482
1,2,2,0,1,0,0,0,1,1,0,0,0,0,6,0,0,0,6.0,194,37,5.243243243243243
0,3,3,0,0,2,2,0,1,0,0,2,0,0,1,0,1,1,12.0,211,40,5.275
0,2,1,0,0,0,3,1,0,1,0,0,0,1,1,0,1,0,3.0,540,106,5.09433962264151
0,6,3,9,0,6,0,0,1,0,0,0,0,0,1,0,0,0,2.0,136,22,6.181818181818182
0,2,4,0,0,2,2,0,1,1,0,2,0,0,2,0,0,0,3.0,182,32,5.6875
1,12,2,0,2,1,2,0,1,1,1,1,1,0,4,0,1,0,5.0,2150,366,5.8743169398907105
1,6,2,0,0,1,0,0,1,0,2,2,1,0,1,0,3,0,1.0,279,56,4.982142857142857
0,4,3,0,2,6,3,1,1,0,0,2,0,0,3,0,0,0,3.0,341,62,5.5
0,10,1,0,1,0,1,1,1,1,0,0,0,0,1,0,5,0,1.0,205,42,4.880952380952381
0,3,3,8,2,5,2,0,1,0,2,2,0,0,2,0,1,0,4.0,347,68,5.102941176470588
1,12,2,0,2,0,1,1,1,0,1,1,1,1,3,0,1,0,1.0,2150,366,5.8743169398907105
1,48,2,0,0,1,0,0,1,1,2,2,2,1,1,0,1,0,2.0,568,108,5.2592592592592595
0,3,3,0,1,1,4,1,1,0,0,0,0,0,1,10,2,0,3.0,340,64,5.3125
1,1,2,0,1,0,0,0,1,0,0,0,0,0,1,0,2,1,5.0,694,132,5.257575757575758
0,6,1,9,1,0,0,0,0,0,2,2,0,0,1,0,0,0,1.0,71,14,5.071428571428571
0,6,7,0,0,4,2,0,1,1,1,1,1,0,1,500,0,0,2.0,11,3,3.6666666666666665
0,2,1,0,1,0,5,1,0,1,0,2,0,0,1,0,0,0,3.0,115,17,6.764705882352941
1,24,2,0,1,0,1,0,0,1,2,2,2,0,1,100,3,0,3.0,706,135,5.229629629629629
0,2,3,0,1,5,2,0,1,0,2,2,0,0,1,100,1,0,5.0,895,172,5.203488372093023
0,1,3,0,2,0,4,1,0,0,0,0,0,0,2,0,0,0,1.0,179,34,5.264705882352941
1,36,2,0,0,5,2,0,1,0,2,2,0,0,1,80,0,0,2.0,167,31,5.387096774193548
1,1,2,0,1,0,0,0,1,0,0,0,0,0,1,20,3,0,1.0,141,25,5.64
0,2,3,0,0,3,0,0,1,0,0,0,0,0,1,0,0,0,5.0,98,19,5.157894736842105
0,18,26,23,2,0,6,1,1,2,1,1,1,0,3,0,0,0,10.0,348,69,5.043478260869565
0,3,3,0,0,0,0,0,1,0,1,2,1,0,1,0,1,0,6.0,585,107,5.4672897196261685
1,3,5,3,1,0,1,1,2,1,2,2,0,0,1,0,0,0,9.0,244,41,5.951219512195122
1,2,2,3,0,1,2,0,1,1,2,2,0,0,1,0,0,0,1.0,12,2,6.0
0,2,3,0,0,0,1,4,0,0,1,1,1,0,1,0,1,0,4.0,45,8,5.625
1,24,2,0,1,1,4,0,0,1,1,1,1,0,1,0,0,0,2.0,153,29,5.275862068965517
1,3,2,0,2,0,1,1,1,0,0,0,0,0,3,0,0,0,7.0,715,140,5.107142857142857
1,1,2,0,2,2,0,0,0,1,0,0,0,0,2,0,1,0,0.0,209,39,5.358974358974359
1,8,2,0,0,0,1,0,1,0,1,1,2,0,1,0,0,0,2.0,314,63,4.984126984126984
1,4,2,3,2,1,5,1,1,1,0,0,0,0,4,0,0,0,3.0,77,14,5.5
0,2,3,9,2,0,6,1,1,0,0,0,0,0,5,0,0,0,5.0,391,70,5.585714285714285
1,3,21,35,2,0,3,1,2,1,2,2,0,0,3,0,0,0,7.0,523,90,5.811111111111111
1,2,2,0,1,0,1,0,1,0,2,2,0,0,1,0,0,0,1.0,954,168,5.678571428571429
1,3,2,0,1,0,0,0,1,1,2,2,0,0,2,200,0,0,5.0,380,76,5.0
0,2,10,6,0,2,0,0,1,1,0,0,0,0,3,0,1,0,1.0,42,6,7.0
1,24,20,0,1,4,2,0,1,1,2,2,0,0,1,0,0,0,2.0,138,29,4.758620689655173
1,33,21,33,1,4,5,1,1,1,2,2,2,0,1,10,0,0,4.0,200,39,5.128205128205129
1,0,2,0,2,0,1,1,0,0,0,0,2,0,8,0,2,1,2.0,201,35,5.742857142857143
0,1,3,0,0,0,0,0,1,0,0,0,0,0,1,0,1,0,5.0,142,27,5.2592592592592595
0,5,1,0,0,6,0,0,1,0,2,2,0,1,1,0,0,0,9.0,56,10,5.6
1,2,2,0,1,0,0,0,1,1,1,1,2,0,1,0,1,0,3.0,129,22,5.863636363636363
0,2,3,0,1,1,2,0,1,0,0,0,0,0,1,0,0,0,2.0,400,81,4.938271604938271
1,4,48,3,1,0,1,0,1,0,2,2,2,0,1,0,2,0,11.0,360,58,6.206896551724138
1,1,2,0,0,1,0,0,1,1,0,0,0,0,1,0,3,0,2.0,103,17,6.0588235294117645
1,3,25,40,0,0,6,0,2,1,1,1,0,0,1,0,0,0,2.0,98,17,5.764705882352941
1,5,2,0,1,1,5,0,1,0,1,1,1,0,1,0,0,0,2.0,54,10,5.4
0,1,1,0,0,5,2,0,0,1,0,0,0,1,1,0,0,0,2.0,138,25,5.52
1,1,2,0,0,0,1,0,1,0,0,0,0,0,1,0,0,0,7.0,189,31,6.096774193548387
0,1,1,6,2,5,2,0,0,1,0,0,1,0,3,0,1,0,3.0,173,36,4.805555555555555
1,3,2,0,1,0,0,0,1,0,1,1,0,0,1,0,0,0,9.0,370,70,5.285714285714286
0,3,4,0,1,0,5,1,1,1,2,2,0,0,1,150,0,0,1.0,752,145,5.186206896551724
1,1,2,0,1,0,5,1,1,0,0,0,0,0,1,0,0,0,1.0,130,26,5.0
0,4,3,0,0,4,0,0,0,0,0,2,0,0,1,0,1,0,4.0,403,77,5.233766233766234
0,2,3,0,0,5,2,0,0,0,0,0,0,0,1,0,7,0,1.0,209,38,5.5
1,3,2,0,1,0,1,0,1,1,0,0,0,0,2,0,0,0,2.0,340,57,5.964912280701754
0,7,3,9,1,5,2,0,1,0,2,2,2,0,1,0,1,0,3.0,23,5,4.6
1,3,2,0,1,0,0,0,0,0,1,1,1,0,1,688,1,0,5.0,102,5,20.4
1,1,2,0,0,1,2,0,1,0,0,2,0,0,1,0,8,0,3.0,153,28,5.464285714285714
1,7,23,31,0,0,5,1,1,1,2,2,2,0,1,0,1,0,5.0,584,108,5.407407407407407
1,12,2,0,1,1,0,0,1,1,2,2,2,0,1,100,3,0,3.0,509,103,4.941747572815534
0,12,3,0,0,5,2,0,2,0,2,2,2,0,1,0,0,0,2.0,988,188,5.25531914893617
1,5,2,0,1,0,2,0,1,0,1,2,1,0,1,0,0,0,2.0,50,10,5.0
1,2,2,0,1,2,0,0,1,0,0,0,0,0,1,0,1,1,5.0,116,27,4.296296296296297
0,2,3,9,2,3,2,0,1,1,0,0,0,0,2,0,0,0,4.0,312,61,5.114754098360656
1,2,2,3,1,1,2,0,1,1,0,2,0,0,1,0,0,0,2.0,14,3,4.666666666666667
0,1,85,44,2,0,5,0,0,2,0,0,0,0,4,0,0,0,4.0,760,127,5.984251968503937
1,3,2,0,2,0,4,1,1,0,1,1,1,0,3,0,1,0,1.0,220,40,5.5
0,3,12,0,1,1,2,0,0,0,2,2,0,0,1,0,5,0,1.0,103,19,5.421052631578948
0,2,3,91,1,0,6,1,0,1,2,2,0,0,1,0,0,0,4.0,344,71,4.845070422535211
0,2,3,10,0,4,5,1,0,1,0,0,0,0,1,0,0,0,3.0,417,89,4.685393258426966
1,31,23,7,1,0,1,2,1,1,2,2,2,0,1,0,0,0,2.0,132,25,5.28
1,1,2,38,1,0,1,0,1,0,0,2,0,1,1,0,0,0,10.0,486,84,5.785714285714286
1,1,2,0,2,0,1,0,1,1,0,0,0,1,2,0,2,0,6.0,128,21,6.095238095238095
0,5,3,0,2,0,5,1,1,0,2,2,2,0,2,0,0,0,3.0,719,135,5.325925925925926
1,12,2,3,0,0,1,1,1,1,1,1,1,2,1,0,5,0,3.0,636,137,4.642335766423358
0,7,3,0,1,0,0,0,0,0,2,2,2,0,1,0,1,0,4.0,39,9,4.333333333333333
1,6,51,2,1,1,4,0,0,1,1,2,2,0,1,0,1,0,5.0,461,77,5.987012987012987
0,2,3,0,2,0,3,1,1,1,1,1,1,0,10,0,1,0,4.0,563,109,5.165137614678899
1,24,2,0,1,0,1,0,1,1,2,2,2,0,1,0,0,0,3.0,302,55,5.490909090909091
0,11,3,0,1,1,3,1,1,0,2,2,2,0,1,0,0,0,3.0,270,47,5.74468085106383
1,3,2,0,1,2,0,0,1,1,0,0,0,0,1,0,3,0,3.0,556,105,5.295238095238095
1,2,2,0,0,1,0,0,1,0,2,2,0,0,1,0,0,0,7.0,271,47,5.76595744680851
1,2,14,3,1,1,5,2,1,1,0,2,0,0,1,0,0,0,8.0,419,63,6.650793650793651
1,2,2,0,0,0,1,0,1,0,0,2,0,0,1,0,0,0,1.0,37,7,5.285714285714286
1,2,2,0,1,0,2,0,1,0,2,2,0,0,1,0,1,0,5.0,166,28,5.928571428571429
0,2,3,23,1,0,5,1,1,0,0,2,0,0,1,0,0,0,3.0,457,82,5.573170731707317
1,1,2,0,2,1,0,0,0,0,0,0,0,0,3,0,9,0,23.0,718,138,5.202898550724638
1,12,2,0,1,5,2,0,1,0,1,2,1,0,1,0,0,0,6.0,30,6,5.0
0,6,113,0,0,3,0,0,1,0,0,2,2,0,1,0,0,0,2.0,108,16,6.75
0,21,3,0,1,0,3,1,1,1,1,2,2,0,1,0,0,0,8.0,475,98,4.846938775510204
1,4,14,3,1,0,2,0,1,0,1,1,1,0,2,0,3,0,5.0,129,23,5.608695652173913
1,54,66,0,0,1,4,0,0,1,1,1,1,0,1,0,0,0,12.0,2256,423,5.333333333333333
1,2,2,0,1,2,3,1,1,0,2,2,0,0,1,0,0,0,1.0,58,10,5.8
1,5,2,0,2,1,0,0,1,1,1,1,0,0,2,0,0,0,4.0,105,21,5.0
1,48,14,0,0,2,2,0,2,0,2,2,2,0,1,250,1,0,2.0,1318,251,5.250996015936255
0,1,3,0,2,0,1,3,1,0,0,2,0,0,4,0,1,0,3.0,448,87,5.149425287356322
1,2,2,0,1,1,5,0,0,0,2,2,2,0,1,0,1,0,10.0,8,2,4.0
0,2,122,1,2,2,3,1,0,1,0,0,0,0,5,0,1,0,17.0,488,88,5.545454545454546
1,9,6,3,1,0,1,0,1,0,2,2,2,0,1,0,0,0,2.0,214,41,5.219512195121951
0,12,1,0,0,0,0,0,1,1,2,2,0,0,1,0,9,0,3.0,192,38,5.052631578947368
1,3,14,3,1,0,1,0,1,0,2,2,0,0,1,0,0,0,4.0,79,14,5.642857142857143
1,2,2,0,1,1,2,0,0,0,1,1,1,0,1,0,0,0,2.0,139,26,5.346153846153846
0,0,3,6,0,0,2,0,1,0,0,0,0,0,1,0,0,1,10.0,1152,213,5.408450704225352
0,1,7,0,2,0,1,4,1,2,0,0,2,0,4,0,0,0,3.0,38,7,5.428571428571429
1,12,2,3,0,1,0,0,1,0,1,1,1,0,1,0,0,0,4.0,697,150,4.6466666666666665
0,29,3,0,0,3,2,0,1,0,2,2,2,0,1,30,0,0,4.0,869,172,5.0523255813953485
0,1,4,26,1,0,0,0,2,2,0,0,0,0,1,0,0,0,9.0,102,15,6.8
0,1,1,0,0,0,3,0,0,1,0,0,0,0,1,0,1,0,2.0,1458,263,5.5437262357414445
0,2,3,0,2,0,1,1,1,0,0,0,0,0,5,0,0,0,4.0,302,57,5.298245614035087
1,4,133,3,2,0,1,0,1,0,0,0,0,0,3,0,0,0,3.0,198,37,5.351351351351352
1,3,2,11,0,1,4,1,1,1,2,2,2,0,1,0,2,0,4.0,661,116,5.698275862068965
1,96,48,0,0,1,2,0,0,0,2,1,0,0,1,100,0,0,2.0,290,58,5.0
0,2,3,0,0,4,3,0,0,0,0,2,0,0,2,0,1,0,3.0,395,74,5.337837837837838
1,12,2,0,1,2,2,0,0,0,2,0,0,0,1,0,1,0,2.0,511,95,5.378947368421053
1,4,2,0,1,1,2,0,2,1,1,1,0,0,1,0,0,0,2.0,828,171,4.842105263157895
1,12,53,42,1,0,6,0,0,0,1,1,1,0,1,0,1,0,2.0,180,35,5.142857142857143
0,14,3,0,1,1,0,0,1,0,2,2,2,0,1,0,0,0,3.0,326,67,4.865671641791045
1,8,2,0,1,6,4,1,1,1,2,2,0,0,1,0,0,0,3.0,318,44,7.2272727272727275
1,1,2,0,1,1,2,0,1,0,0,2,0,0,1,0,1,0,1.0,86,15,5.733333333333333
1,24,2,0,1,1,2,0,0,0,2,2,2,0,1,0,0,0,5.0,485,92,5.271739130434782
1,2,2,7,1,0,6,0,1,1,2,2,0,0,1,0,0,0,2.0,397,76,5.223684210526316
1,12,98,0,1,1,6,0,0,1,2,2,2,0,1,0,1,0,4.0,488,95,5.136842105263158
1,2,2,0,1,0,1,0,1,0,2,2,2,0,1,0,0,0,1.0,89,16,5.5625
0,6,3,0,1,0,1,5,0,0,2,2,2,0,1,30,1,0,1.0,264,52,5.076923076923077
1,2,2,0,1,0,1,2,1,1,1,1,2,0,1,0,1,0,5.0,129,22,5.863636363636363
0,30,3,0,0,0,1,1,2,0,2,2,2,0,2,0,9,0,3.0,224,41,5.463414634146342
0,4,1,0,0,3,2,0,1,1,0,0,0,0,1,0,0,0,3.0,119,20,5.95
1,24,2,0,1,4,2,0,1,0,2,2,2,0,1,0,0,0,7.0,408,79,5.1645569620253164
1,1,5,3,1,1,0,0,1,0,2,2,0,0,1,0,0,0,7.0,164,27,6.074074074074074
0,2,3,0,1,6,0,0,0,0,0,2,0,0,2,0,7,0,2.0,147,28,5.25
1,2,35,3,1,0,2,0,1,0,1,1,0,0,1,0,0,0,4.0,134,25,5.36
0,3,3,0,0,0,2,0,0,0,0,0,0,0,2,0,1,0,2.0,210,34,6.176470588235294
1,2,2,3,2,0,1,1,1,1,0,0,0,0,6,0,5,0,1.0,115,21,5.476190476190476
1,1,2,0,2,0,1,1,1,0,1,1,0,0,8,0,0,0,8.0,132,19,6.947368421052632
1,108,20,33,1,4,4,1,1,1,2,0,1,0,1,0,0,0,1.0,157,29,5.413793103448276
0,4,0,0,1,0,3,1,0,1,0,0,0,0,1,0,11,0,1.0,196,38,5.157894736842105
1,4,2,38,0,0,1,0,1,0,1,1,0,0,1,0,1,0,6.0,361,65,5.553846153846154
1,2,2,7,1,0,1,1,1,1,2,2,0,0,2,0,0,0,22.0,275,39,7.051282051282051
0,2,3,0,1,4,2,0,0,0,0,2,0,0,1,0,0,0,1.0,151,29,5.206896551724138
1,3,2,0,1,1,2,0,0,0,2,2,0,0,1,0,0,0,4.0,312,56,5.571428571428571
1,2,2,0,1,0,0,0,1,0,0,0,0,0,1,0,2,1,1.0,806,156,5.166666666666667
0,8,77,9,0,5,2,0,1,0,2,2,2,0,2,0,0,1,7.0,980,201,4.875621890547263
1,10,2,0,1,0,1,0,0,0,2,2,2,0,1,0,0,0,2.0,107,24,4.458333333333333
0,3,3,0,0,0,0,0,0,0,0,2,2,0,1,0,1,0,5.0,16,3,5.333333333333333
0,1,3,0,2,0,3,1,0,0,0,0,0,0,3,0,1,0,5.0,763,145,5.2620689655172415
0,36,3,9,2,1,5,1,1,0,0,0,0,1,3,0,0,0,5.0,764,141,5.418439716312057
1,36,2,0,0,1,2,0,1,1,0,0,0,1,1,1,0,0,2.0,332,64,5.1875
1,1,2,0,0,0,1,0,1,0,1,1,0,0,1,0,0,0,2.0,99,20,4.95
1,2,2,0,1,1,0,0,1,0,0,2,0,0,1,0,0,0,3.0,303,55,5.509090909090909
0,1,3,0,0,5,2,0,0,0,0,0,0,0,1,0,0,0,4.0,299,59,5.067796610169491
1,1,2,0,1,0,1,2,1,1,0,0,0,0,1,0,1,0,14.0,145,26,5.576923076923077
1,1,2,0,1,5,2,0,1,1,0,0,1,0,8,0,0,0,3.0,10,2,5.0
0,1,1,0,1,0,1,1,1,1,0,0,1,0,3,0,0,0,3.0,194,38,5.105263157894737
0,2,3,0,2,0,1,1,0,0,2,2,0,0,2,0,0,0,2.0,658,126,5.222222222222222
0,1,3,0,2,0,0,0,1,0,0,0,0,0,4,0,0,0,0.0,132,20,6.6
1,36,23,0,1,0,1,0,2,1,2,2,2,0,1,0,1,0,5.0,313,64,4.890625
0,6,0,0,1,0,3,1,1,0,0,0,0,0,1,0,0,0,8.0,533,102,5.2254901960784315
1,4,2,0,0,0,5,0,1,0,2,2,2,0,1,0,2,0,2.0,469,86,5.453488372093023
0,2,7,9,2,5,2,0,1,1,0,0,0,0,2,300,0,0,3.0,74,13,5.6923076923076925
0,3,26,6,1,0,1,1,0,1,0,2,0,0,1,0,1,0,3.0,1200,226,5.3097345132743365
1,5,2,3,2,0,1,1,1,1,2,2,2,0,15,0,3,0,11.0,246,48,5.125
1,24,2,0,0,1,2,0,1,1,2,2,1,0,1,0,1,0,5.0,577,101,5.712871287128713
1,8,2,3,2,1,2,0,1,0,1,1,1,0,4,0,1,0,1.0,161,28,5.75
1,20,2,0,0,0,2,0,1,0,2,2,0,0,1,0,9,0,5.0,1256,259,4.8494208494208495
1,3,2,0,1,0,1,0,1,1,0,0,0,0,1,0,1,0,3.0,79,14,5.642857142857143
1,48,2,0,1,0,1,0,2,0,2,2,0,0,1,0,0,0,2.0,254,49,5.183673469387755
1,2,2,0,0,1,0,0,1,0,2,2,0,0,1,0,1,0,3.0,425,81,5.246913580246914
1,2,70,3,0,1,2,0,1,0,1,1,0,0,1,0,0,0,3.0,82,14,5.857142857142857
0,6,3,0,1,4,2,0,1,0,0,0,0,1,1,0,1,0,3.0,385,68,5.661764705882353
1,2,2,0,0,0,1,0,0,0,0,0,0,0,3,0,0,0,1.0,362,69,5.246376811594203
1,5,2,14,1,0,3,1,1,1,2,2,0,0,1,0,0,0,2.0,419,84,4.988095238095238
0,2,3,0,1,2,0,0,1,0,0,2,0,0,1,0,1,0,3.0,250,42,5.9523809523809526
0,5,3,0,0,6,0,0,1,0,0,0,0,0,1,0,0,0,9.0,209,40,5.225
0,14,4,97,0,2,2,0,2,1,1,1,0,1,1,0,1,0,2.0,21,3,7.0
0,1,1,0,1,3,0,0,1,1,0,0,0,0,1,0,0,0,3.0,236,47,5.0212765957446805
1,2,2,7,2,0,1,1,1,0,0,0,0,0,3,0,0,0,5.0,588,111,5.297297297297297
0,5,3,9,2,5,2,0,1,0,0,1,1,0,2,0,3,0,4.0,66,11,6.0
1,2,2,3,1,0,1,0,1,1,0,0,2,0,1,0,0,0,5.0,14,3,4.666666666666667
1,2,2,0,1,1,4,1,0,0,0,2,0,0,1,0,2,0,4.0,289,56,5.160714285714286
0,2,3,0,2,4,0,0,0,0,0,0,0,0,3,0,1,0,13.0,299,54,5.537037037037037
0,4,0,0,0,6,0,0,0,1,2,2,0,0,1,0,1,0,7.0,371,62,5.983870967741935
1,3,2,0,0,1,2,0,1,0,0,2,0,0,2,0,0,1,1.0,179,35,5.114285714285714
0,3,3,5,1,0,0,0,0,0,2,0,0,0,1,1,3,0,0.0,20,3,6.666666666666667
1,1,2,0,2,1,4,1,1,0,0,0,0,0,9,0,0,0,8.0,64,10,6.4
0,4,26,0,1,0,6,1,1,2,0,2,2,0,1,100,1,0,5.0,93,12,7.75
0,5,3,0,1,5,2,0,1,0,0,2,0,0,1,0,1,0,5.0,1068,182,5.868131868131868
0,2,4,0,0,0,2,0,1,2,0,1,1,0,1,0,1,1,3.0,31,6,5.166666666666667
1,48,16,0,1,0,6,0,0,1,2,2,2,0,1,0,0,0,2.0,479,88,5.443181818181818
0,4,3,0,0,0,1,1,1,0,0,2,0,0,1,0,0,0,3.0,153,26,5.884615384615385
0,4,1,0,0,0,1,1,1,1,1,1,1,0,2,0,0,0,3.0,123,21,5.857142857142857
1,2,2,3,0,0,1,2,0,0,0,0,0,0,1,0,0,0,1.0,24,5,4.8
0,1,64,9,1,2,3,1,1,0,0,2,0,0,1,0,0,0,5.0,960,165,5.818181818181818
1,50,2,0,0,0,2,0,1,1,2,2,2,0,1,80,0,0,3.0,180,29,6.206896551724138
1,48,2,0,1,2,2,0,2,0,2,2,2,0,1,0,0,0,2.0,232,45,5.155555555555556
1,49,2,98,1,1,6,0,1,1,2,2,2,0,1,9,0,0,2.0,182,37,4.918918918918919
0,84,3,0,0,0,3,1,2,0,2,2,2,0,1,0,1,0,5.0,27,7,3.857142857142857
0,37,0,0,2,4,2,0,1,0,2,2,2,0,2,150,0,0,5.0,1316,258,5.10077519379845
0,12,3,0,1,6,0,0,1,0,0,2,0,0,1,0,0,0,2.0,453,68,6.661764705882353
1,2,2,3,1,0,5,0,1,0,0,2,0,0,2,0,3,0,3.0,129,24,5.375
0,24,7,0,1,0,3,1,2,1,2,2,2,0,1,0,3,0,2.0,36,5,7.2
1,42,140,99,2,1,2,0,1,0,2,2,0,0,2,0,0,0,0.0,45,8,5.625
1,12,2,17,1,0,0,0,2,0,2,2,2,0,1,100,0,0,6.0,207,37,5.594594594594595
0,3,3,9,1,0,5,1,0,0,0,2,0,0,1,0,1,0,5.0,224,41,5.463414634146342
1,24,34,2,1,0,1,0,0,2,2,2,2,0,1,250,0,0,2.0,1699,285,5.96140350877193
1,1,2,0,2,0,1,2,1,1,2,2,0,0,5,0,0,0,6.0,378,49,7.714285714285714
0,2,3,0,0,0,1,1,1,0,0,0,0,0,4,0,5,0,8.0,174,32,5.4375
1,36,2,0,0,1,2,0,1,1,1,1,2,1,1,0,3,1,1.0,871,182,4.785714285714286
0,2,3,0,0,0,3,0,1,0,0,2,0,0,1,0,1,1,2.0,951,170,5.594117647058823
1,24,20,3,0,6,4,1,1,2,2,2,2,0,1,0,0,0,7.0,458,67,6.835820895522388
0,2,3,8,0,0,0,0,1,0,0,0,0,0,1,0,8,0,1.0,42,10,4.2
1,96,19,21,0,1,3,0,1,1,2,1,1,0,1,0,1,0,3.0,74,15,4.933333333333334
1,2,5,0,2,0,1,1,1,0,0,0,0,0,2,0,0,0,3.0,154,29,5.310344827586207
1,84,13,33,1,5,2,0,1,1,2,2,2,0,1,0,0,0,7.0,173,32,5.40625
1,60,2,0,1,5,2,0,0,2,2,2,1,0,1,0,1,0,5.0,274,55,4.9818181818181815
1,96,25,0,0,0,2,0,2,0,2,2,0,1,1,0,0,0,1.0,215,37,5.8108108108108105
1,22,2,0,1,1,6,2,0,0,2,2,0,0,1,80,0,0,3.0,225,36,6.25
0,2,3,0,0,4,3,0,0,0,0,2,0,0,3,0,1,0,5.0,383,72,5.319444444444445
1,3,2,0,1,0,4,0,1,0,2,2,1,0,1,100,3,0,2.0,40,8,5.0
1,1,2,0,1,0,1,1,2,2,0,2,0,0,1,0,0,0,4.0,757,150,5.046666666666667
1,18,2,3,0,6,2,0,1,1,0,0,0,0,1,0,9,0,2.0,244,47,5.191489361702128
0,9,3,0,0,0,4,1,1,1,2,2,2,0,1,0,0,0,2.0,217,44,4.931818181818182
1,7,2,0,1,1,2,0,1,0,0,2,2,0,1,0,0,0,5.0,1053,192,5.484375
0,4,10,0,1,1,0,0,0,0,0,0,0,0,1,0,1,0,2.0,252,49,5.142857142857143
1,3,2,0,1,0,1,0,1,0,0,0,0,0,1,0,1,0,3.0,53,10,5.3
1,32,34,0,1,1,2,0,0,0,2,2,2,0,1,500,0,0,3.0,61,10,6.1
0,1,1,0,0,0,0,0,1,1,0,0,0,0,1,0,0,0,3.0,298,53,5.622641509433962
1,0,2,0,0,1,0,0,1,0,0,2,0,0,1,0,0,0,4.0,263,51,5.1568627450980395
1,2,2,0,1,1,2,0,0,0,0,0,0,0,1,0,0,0,2.0,74,16,4.625
1,60,101,3,0,2,3,1,2,0,2,2,2,0,1,0,0,0,5.0,370,71,5.211267605633803
0,2,3,0,1,0,3,1,0,0,0,2,0,0,1,0,8,0,2.0,575,104,5.528846153846154
1,3,2,0,0,1,0,0,1,0,2,2,1,1,1,0,0,0,2.0,289,52,5.5576923076923075
1,4,2,0,0,1,5,0,2,0,2,2,0,0,1,0,0,0,1.0,335,70,4.785714285714286
1,3,2,3,2,1,4,0,1,0,2,2,1,0,4,0,0,0,3.0,356,69,5.159420289855072
0,1,1,0,1,0,3,1,1,1,0,0,0,0,1,0,0,0,4.0,953,192,4.963541666666667
1,37,2,0,0,0,2,0,2,0,2,2,2,0,2,0,0,0,2.0,19,3,6.333333333333333
0,5,3,0,1,0,6,2,0,0,0,2,0,0,1,0,1,0,3.0,153,30,5.1
1,6,48,33,1,0,2,0,0,1,0,2,0,0,1,0,1,0,3.0,355,59,6.016949152542373
0,34,10,10,1,1,4,0,1,2,1,2,1,0,1,0,0,0,4.0,238,47,5.0638297872340425
1,24,5,31,1,0,1,2,2,1,2,2,2,0,1,0,0,0,2.0,520,108,4.814814814814815
0,2,3,44,1,0,1,1,0,0,0,2,0,0,1,100,0,0,10.0,1022,191,5.350785340314136
0,7,3,0,0,3,2,0,1,0,2,2,2,0,1,60,1,0,3.0,353,59,5.983050847457627
1,1,2,0,0,1,2,0,0,0,0,2,0,0,2,0,0,0,4.0,281,56,5.017857142857143
1,48,23,0,1,1,2,0,3,1,2,2,0,0,1,0,0,0,1.0,262,49,5.346938775510204
0,1,7,9,1,0,1,1,0,1,0,2,0,0,1,0,1,0,2.0,860,167,5.149700598802395
0,3,3,0,2,0,0,0,1,0,2,2,0,0,3,0,2,0,9.0,515,98,5.255102040816326
1,1,2,0,2,0,1,0,1,0,0,0,2,0,7,20,0,0,1.0,31,7,4.428571428571429
0,4,3,0,1,5,2,0,1,0,2,2,0,0,1,0,0,0,3.0,225,43,5.232558139534884
1,11,2,3,1,0,4,0,1,1,2,2,2,0,1,0,0,0,6.0,487,85,5.729411764705882
0,2,3,1,1,1,4,1,1,1,0,0,0,0,1,20,0,0,4.0,515,111,4.63963963963964
1,2,2,0,0,1,2,0,1,0,2,2,0,0,1,0,0,0,3.0,377,76,4.9605263157894735
1,2,2,0,1,2,0,0,1,1,0,2,0,0,1,0,0,0,6.0,145,25,5.8
0,2,1,0,0,0,1,2,1,1,0,2,0,0,1,0,3,0,4.0,437,81,5.395061728395062
1,2,2,0,0,0,0,0,1,1,2,2,0,0,1,0,1,0,3.0,334,66,5.0606060606060606
1,2,13,0,1,1,0,0,1,1,2,2,0,0,1,0,0,0,4.0,234,43,5.441860465116279
0,1,0,9,1,0,1,1,1,1,0,0,0,0,1,0,0,0,2.0,1143,220,5.195454545454545
0,1,10,9,1,1,4,0,1,0,0,0,0,0,1,0,3,0,1.0,60,8,7.5
1,4,23,3,0,0,2,0,1,0,2,2,0,0,1,200,0,0,7.0,2630,490,5.36734693877551
0,1,12,0,1,1,6,4,0,0,0,0,0,1,1,0,1,0,3.0,259,48,5.395833333333333
1,1,2,0,0,0,1,0,1,1,0,0,0,0,1,0,3,0,1.0,131,22,5.954545454545454
0,1,3,16,2,0,0,0,1,0,0,2,0,0,2,0,1,0,4.0,15,2,7.5
1,1,2,0,0,1,2,0,1,1,1,1,1,0,1,0,6,0,1.0,74,12,6.166666666666667
0,12,3,0,0,5,2,0,1,0,2,2,1,0,1,0,0,0,1.0,629,119,5.285714285714286
1,2,2,3,0,1,0,0,1,1,0,0,0,0,2,0,0,0,4.0,723,132,5.4772727272727275
0,20,82,74,0,1,4,0,2,2,2,2,2,0,1,100,5,0,2.0,18,3,6.0
0,24,3,0,1,0,1,2,1,0,0,0,0,0,1,0,1,0,1.0,230,41,5.609756097560975
0,1,4,16,1,0,0,0,1,2,2,2,0,0,1,0,0,1,10.0,1085,186,5.833333333333333
1,1,20,11,2,0,1,1,1,1,2,2,0,0,7,200,0,0,11.0,244,45,5.4222222222222225
1,9,2,0,1,2,2,0,1,0,0,2,2,0,1,0,1,0,4.0,429,81,5.296296296296297
1,2,20,33,1,6,2,0,1,1,0,2,2,0,1,150,1,0,5.0,24,4,6.0
0,24,4,0,1,0,5,2,1,2,2,2,0,0,1,0,0,0,5.0,421,78,5.397435897435898
1,1,2,3,2,0,1,1,1,1,0,0,0,0,3,0,1,0,1.0,84,13,6.461538461538462
1,3,2,0,0,1,2,0,1,0,2,2,0,0,1,0,0,0,5.0,413,79,5.227848101265823
0,2,3,0,1,0,3,1,1,0,1,2,1,0,1,0,1,0,1.0,44,9,4.888888888888889
1,1,2,0,0,1,0,0,1,1,0,0,0,0,1,0,1,0,10.0,109,22,4.954545454545454
1,48,83,0,0,5,2,0,0,1,2,2,1,1,1,100,3,0,1.0,185,37,5.0
0,4,0,0,1,0,1,1,0,1,0,0,0,0,1,0,0,0,4.0,229,41,5.585365853658536
1,5,2,0,0,1,2,0,1,0,2,2,2,0,1,0,0,0,5.0,206,34,6.0588235294117645
1,36,48,0,1,0,1,0,1,0,1,1,1,0,1,0,2,0,2.0,560,108,5.185185185185185
0,7,3,0,1,0,0,0,1,0,1,1,0,0,1,0,0,0,3.0,33,5,6.6
0,1,3,0,0,6,0,0,1,0,0,0,0,0,1,0,0,0,7.0,595,96,6.197916666666667
1,24,19,28,1,3,0,0,0,1,2,2,0,0,1,150,1,0,4.0,614,111,5.531531531531532
0,5,0,0,0,4,0,0,1,1,0,0,0,0,1,0,1,0,3.0,211,31,6.806451612903226
0,12,0,0,2,0,6,1,1,0,1,1,0,0,4,0,0,0,1.0,873,177,4.932203389830509
0,1,56,0,2,0,4,1,1,0,0,0,0,0,6,0,0,0,2.0,398,80,4.975
1,2,2,3,1,0,2,0,1,0,0,2,0,0,3,0,0,0,3.0,68,13,5.230769230769231
1,1,2,3,1,2,0,0,1,1,0,2,0,0,1,0,0,0,3.0,12,2,6.0
1,2,2,0,1,0,5,0,1,1,0,2,0,0,1,0,1,0,3.0,344,60,5.733333333333333
1,5,2,0,1,0,1,1,1,0,0,2,0,0,1,0,0,0,1.0,303,62,4.887096774193548
1,27,2,0,1,4,2,0,1,0,2,2,2,0,1,0,1,0,4.0,497,99,5.02020202020202
0,3,1,0,1,3,0,0,0,1,1,1,1,0,1,0,0,0,2.0,107,20,5.35
1,0,23,3,1,0,1,0,1,2,1,1,1,0,1,0,1,0,5.0,206,39,5.282051282051282
1,2,2,3,1,5,2,0,1,1,2,2,0,0,1,0,0,0,1.0,12,2,6.0
1,30,18,0,0,0,3,1,2,1,2,2,2,0,1,0,0,0,3.0,995,199,5.0
0,7,4,0,0,2,3,1,1,2,1,1,1,0,1,0,1,1,11.0,1388,251,5.52988047808765
1,2,2,0,1,0,1,1,0,0,0,0,0,0,2,0,0,0,5.0,306,57,5.368421052631579
0,5,3,0,2,3,2,0,0,0,2,2,2,0,2,0,1,0,6.0,42,8,5.25
0,120,3,0,0,4,2,0,2,0,2,2,2,0,1,0,0,0,1.0,736,138,5.333333333333333
1,4,2,0,0,1,2,0,1,0,2,2,0,0,1,0,0,0,1.0,85,16,5.3125
1,24,101,0,2,1,2,0,2,0,1,1,1,0,2,0,1,0,2.0,245,45,5.444444444444445
1,2,2,0,1,2,0,0,1,0,0,2,0,0,1,0,1,0,2.0,110,20,5.5
1,2,2,0,1,0,1,0,1,0,0,0,0,0,1,200,1,0,1.0,280,56,5.0
1,24,51,0,0,0,1,0,0,0,0,0,0,0,1,20,3,0,1.0,86,17,5.0588235294117645
1,3,2,0,1,0,2,0,1,0,0,0,0,0,1,0,1,0,1.0,39,9,4.333333333333333
1,2,2,0,1,0,1,1,1,1,0,0,0,0,1,0,0,0,2.0,150,28,5.357142857142857
0,9,10,8,1,0,4,1,1,1,0,0,0,0,1,200,0,0,1.0,42,7,6.0
0,7,3,0,1,1,4,0,1,1,2,2,0,0,2,0,0,0,3.0,105,16,6.5625
1,4,2,0,1,6,0,0,1,0,0,2,0,0,1,0,2,0,2.0,110,23,4.782608695652174
0,3,1,0,1,1,5,0,0,1,0,0,0,0,1,0,0,0,1.0,206,40,5.15
0,1,3,6,1,1,6,2,0,0,1,1,1,0,1,0,0,0,4.0,105,22,4.7727272727272725
1,1,2,0,2,1,0,0,1,1,0,0,0,0,7,0,0,0,5.0,310,55,5.636363636363637
1,1,2,3,2,1,2,0,2,0,0,0,0,0,3,0,0,0,5.0,669,124,5.395161290322581
1,2,2,3,0,2,2,0,1,1,0,2,0,0,1,0,3,0,3.0,565,107,5.280373831775701
0,24,26,0,2,0,6,4,1,0,2,2,2,0,5,0,1,0,5.0,132,25,5.28
0,2,3,0,1,0,1,0,0,0,0,2,0,0,1,0,0,0,6.0,327,62,5.274193548387097
1,11,2,0,0,0,1,1,1,0,2,1,0,0,1,0,0,0,4.0,226,41,5.512195121951219
1,3,2,0,1,0,4,0,1,0,1,1,1,0,1,0,3,1,17.0,432,76,5.684210526315789
0,5,3,0,1,0,3,0,0,0,0,0,0,0,1,0,0,0,5.0,265,54,4.907407407407407
1,3,5,21,1,4,4,1,1,1,1,1,1,0,1,0,0,0,1.0,40,5,8.0
1,36,20,3,0,4,2,0,1,1,0,2,2,0,1,0,0,0,2.0,296,61,4.852459016393443
1,24,34,3,1,2,2,0,0,1,1,2,2,0,1,300,0,0,2.0,8,1,8.0
1,60,39,0,0,1,2,0,2,0,1,1,0,1,1,0,0,0,3.0,544,100,5.44
1,2,2,0,0,1,2,0,1,0,0,2,0,0,1,0,1,0,4.0,339,62,5.467741935483871
0,12,4,0,1,0,3,1,1,1,2,2,0,0,1,150,0,0,2.0,468,87,5.379310344827586
1,1,2,0,1,1,2,0,0,0,0,0,1,0,3,0,5,0,2.0,29,5,5.8
1,1,2,0,1,1,4,1,0,0,0,2,0,0,1,30,1,0,7.0,232,41,5.658536585365853
0,3,3,0,0,0,0,0,1,0,2,2,0,0,1,15,0,0,1.0,123,21,5.857142857142857
0,30,0,9,0,4,5,2,1,0,2,2,2,0,1,0,1,0,2.0,347,66,5.257575757575758
0,1,4,9,0,0,0,0,2,1,0,0,0,0,1,0,0,0,5.0,371,68,5.455882352941177
1,3,5,3,0,1,0,0,1,0,0,0,0,0,1,0,0,0,2.0,276,50,5.52
0,6,1,6,1,3,0,0,1,0,1,1,1,0,1,0,1,0,3.0,303,59,5.135593220338983
0,3,7,6,0,4,2,0,0,1,2,2,0,0,1,200,1,0,4.0,339,72,4.708333333333333
1,48,48,3,1,0,1,0,0,0,2,2,1,0,1,0,0,0,5.0,1520,302,5.033112582781457
0,1,3,9,1,0,5,1,1,0,0,0,0,0,2,0,3,0,3.0,131,25,5.24
1,4,2,0,0,0,2,0,1,0,1,1,1,0,1,0,1,0,2.0,223,39,5.717948717948718
0,1,7,8,0,5,2,0,0,1,0,0,0,0,1,108,5,0,2.0,104,19,5.473684210526316
0,3,1,26,0,6,4,1,0,1,0,0,2,0,1,0,1,0,5.0,12,3,4.0
0,9,36,9,0,3,2,0,1,1,0,2,0,0,1,0,1,0,2.0,202,43,4.6976744186046515
1,6,34,0,0,1,2,0,1,1,2,2,0,1,1,0,2,0,2.0,251,43,5.837209302325581
0,6,3,0,1,0,3,1,0,0,2,2,2,0,1,0,1,0,4.0,795,154,5.162337662337662
1,3,43,3,1,2,3,1,1,0,0,2,0,0,1,0,0,0,4.0,407,73,5.575342465753424
1,64,9,0,1,1,2,0,1,1,1,1,1,0,1,250,0,0,0.0,472,96,4.916666666666667
0,3,3,0,1,3,0,0,1,0,0,0,0,0,1,0,0,0,6.0,883,155,5.696774193548387
1,3,15,3,0,1,2,0,1,0,2,2,0,0,1,0,5,0,1.0,284,49,5.795918367346939
1,84,11,0,1,1,0,0,0,0,2,2,2,0,1,0,0,0,4.0,494,93,5.311827956989247
0,2,3,0,0,1,2,0,1,1,2,2,0,0,1,0,0,0,0.0,266,54,4.925925925925926
1,1,2,0,1,1,2,0,1,0,0,0,0,0,1,0,9,0,6.0,18,3,6.0
1,1,13,3,0,0,1,0,1,1,0,0,0,0,1,0,1,0,11.0,695,134,5.186567164179104
1,2,2,0,2,1,3,1,1,1,0,0,0,0,3,0,1,0,2.0,338,69,4.898550724637682
1,9,2,0,1,4,5,2,0,1,2,2,2,0,1,0,0,0,3.0,227,46,4.934782608695652
1,2,2,0,1,0,1,2,1,1,2,2,0,0,2,0,0,0,7.0,382,49,7.795918367346939
1,3,2,0,1,2,2,0,1,2,0,2,0,0,1,200,5,0,11.0,2100,392,5.357142857142857
1,2,2,3,1,1,0,0,1,1,0,2,0,0,1,0,0,0,1.0,12,2,6.0
0,4,31,9,0,0,0,0,0,0,1,2,0,0,1,0,1,0,5.0,107,16,6.6875
1,16,2,0,2,1,5,1,1,0,1,1,1,0,5,0,3,0,0.0,607,118,5.1440677966101696
0,1,3,9,1,0,2,0,1,1,0,0,0,0,1,0,3,0,3.0,174,31,5.612903225806452
0,4,3,0,1,0,3,0,1,0,0,0,0,0,2,0,0,0,3.0,461,84,5.488095238095238
1,48,48,0,1,0,1,0,0,0,2,2,2,1,1,180,1,0,9.0,1889,348,5.42816091954023
1,36,2,33,0,4,2,0,0,1,2,2,2,0,1,0,1,0,2.0,320,62,5.161290322580645
1,3,2,31,1,0,1,0,1,1,2,2,0,0,1,0,0,0,5.0,14,3,4.666666666666667
1,23,2,3,1,1,2,0,2,1,2,2,2,0,1,0,0,0,2.0,296,61,4.852459016393443
1,1,2,0,1,0,1,1,1,0,0,0,0,0,5,10,1,0,5.0,378,65,5.815384615384615
0,2,3,9,2,0,4,3,0,0,0,0,0,0,3,0,1,0,5.0,218,36,6.055555555555555
0,3,3,0,2,6,0,0,0,0,2,2,0,0,2,100,0,0,4.0,545,86,6.337209302325581
0,1,10,0,0,2,2,0,1,0,0,0,0,0,2,0,3,0,3.0,85,8,10.625
1,2,2,0,0,0,1,0,1,0,1,1,0,0,1,0,0,0,1.0,146,31,4.709677419354839
1,1,13,3,2,1,4,1,1,1,0,0,0,0,7,0,0,0,5.0,1001,193,5.186528497409326
1,1,2,0,0,0,0,0,1,0,0,0,0,0,1,0,0,0,8.0,409,74,5.527027027027027
1,6,2,0,1,0,1,0,1,0,0,2,0,0,1,0,1,0,2.0,428,79,5.417721518987341
0,5,3,0,1,0,2,0,0,0,0,2,0,0,1,0,0,0,2.0,316,61,5.180327868852459
0,3,3,0,0,4,5,0,0,0,1,1,1,0,1,0,1,0,4.0,34,6,5.666666666666667
1,12,2,33,0,1,4,0,1,1,1,1,1,0,1,0,1,0,1.0,1566,264,5.931818181818182
1,72,9,0,0,1,3,1,0,2,2,2,2,0,1,150,1,0,11.0,154,23,6.695652173913044
1,8,11,0,0,0,1,1,0,0,2,2,2,0,1,0,1,0,6.0,213,32,6.65625
1,2,22,3,0,1,0,0,1,0,0,0,0,0,1,0,0,0,3.0,360,69,5.217391304347826
0,48,3,9,0,0,1,1,2,0,2,2,2,0,2,0,1,0,1.0,256,49,5.224489795918367
0,2,3,0,2,0,3,0,1,0,0,0,0,0,3,0,0,0,3.0,20,4,5.0
1,3,2,0,1,1,2,0,1,1,2,2,0,0,1,0,0,0,5.0,53,11,4.818181818181818
0,4,3,6,1,4,0,0,1,0,2,2,0,0,1,0,0,1,1.0,165,31,5.32258064516129
1,1,2,0,2,0,1,0,0,0,0,2,0,0,5,0,0,0,7.0,376,67,5.611940298507463
1,11,2,0,1,1,6,0,2,1,2,2,1,0,1,0,5,0,1.0,207,39,5.3076923076923075
1,36,34,0,0,4,2,0,0,1,2,2,2,0,1,0,1,0,2.0,259,49,5.285714285714286
1,21,34,0,0,5,2,0,0,1,2,2,0,0,1,450,1,0,4.0,268,54,4.962962962962963
0,3,10,6,1,1,0,0,1,1,0,0,0,0,2,150,0,0,5.0,308,53,5.811320754716981
0,2,3,0,2,0,0,0,1,0,0,0,0,0,5,0,9,0,4.0,366,70,5.228571428571429
1,156,2,0,1,0,1,0,1,1,2,2,1,0,1,0,0,0,1.0,328,62,5.290322580645161
1,1,2,0,2,0,1,2,1,1,0,0,0,0,8,0,0,0,17.0,1363,260,5.242307692307692
1,3,2,33,0,4,4,1,1,0,2,2,0,0,1,0,1,0,3.0,110,17,6.470588235294118
0,3,3,9,0,0,3,0,1,0,2,2,0,0,1,50,1,0,1.0,340,64,5.3125
1,2,2,3,1,0,2,0,1,0,2,2,1,0,1,0,1,0,2.0,46,7,6.571428571428571
0,3,3,0,1,0,0,0,1,0,0,2,2,0,1,0,0,0,5.0,329,57,5.771929824561403
0,1,3,0,0,0,1,0,0,0,1,1,1,1,1,0,1,0,4.0,32,8,4.0
1,2,2,0,1,2,2,0,1,0,1,1,0,0,1,0,1,0,1.0,20,5,4.0
0,21,4,0,0,2,2,0,1,2,2,2,0,0,1,0,0,0,3.0,20,3,6.666666666666667
1,1,5,0,2,1,6,3,0,1,1,1,1,0,8,0,5,0,3.0,56,10,5.6
1,2,5,3,0,0,1,0,1,0,1,1,0,0,1,0,0,0,4.0,91,17,5.352941176470588
0,3,1,9,1,0,6,1,1,0,0,0,0,0,1,0,0,0,2.0,372,69,5.391304347826087
0,3,3,0,1,0,5,3,1,0,0,0,0,0,1,50,1,0,4.0,134,26,5.153846153846154
1,16,2,0,0,2,2,0,1,0,2,2,2,0,1,0,0,0,4.0,304,60,5.066666666666666
1,10,2,0,1,0,6,0,1,0,2,2,0,0,2,20,0,0,5.0,2023,380,5.323684210526316
0,2,3,0,1,1,0,0,0,0,0,0,0,0,1,50,0,0,1.0,128,24,5.333333333333333
1,18,2,0,0,1,0,0,1,0,1,1,1,0,1,0,0,0,4.0,410,74,5.54054054054054
1,36,14,0,0,1,6,0,2,0,2,2,0,0,1,0,0,0,3.0,283,55,5.1454545454545455
0,2,1,0,0,2,0,0,1,1,0,0,0,0,1,0,1,0,5.0,350,61,5.737704918032787
1,48,2,0,0,0,1,0,2,0,1,1,0,1,1,0,0,0,2.0,448,86,5.209302325581396
1,16,2,0,2,1,5,1,1,0,1,1,1,0,5,0,3,0,5.0,607,118,5.1440677966101696
1,4,5,3,1,0,1,1,1,1,2,2,2,0,1,0,1,0,8.0,164,31,5.290322580645161
0,2,3,0,1,0,1,1,1,0,0,0,0,0,2,0,0,0,3.0,297,57,5.2105263157894735
1,96,19,0,0,3,2,0,0,1,2,2,0,0,1,0,0,0,1.0,96,17,5.647058823529412
1,3,51,50,1,0,1,1,1,0,0,0,0,0,1,0,1,1,7.0,241,41,5.878048780487805
1,4,2,3,1,0,1,0,1,1,2,2,0,0,1,0,0,0,4.0,12,2,6.0
1,2,2,3,0,0,1,0,1,1,2,2,0,0,1,0,0,0,5.0,12,2,6.0
0,2,4,0,0,0,0,0,0,0,0,0,0,0,1,0,1,0,3.0,88,19,4.631578947368421
1,84,11,0,1,1,0,0,1,0,2,2,2,0,1,0,1,0,1.0,113,21,5.380952380952381
1,2,2,0,1,0,1,1,1,0,0,0,1,0,2,0,0,0,5.0,231,42,5.5
0,48,1,0,0,1,0,0,1,1,2,2,2,0,1,0,1,0,6.0,458,90,5.088888888888889
1,14,2,0,1,1,2,0,1,0,0,0,2,0,1,0,0,0,4.0,659,126,5.23015873015873
0,5,3,0,0,0,2,0,1,0,2,2,0,0,1,50,0,0,2.0,178,28,6.357142857142857
0,9,3,0,0,0,2,0,1,1,2,2,0,0,1,0,1,0,5.0,289,54,5.351851851851852
1,1,2,0,2,0,1,1,1,0,0,2,0,0,9,0,0,0,8.0,103,19,5.421052631578948
1,108,2,3,2,1,0,0,2,0,2,2,2,0,2,0,0,3,5.0,331,49,6.755102040816326
1,4,2,0,1,0,1,0,1,1,1,1,1,0,2,0,0,0,0.0,89,15,5.933333333333334
1,2,2,3,1,1,2,0,1,1,0,2,0,0,1,0,0,0,7.0,12,2,6.0
1,24,2,0,0,1,3,1,1,0,2,2,2,0,1,0,1,0,1.0,1090,208,5.240384615384615
0,12,0,0,0,1,2,0,1,1,2,2,0,0,1,0,0,0,4.0,229,43,5.325581395348837
0,3,3,0,1,0,5,1,0,0,2,2,0,0,1,0,1,0,4.0,369,70,5.271428571428571
0,12,3,0,0,2,0,0,0,0,1,2,2,0,1,0,1,0,5.0,419,73,5.739726027397261
0,3,3,0,2,0,1,3,0,0,0,0,0,0,3,0,0,0,5.0,100,16,6.25
1,72,2,0,1,0,2,0,1,0,1,2,0,1,1,0,0,0,4.0,1193,237,5.033755274261603
0,7,1,0,1,3,0,0,1,1,2,2,2,0,1,0,0,0,3.0,679,117,5.803418803418803
1,4,2,0,1,1,2,0,1,0,2,2,0,0,1,0,0,0,8.0,522,94,5.553191489361702
1,24,34,7,0,1,2,0,0,1,2,2,0,0,1,50,0,0,5.0,364,73,4.986301369863014
1,2,2,0,1,0,4,0,1,0,2,2,0,0,1,0,1,0,5.0,470,83,5.662650602409639
0,5,3,0,1,5,2,0,1,0,0,2,0,0,1,0,1,0,3.0,1276,239,5.338912133891213
1,34,2,0,1,0,1,0,1,0,2,2,2,0,1,100,0,0,4.0,90,9,10.0
0,3,24,9,1,0,5,1,0,0,0,0,0,0,1,0,1,0,2.0,279,52,5.365384615384615
0,1,3,0,0,0,5,1,1,0,0,0,0,0,1,0,1,0,4.0,237,51,4.647058823529412
1,2,2,0,0,0,1,0,1,0,0,0,0,0,1,0,0,0,2.0,152,28,5.428571428571429
1,2,48,3,1,2,2,0,1,0,0,2,0,0,1,0,0,0,8.0,167,27,6.185185185185185
1,24,2,0,0,1,2,0,1,1,2,2,1,0,1,0,1,0,2.0,587,104,5.644230769230769
1,2,2,3,1,1,2,0,1,0,0,0,0,0,1,0,0,0,23.0,784,150,5.226666666666667
0,1,3,0,0,0,1,3,0,0,0,0,0,0,1,0,7,0,2.0,68,11,6.181818181818182
1,3,2,0,1,1,0,0,1,0,0,2,0,0,1,0,3,0,3.0,220,37,5.945945945945946
1,4,2,0,2,0,1,4,0,0,2,2,0,0,3,0,6,0,3.0,441,77,5.7272727272727275
0,4,93,0,0,0,0,0,1,1,0,0,0,0,1,0,0,0,3.0,556,108,5.148148148148148
1,2,2,0,1,2,2,0,0,0,0,0,0,0,1,0,9,0,3.0,100,17,5.882352941176471
0,1,4,10,2,0,0,0,1,1,0,0,0,0,4,0,1,0,9.0,19,3,6.333333333333333
0,2,3,0,0,6,2,0,1,0,0,2,0,0,1,0,1,0,9.0,404,81,4.987654320987654
1,2,2,0,1,0,1,0,1,0,2,2,0,0,1,0,1,0,2.0,154,28,5.5
1,12,2,0,1,5,2,0,1,0,1,1,1,0,1,0,0,0,3.0,379,73,5.191780821917808
1,36,16,0,1,0,3,1,0,2,2,2,2,0,1,0,0,0,1.0,160,30,5.333333333333333
0,12,3,0,1,0,5,1,1,0,2,2,2,0,1,0,1,0,2.0,59,11,5.363636363636363
1,37,73,3,0,0,1,1,3,0,2,2,2,0,1,50,0,0,2.0,920,184,5.0
1,2,2,0,1,0,1,1,0,1,2,2,0,0,3,0,0,0,4.0,251,42,5.976190476190476
0,2,1,0,1,0,2,0,1,1,0,2,0,0,1,50,0,0,5.0,1238,235,5.268085106382979
1,48,33,0,1,1,6,0,0,2,2,1,1,1,1,0,1,0,3.0,219,37,5.918918918918919
1,12,2,0,0,5,2,0,1,0,0,0,0,0,1,0,1,0,2.0,159,31,5.129032258064516
1,2,2,0,1,0,2,0,1,1,0,0,0,0,1,0,0,0,5.0,319,59,5.406779661016949
1,48,33,0,0,2,2,0,1,1,2,2,2,0,1,0,0,0,5.0,272,40,6.8
1,2,2,3,2,0,1,0,1,0,0,0,0,0,6,0,0,0,3.0,409,82,4.987804878048781
1,1,2,0,1,1,2,0,1,1,2,0,0,0,1,0,0,0,2.0,89,16,5.5625
0,3,1,0,0,6,2,0,2,1,2,2,0,0,1,150,0,0,3.0,389,69,5.63768115942029
1,48,2,3,1,0,1,1,1,1,1,1,1,0,9,200,1,0,3.0,762,162,4.703703703703703
0,18,3,0,1,0,5,1,0,0,1,2,1,0,1,0,1,0,2.0,19,3,6.333333333333333
0,8,3,26,1,1,2,0,1,0,2,2,2,0,1,0,1,0,1.0,440,82,5.365853658536586
1,2,2,0,1,0,1,1,1,1,0,2,0,0,1,100,0,0,3.0,42,6,7.0
1,1,2,0,2,0,1,2,1,1,1,1,0,0,6,0,0,0,2.0,108,17,6.352941176470588
1,0,2,3,0,5,2,0,1,0,2,2,0,0,1,0,0,0,3.0,130,18,7.222222222222222
1,2,2,31,0,0,1,0,1,0,0,0,0,0,1,0,0,0,1.0,44,10,4.4
1,60,2,0,0,1,6,0,1,0,2,2,0,0,1,0,0,0,1.0,66,10,6.6
0,3,3,0,1,1,6,2,0,0,0,0,0,0,1,0,0,0,0.0,36,5,7.2
0,2,3,0,1,1,4,3,0,0,0,0,0,0,3,0,1,0,4.0,510,82,6.219512195121951
1,2,2,0,1,1,2,0,1,1,0,2,0,0,1,0,0,0,1.0,56,11,5.090909090909091
1,0,2,0,2,0,1,0,1,1,0,1,0,0,3,0,5,0,1.0,89,17,5.235294117647059
1,1,2,0,2,0,0,0,1,0,0,2,0,0,5,0,0,0,3.0,9,1,9.0
0,12,1,0,0,6,4,1,1,1,2,2,2,0,1,0,0,0,3.0,293,52,5.634615384615385
1,24,2,0,1,1,0,0,1,1,1,1,1,0,1,0,0,0,1.0,207,40,5.175
1,1,110,3,1,2,2,0,1,0,0,0,0,0,1,0,7,0,3.0,112,18,6.222222222222222
1,3,2,0,0,0,1,5,1,0,2,2,0,0,1,0,1,0,2.0,539,104,5.1826923076923075
0,5,3,8,0,0,1,1,1,1,0,2,0,0,1,0,3,0,5.0,116,21,5.523809523809524
0,3,3,0,0,5,2,0,0,0,0,0,0,0,1,0,1,0,2.0,253,50,5.06
1,3,2,0,0,0,0,0,1,1,2,2,0,0,1,50,0,0,3.0,301,62,4.854838709677419
1,3,2,0,1,0,2,0,1,0,0,0,0,0,2,0,0,0,11.0,1120,198,5.656565656565657
0,5,3,0,0,0,1,3,0,1,2,2,0,0,1,0,1,0,4.0,139,27,5.148148148148148
1,2,2,0,1,0,1,0,1,0,2,2,2,0,1,0,0,0,5.0,662,127,5.21259842519685
0,2,26,0,0,6,0,0,0,1,0,0,0,0,1,0,0,0,4.0,81,16,5.0625
1,1,2,0,0,0,2,0,1,0,0,0,2,0,1,0,5,0,3.0,396,79,5.012658227848101
0,2,3,0,2,0,5,1,1,0,0,0,0,0,4,0,1,0,5.0,621,120,5.175
1,2,2,0,0,0,1,0,1,0,0,2,0,0,1,0,3,0,5.0,144,19,7.578947368421052
0,2,0,6,1,0,3,0,0,1,1,1,1,0,1,0,1,0,2.0,72,14,5.142857142857143
1,1,2,0,2,0,1,1,1,0,0,0,1,0,7,0,7,0,0.0,60,10,6.0
0,1,3,0,2,0,1,1,0,0,0,0,0,0,4,0,1,0,4.0,354,66,5.363636363636363
0,3,0,0,0,1,2,0,0,0,0,2,0,0,1,0,0,0,2.0,601,113,5.31858407079646
0,8,3,0,0,0,0,0,1,0,2,2,2,0,1,0,0,0,3.0,43,9,4.777777777777778
1,2,2,0,0,0,1,0,1,0,0,2,0,0,1,0,0,0,2.0,380,73,5.205479452054795
1,1,2,0,1,2,0,0,1,1,0,0,0,0,1,0,3,0,2.0,100,19,5.2631578947368425
0,3,3,0,0,2,2,0,0,0,0,2,0,0,1,0,3,0,4.0,178,27,6.592592592592593
0,6,3,0,1,3,2,0,1,0,0,2,0,0,1,0,0,1,11.0,393,78,5.038461538461538
1,8,2,0,1,0,2,0,1,1,2,2,2,0,1,0,0,0,1.0,579,114,5.078947368421052
0,2,3,0,1,0,3,1,0,0,0,0,0,0,1,0,2,0,5.0,1024,181,5.657458563535911
1,12,100,3,1,0,0,0,1,2,2,2,2,0,1,0,0,0,14.0,597,110,5.427272727272728
1,3,2,0,1,1,2,0,1,0,0,0,0,0,1,0,0,0,3.0,140,26,5.384615384615385
0,5,3,0,2,0,1,1,0,0,1,1,1,0,3,0,1,0,1.0,325,62,5.241935483870968
1,2,2,3,1,1,2,0,1,1,2,2,0,0,1,0,0,0,1.0,12,2,6.0
1,3,2,0,1,0,1,0,1,1,2,2,0,0,1,0,0,0,2.0,229,45,5.088888888888889
1,1,22,3,1,1,4,0,1,0,0,0,0,0,1,0,0,0,8.0,1052,199,5.28643216080402
1,4,2,0,1,1,2,0,2,1,1,1,0,0,1,0,0,0,1.0,117,21,5.571428571428571
1,1,2,0,1,0,1,0,1,0,1,1,0,0,1,0,0,0,3.0,117,21,5.571428571428571
1,5,2,0,0,6,4,0,1,0,2,2,2,0,1,0,1,0,10.0,313,60,5.216666666666667
1,18,2,0,1,5,2,0,1,1,2,2,2,0,1,0,0,0,4.0,879,163,5.392638036809816
1,3,2,3,1,5,2,0,1,0,0,0,0,0,1,0,1,0,3.0,382,73,5.232876712328767
1,18,2,0,1,2,0,0,0,0,2,2,2,0,1,100,0,0,3.0,121,21,5.761904761904762
0,2,3,0,1,1,3,1,0,0,0,0,0,0,1,0,0,0,1.0,50,11,4.545454545454546
0,1,3,0,1,0,1,3,1,0,1,1,1,0,2,0,1,0,3.0,308,60,5.133333333333334
1,3,2,0,1,0,2,0,1,1,2,2,0,0,1,0,0,0,1.0,70,14,5.0
1,0,2,0,2,0,1,5,1,1,0,1,0,0,6,0,5,0,1.0,99,20,4.95
1,2,2,3,1,0,1,1,1,0,0,2,0,0,1,100,0,1,8.0,114,22,5.181818181818182
0,6,3,0,0,0,3,0,1,0,2,2,2,1,1,0,0,0,8.0,603,114,5.2894736842105265
1,11,2,0,0,1,0,0,1,0,2,1,0,0,1,0,0,0,2.0,290,57,5.087719298245614
0,3,3,0,0,0,0,0,1,0,0,2,0,0,1,0,0,0,1.0,60,11,5.454545454545454
1,2,2,0,0,0,1,0,1,1,0,0,0,0,1,0,3,0,3.0,155,25,6.2
1,12,2,0,1,0,1,0,0,0,0,0,0,0,1,0,0,0,3.0,311,57,5.456140350877193
1,2,2,0,0,0,1,0,1,0,0,2,0,0,1,0,0,0,5.0,403,87,4.632183908045977
1,2,5,51,0,0,6,0,1,1,2,2,0,0,1,250,1,0,5.0,320,55,5.818181818181818
1,2,2,0,1,1,6,0,1,1,2,2,0,0,1,100,0,0,1.0,253,57,4.43859649122807
1,36,28,0,0,0,1,1,1,0,2,2,0,0,1,550,1,0,3.0,390,78,5.0
1,36,18,0,0,3,0,0,2,1,2,2,2,1,1,200,0,0,5.0,1032,204,5.0588235294117645
0,0,3,0,2,0,6,0,0,0,1,1,1,0,2,0,0,0,4.0,699,129,5.4186046511627906
1,1,110,3,2,0,0,0,1,0,0,0,0,0,2,0,7,0,3.0,522,98,5.326530612244898
1,8,2,3,0,0,1,1,1,0,2,2,2,0,2,50,0,0,5.0,490,96,5.104166666666667
1,2,2,0,2,0,1,1,1,0,0,0,0,0,8,100,0,0,11.0,577,100,5.77
0,14,4,1,1,0,0,0,2,2,2,2,2,0,1,100,0,0,5.0,106,19,5.578947368421052
1,60,136,0,0,1,2,0,2,2,2,2,2,0,1,500,0,0,2.0,363,70,5.185714285714286
1,4,2,0,2,0,5,3,0,1,0,0,0,0,7,30,0,0,5.0,286,55,5.2
1,1,2,0,1,5,2,0,1,1,0,0,1,0,2,0,1,0,11.0,262,53,4.943396226415095
1,4,2,3,0,0,1,1,1,1,2,2,0,0,1,0,0,0,2.0,12,2,6.0
1,3,2,0,1,0,1,0,1,0,0,0,0,0,1,0,0,1,4.0,313,65,4.815384615384615
0,1,3,0,1,0,5,1,1,0,0,0,0,0,1,0,0,0,3.0,178,32,5.5625
0,3,1,0,1,4,0,0,1,1,2,2,2,0,1,0,0,0,2.0,8,1,8.0
0,4,12,29,1,1,5,2,1,0,0,0,2,0,1,0,0,0,1.0,46,9,5.111111111111111
0,1,1,0,1,0,0,0,1,1,0,0,0,0,1,0,0,0,1.0,40,7,5.714285714285714
0,30,3,0,0,0,3,1,1,1,0,2,2,0,2,0,0,0,2.0,1377,250,5.508
0,14,3,0,1,4,0,0,1,0,0,0,0,0,2,0,6,0,4.0,259,41,6.317073170731708
0,3,3,0,1,0,1,3,1,0,0,2,0,0,1,0,0,0,1.0,428,81,5.283950617283951
0,4,3,9,2,0,3,1,1,1,0,2,0,0,2,0,0,0,5.0,881,163,5.404907975460123
1,3,100,3,1,0,4,1,1,1,0,2,0,0,1,0,0,0,9.0,507,94,5.3936170212765955
1,12,2,3,0,0,5,0,1,0,0,2,0,0,1,0,0,0,7.0,880,166,5.301204819277109
1,2,2,0,2,0,6,1,1,0,0,0,0,0,6,0,0,0,2.0,99,19,5.2105263157894735
1,1,2,0,0,0,1,0,1,0,0,2,0,0,1,0,0,0,3.0,352,70,5.0285714285714285
1,1,2,0,1,0,1,0,1,1,2,2,0,0,1,0,0,0,9.0,417,75,5.56
0,12,7,0,2,0,0,0,1,1,2,2,0,0,3,0,1,1,9.0,832,157,5.2993630573248405
1,1,2,0,1,0,1,0,1,0,0,0,0,0,1,0,1,0,1.0,200,38,5.2631578947368425
1,2,2,0,1,0,1,2,1,0,2,2,0,0,3,0,0,0,7.0,389,74,5.256756756756757
1,8,2,0,1,1,4,0,1,0,2,2,2,0,1,0,0,0,3.0,8,1,8.0
1,168,33,0,0,4,2,0,1,2,1,1,1,0,1,0,0,0,5.0,326,66,4.9393939393939394
1,2,2,0,0,0,1,0,1,0,0,2,0,0,1,0,3,0,3.0,198,28,7.071428571428571
1,48,28,50,1,0,1,1,1,0,2,2,2,0,1,0,0,0,2.0,184,35,5.257142857142857
0,12,3,26,1,3,0,0,0,0,2,2,2,0,1,0,0,0,2.0,445,81,5.493827160493828
1,36,16,115,0,1,2,0,0,2,2,2,0,0,1,0,0,0,5.0,112,23,4.869565217391305
1,18,2,0,1,1,2,0,1,0,2,2,2,0,1,50,0,0,2.0,824,165,4.993939393939394
1,2,2,0,2,0,1,1,1,1,0,2,0,0,11,0,1,0,29.0,2901,546,5.313186813186813
0,7,10,9,1,1,0,0,1,0,0,2,0,0,1,0,0,0,6.0,158,27,5.851851851851852
0,2,64,9,0,0,0,0,0,0,0,0,0,0,2,50,1,0,6.0,574,87,6.597701149425287
0,1,3,0,0,0,0,0,1,0,1,1,1,0,1,0,0,0,4.0,124,22,5.636363636363637
1,3,2,0,1,0,1,0,1,0,0,2,0,0,1,0,0,0,4.0,356,65,5.476923076923077
1,4,2,3,1,1,2,0,2,0,2,2,0,0,1,0,0,0,1.0,69,13,5.3076923076923075
0,1,3,0,1,0,1,0,1,0,0,0,0,0,1,0,1,0,1.0,103,20,5.15
1,1,2,3,2,0,2,0,0,0,0,0,0,0,2,0,0,0,3.0,308,56,5.5
1,2,2,0,0,1,0,0,1,1,2,2,0,0,1,0,0,0,3.0,233,46,5.065217391304348
0,2,3,9,2,0,1,5,1,0,0,0,0,0,5,0,0,0,3.0,203,41,4.951219512195122
1,24,2,0,1,1,2,0,1,1,1,1,1,0,20,0,9,0,1.0,86,17,5.0588235294117645
0,19,3,9,1,0,0,0,1,0,2,2,2,0,1,0,0,0,2.0,86,6,14.333333333333334
1,84,20,0,1,4,2,0,2,2,2,2,0,0,1,0,1,0,2.0,990,186,5.32258064516129
1,9,2,3,0,1,5,0,1,1,0,2,2,0,1,0,2,0,1.0,133,28,4.75
0,10,3,22,0,0,0,0,2,0,1,1,1,0,1,0,1,0,3.0,542,109,4.972477064220183
1,2,2,3,1,1,2,0,1,0,0,0,0,0,2,0,0,0,5.0,214,42,5.095238095238095
1,3,2,0,0,2,2,0,1,0,1,2,0,0,1,0,1,0,6.0,237,37,6.405405405405405
0,2,3,0,1,4,2,0,1,0,0,2,2,0,1,0,0,0,6.0,689,131,5.259541984732825
1,2,2,0,1,1,2,0,1,0,2,2,1,0,1,0,0,0,4.0,130,26,5.0
0,4,3,0,0,6,4,0,0,0,0,2,0,0,2,0,0,0,5.0,457,84,5.440476190476191
1,2,2,3,1,0,0,0,1,1,2,2,0,0,1,0,0,0,2.0,12,2,6.0
1,24,2,0,1,1,2,0,1,1,2,2,0,0,1,0,0,0,2.0,379,73,5.191780821917808
0,2,3,0,1,0,2,0,1,0,0,0,0,0,1,0,0,0,4.0,230,44,5.2272727272727275
1,2,2,3,1,0,1,0,1,0,1,2,0,0,1,0,1,0,5.0,153,27,5.666666666666667
1,2,2,0,1,0,1,0,1,0,0,0,0,0,1,20,3,0,1.0,201,32,6.28125
0,4,3,0,2,1,5,3,0,0,2,2,0,0,3,100,0,0,3.0,179,31,5.774193548387097
0,2,3,0,1,1,0,0,1,0,0,0,0,0,1,0,0,0,3.0,54,9,6.0
1,2,2,0,1,0,1,1,1,0,2,2,0,0,1,0,0,0,7.0,18,3,6.0
1,19,2,0,1,0,1,2,0,0,0,2,0,0,1,0,1,0,4.0,326,60,5.433333333333334
1,1,2,3,1,1,0,0,1,1,2,2,0,0,1,0,0,0,1.0,12,2,6.0
1,2,2,0,0,0,1,1,1,1,2,2,0,0,1,0,0,0,6.0,131,23,5.695652173913044
1,48,2,0,1,3,2,0,2,1,2,2,2,0,1,0,1,0,5.0,280,48,5.833333333333333
0,2,3,0,1,0,6,1,0,0,2,2,0,0,1,0,1,0,2.0,488,95,5.136842105263158
1,22,2,0,0,1,6,0,1,0,2,2,1,0,1,0,0,0,5.0,559,119,4.697478991596639
0,7,3,9,1,0,3,0,1,0,2,2,0,0,1,0,0,0,2.0,96,19,5.052631578947368
1,2,2,0,1,2,2,0,1,0,2,2,0,0,1,0,0,0,1.0,157,32,4.90625
1,1,2,3,0,1,2,0,1,1,0,0,0,0,1,0,3,0,6.0,232,42,5.523809523809524
0,1,1,0,2,0,0,0,0,1,0,0,0,0,5,0,1,0,20.0,471,90,5.233333333333333
0,5,3,0,1,0,1,3,0,0,0,0,0,0,1,0,0,0,4.0,287,59,4.864406779661017
0,1,3,0,2,0,0,0,0,0,0,0,0,0,2,0,0,0,8.0,497,94,5.287234042553192
1,3,2,0,0,0,1,0,1,1,2,2,0,0,1,0,0,0,2.0,81,13,6.230769230769231
1,1,2,3,0,0,1,1,1,1,0,2,0,0,1,0,0,0,3.0,12,2,6.0
0,4,24,6,1,1,4,3,1,1,2,2,0,0,1,0,0,1,7.0,267,50,5.34
0,1,10,0,2,1,3,1,0,0,0,0,0,0,4,0,0,0,5.0,20,3,6.666666666666667
0,4,3,0,0,0,0,0,0,0,0,2,0,0,1,0,3,0,4.0,473,82,5.7682926829268295
0,5,3,0,2,6,0,0,1,0,0,0,0,0,5,50,0,0,1.0,165,38,4.342105263157895
0,1,36,9,1,0,3,0,1,0,0,0,0,0,1,50,0,0,5.0,946,169,5.597633136094674
1,4,114,3,1,1,2,0,1,0,2,2,0,0,1,0,0,0,4.0,442,91,4.857142857142857
1,2,2,0,1,1,0,0,1,1,0,2,0,0,1,0,3,0,3.0,193,28,6.892857142857143
1,24,2,0,1,1,2,0,1,1,1,1,1,0,20,0,9,0,1.0,100,19,5.2631578947368425
1,2,2,0,0,2,0,0,1,0,0,0,0,0,1,5,3,0,4.0,125,13,9.615384615384615
1,96,16,0,0,1,2,0,0,1,1,1,0,0,1,0,0,0,1.0,377,71,5.309859154929577
1,36,34,0,1,0,3,0,0,1,1,2,0,0,1,0,0,0,2.0,240,46,5.217391304347826
1,1,2,0,2,1,2,0,1,1,0,2,0,0,2,0,1,0,3.0,172,33,5.212121212121212
1,2,2,3,2,2,0,0,1,0,0,0,0,0,6,0,0,0,5.0,475,87,5.459770114942529
1,2,39,3,1,0,1,0,1,1,1,1,0,0,1,0,0,0,4.0,115,20,5.75
0,6,4,0,1,4,2,0,2,2,2,2,0,0,1,100,1,0,1.0,63,13,4.846153846153846
1,2,2,0,1,2,2,0,1,0,2,2,2,0,1,0,0,1,4.0,419,80,5.2375
0,3,3,0,0,2,2,0,0,0,1,2,1,0,1,0,1,0,1.0,136,22,6.181818181818182
0,2,3,0,1,0,0,0,1,0,0,2,0,0,1,0,0,0,3.0,393,79,4.974683544303797
1,1,2,0,0,1,2,0,1,1,0,2,0,0,1,38,0,0,17.0,303,57,5.315789473684211
1,2,25,3,1,0,1,0,1,1,2,1,0,0,1,0,0,0,4.0,120,22,5.454545454545454
1,8,2,0,0,0,1,0,1,0,1,1,0,0,1,0,1,0,2.0,477,95,5.021052631578947
1,51,2,0,1,1,0,0,1,1,2,2,2,0,1,80,0,0,5.0,166,30,5.533333333333333
0,2,3,0,1,0,1,5,1,0,0,2,0,0,1,0,1,0,1.0,558,104,5.365384615384615
1,48,34,28,0,2,2,0,0,2,2,2,2,1,1,0,1,0,6.0,899,129,6.9689922480620154
0,2,3,0,0,3,2,0,0,0,0,2,0,1,1,8,0,0,8.0,568,99,5.737373737373737
1,3,2,3,2,0,5,0,1,0,0,0,0,0,2,0,2,0,5.0,207,37,5.594594594594595
1,120,14,123,0,0,1,5,2,1,2,2,2,0,2,0,0,0,3.0,1022,190,5.378947368421053
0,21,4,8,0,2,3,1,2,2,2,2,0,1,1,0,0,0,1.0,331,60,5.516666666666667
1,1,2,11,1,2,2,0,1,1,1,1,0,0,1,0,0,0,5.0,565,100,5.65
0,6,3,19,1,0,6,2,1,0,2,2,2,0,1,0,1,0,4.0,572,104,5.5
1,2,2,0,1,1,2,0,1,0,0,0,0,0,1,0,0,0,1.0,295,55,5.363636363636363
1,1,2,0,0,0,1,0,1,1,0,0,1,0,8,0,0,0,2.0,22,5,4.4
1,2,2,0,0,1,0,0,1,1,2,2,0,0,1,0,0,0,3.0,278,57,4.87719298245614
0,2,78,106,1,0,2,0,1,0,2,2,0,0,3,0,0,0,8.0,239,42,5.690476190476191
0,2,3,0,1,0,1,0,0,0,0,2,0,0,1,0,0,0,11.0,636,117,5.435897435897436
1,24,2,0,0,0,1,0,1,1,1,1,1,0,1,0,1,0,3.0,577,101,5.712871287128713
0,3,3,0,0,3,0,0,1,0,0,0,0,0,1,0,0,0,3.0,193,33,5.848484848484849
0,2,3,0,0,0,0,0,1,0,0,2,0,0,1,0,1,0,3.0,414,72,5.75
1,6,34,0,0,5,2,0,0,1,2,2,0,0,2,0,1,0,1.0,32,5,6.4
1,2,2,0,0,0,0,0,1,1,0,0,0,0,1,0,3,0,5.0,53,7,7.571428571428571
0,3,3,0,1,3,0,0,1,0,0,0,0,0,1,0,0,2,20.0,1964,398,4.934673366834171
0,2,3,81,1,0,2,0,2,0,0,0,0,0,1,0,0,0,5.0,437,72,6.069444444444445
0,3,1,0,2,0,3,1,1,1,0,2,0,0,2,0,0,0,6.0,93,16,5.8125
1,4,2,0,0,0,1,0,1,2,1,1,0,0,1,0,0,2,8.0,954,189,5.0476190476190474
0,2,0,0,1,1,6,3,1,0,0,2,0,0,1,0,0,0,5.0,1157,219,5.28310502283105
0,24,3,9,2,0,0,0,1,1,1,1,1,1,4,50,1,0,1.0,196,39,5.0256410256410255
0,1,1,0,1,3,0,0,0,2,1,1,1,0,3,0,0,0,3.0,98,15,6.533333333333333
0,4,3,0,0,4,2,0,1,0,0,0,0,1,1,0,0,0,1.0,20,5,4.0
0,3,3,0,0,3,2,0,0,0,0,2,0,0,1,0,1,0,5.0,214,38,5.631578947368421
0,2,3,0,0,0,2,0,0,0,0,2,0,1,1,0,5,0,2.0,515,93,5.537634408602151
1,6,2,0,1,1,0,0,2,0,2,2,0,0,2,0,0,0,2.0,307,63,4.873015873015873
1,1,2,0,2,0,1,1,0,0,0,0,0,1,6,0,1,0,2.0,149,29,5.137931034482759
1,2,2,0,0,0,1,0,2,0,1,1,0,0,1,0,0,0,3.0,91,15,6.066666666666666
1,1,2,3,0,2,2,0,1,1,0,2,0,0,1,0,0,0,1.0,14,3,4.666666666666667
1,2,2,0,0,2,0,0,1,0,2,2,0,0,1,0,1,0,3.0,194,32,6.0625
1,2,2,0,0,0,1,0,1,0,0,0,0,0,1,1,5,0,3.0,450,89,5.056179775280899
1,12,2,0,1,1,0,0,1,0,1,1,2,0,1,0,1,0,3.0,187,39,4.794871794871795
0,2,3,0,1,0,5,1,1,0,0,0,0,0,2,0,0,0,3.0,325,68,4.779411764705882
1,60,34,124,1,0,2,0,0,0,1,2,0,0,1,1,0,0,2.0,287,57,5.035087719298246
1,3,2,3,1,1,2,0,0,0,0,0,0,0,1,0,0,0,4.0,309,62,4.983870967741935
0,4,92,9,0,0,1,0,0,0,0,0,1,0,1,0,5,0,1.0,57,11,5.181818181818182
1,2,2,0,1,1,5,1,1,0,1,1,1,0,2,0,3,0,1.0,138,26,5.3076923076923075
1,2,2,11,2,0,1,0,1,1,2,2,0,0,3,0,0,0,5.0,324,61,5.311475409836065
1,2,2,0,1,1,0,0,1,0,0,0,0,0,1,0,0,0,1.0,92,18,5.111111111111111
1,1,2,0,1,1,4,1,1,0,1,2,1,0,5,0,0,0,6.0,385,71,5.422535211267606
1,1,2,0,1,1,0,0,1,0,0,0,1,0,1,0,5,0,4.0,264,53,4.981132075471698
0,12,10,0,2,1,2,0,1,0,1,2,0,0,6,0,0,0,3.0,417,80,5.2125
0,4,1,0,0,3,0,0,1,1,0,0,0,0,1,0,0,0,2.0,41,7,5.857142857142857
0,6,3,0,1,5,2,0,1,0,2,2,0,0,1,0,0,0,3.0,314,62,5.064516129032258
0,1,4,0,0,4,2,0,0,2,0,0,0,0,1,0,0,0,3.0,259,50,5.18
1,1,2,0,0,0,2,0,1,0,0,2,0,0,1,0,0,0,3.0,796,168,4.738095238095238
0,6,26,6,1,0,5,1,0,1,2,2,2,0,1,0,0,0,4.0,272,40,6.8
1,2,2,3,1,1,0,0,1,0,2,2,1,0,2,100,0,0,2.0,123,24,5.125
1,17,18,0,0,0,4,1,1,1,0,2,0,0,1,0,0,0,3.0,1508,278,5.424460431654676
1,12,2,0,0,1,2,0,1,1,2,2,2,0,1,0,1,0,1.0,63,14,4.5
1,36,2,125,1,0,1,0,1,1,1,1,2,0,1,0,3,0,3.0,332,70,4.742857142857143
0,3,78,26,2,6,4,0,1,0,1,2,0,0,2,50,1,0,4.0,126,24,5.25
1,16,15,103,1,1,0,0,2,0,1,2,2,0,1,200,0,0,2.0,239,49,4.877551020408164
1,2,5,3,1,0,1,0,1,1,2,1,0,0,1,0,0,0,3.0,136,24,5.666666666666667
0,2,3,0,0,5,2,0,1,0,2,2,0,0,1,0,0,0,5.0,613,119,5.151260504201681
1,120,53,0,1,6,0,0,1,0,1,1,1,0,1,0,0,0,2.0,651,124,5.25
1,2,2,0,1,1,4,1,1,0,0,2,0,0,1,0,0,1,4.0,231,48,4.8125
0,4,3,6,1,0,5,1,0,0,1,1,1,0,2,0,0,0,5.0,228,38,6.0
0,38,7,23,1,0,6,1,1,2,2,2,2,0,3,200,1,0,2.0,123,19,6.473684210526316
0,2,10,8,2,0,1,1,1,1,0,0,0,0,4,0,0,0,1.0,389,71,5.47887323943662
1,5,39,3,1,0,1,2,1,0,2,0,0,0,1,100,0,0,1.0,774,128,6.046875
1,48,20,0,1,4,2,0,2,2,2,2,0,0,1,0,0,0,0.0,160,28,5.714285714285714
0,3,1,0,2,0,1,1,1,1,0,0,0,0,4,0,1,0,5.0,162,29,5.586206896551724
0,3,3,0,0,3,0,0,0,0,0,0,0,0,1,0,6,0,5.0,362,71,5.098591549295775
1,2,2,3,1,2,2,0,2,0,1,1,1,0,1,0,5,0,4.0,38,8,4.75
1,3,2,0,0,0,0,0,1,0,2,2,0,0,1,0,6,0,5.0,561,102,5.5
0,6,3,0,1,6,0,0,0,0,2,2,2,0,1,150,0,0,2.0,656,115,5.7043478260869565
1,7,2,0,0,1,6,4,1,0,0,0,0,0,1,0,0,0,0.0,169,38,4.447368421052632
1,2,2,0,2,0,1,1,1,0,0,0,0,0,5,0,1,0,3.0,1228,239,5.138075313807532
1,2,2,0,1,0,1,0,1,0,2,2,0,0,1,0,1,0,3.0,194,33,5.878787878787879
0,4,59,0,1,2,0,0,1,1,2,2,0,1,1,350,0,0,1.0,205,38,5.394736842105263
1,4,2,0,1,0,1,0,0,0,0,2,0,0,1,0,0,1,2.0,504,97,5.195876288659794
1,1,11,50,0,1,2,0,1,1,1,1,1,0,1,0,5,2,11.0,1566,297,5.2727272727272725
1,62,9,0,0,0,1,1,1,0,2,2,0,0,1,0,0,0,2.0,36,5,7.2
1,60,33,0,0,2,2,0,1,2,2,2,2,0,1,350,5,0,3.0,644,111,5.801801801801802
0,2,1,0,1,2,0,0,1,1,2,2,0,0,1,0,0,0,7.0,325,60,5.416666666666667
1,1,2,0,1,0,2,0,1,0,0,0,0,0,1,0,9,0,1.0,401,77,5.207792207792208
1,36,2,0,0,0,1,0,1,0,0,0,0,1,1,0,0,0,3.0,449,84,5.345238095238095
0,24,7,0,1,0,1,0,1,2,2,2,1,0,1,350,0,0,13.0,483,87,5.551724137931035
1,0,2,0,1,1,0,0,0,0,0,0,0,0,4,0,9,0,5.0,46,7,6.571428571428571
0,2,3,0,1,0,3,1,0,0,0,2,0,0,1,0,0,0,1.0,326,71,4.591549295774648
1,6,2,3,1,1,2,0,1,0,0,0,0,0,1,50,0,0,1.0,1,1,1.0
0,3,3,0,1,0,2,0,1,1,0,0,0,0,1,0,0,0,1.0,194,37,5.243243243243243
1,96,34,24,1,5,2,0,0,1,2,2,1,0,1,0,0,0,2.0,443,67,6.611940298507463
0,2,3,0,1,3,0,0,0,0,1,1,1,0,1,0,0,0,5.0,775,145,5.344827586206897
0,7,1,0,1,0,5,1,1,1,2,2,0,0,2,50,6,0,2.0,655,136,4.8161764705882355
0,36,0,0,0,0,1,1,2,1,2,2,2,0,1,0,1,0,5.0,527,99,5.3232323232323235
1,2,2,0,1,0,2,0,1,0,2,2,0,0,1,0,0,0,4.0,103,18,5.722222222222222
1,8,2,30,0,0,1,5,1,1,2,2,2,0,1,150,1,0,11.0,459,81,5.666666666666667
1,24,2,0,1,1,2,0,1,0,2,2,2,0,1,0,0,0,17.0,178,31,5.741935483870968
0,4,7,9,0,2,0,0,0,0,2,2,0,0,1,250,0,0,4.0,900,164,5.487804878048781
0,5,0,9,0,6,0,0,1,0,0,2,0,0,1,0,0,0,3.0,291,61,4.770491803278689
0,1,0,0,0,1,5,0,0,0,0,0,0,0,1,0,0,0,5.0,642,117,5.487179487179487
0,12,31,0,1,0,0,0,1,1,2,2,2,0,1,0,1,0,1.0,179,34,5.264705882352941
1,2,2,0,0,0,2,0,1,0,0,2,0,0,1,0,0,0,4.0,236,42,5.619047619047619
0,3,1,0,1,6,0,0,1,1,0,0,0,0,1,50,0,0,3.0,154,24,6.416666666666667
1,2,2,0,1,3,2,0,1,0,0,0,1,0,4,0,9,0,5.0,245,49,5.0
0,2,3,0,0,1,4,3,1,0,0,0,0,0,1,0,0,0,1.0,274,52,5.269230769230769
1,7,2,0,0,0,0,0,1,0,2,2,2,0,1,110,0,0,2.0,180,35,5.142857142857143
0,2,3,0,0,1,0,0,0,1,0,0,0,0,1,20,0,0,3.0,28,7,4.0
0,3,1,0,1,0,5,1,1,1,0,2,0,0,1,100,0,0,2.0,514,92,5.586956521739131
1,2,2,33,1,0,1,2,1,0,0,0,0,0,1,0,0,0,1.0,461,90,5.122222222222222
0,2,1,26,2,0,4,1,1,1,0,2,0,0,3,0,0,0,5.0,1209,228,5.302631578947368
0,3,3,23,1,0,5,1,0,0,2,2,0,0,1,0,3,1,7.0,39,10,3.9
0,2,3,0,1,0,1,1,0,0,0,0,0,0,2,0,0,0,2.0,188,36,5.222222222222222
1,3,2,0,1,0,1,0,2,0,2,2,0,0,1,0,0,0,2.0,73,16,4.5625
1,12,2,0,1,0,0,0,1,1,2,2,2,0,1,0,1,0,3.0,491,105,4.6761904761904765
1,8,2,0,0,1,0,0,1,0,2,2,0,0,1,0,1,0,2.0,1262,245,5.151020408163265
1,2,22,3,1,1,0,0,1,0,0,0,0,0,1,0,0,0,4.0,574,105,5.466666666666667
1,1,2,0,1,0,0,0,1,0,0,0,0,0,1,0,9,0,5.0,18,3,6.0
0,2,3,0,2,0,6,1,2,0,0,0,0,0,6,0,0,0,5.0,456,91,5.010989010989011
1,24,6,0,1,1,0,0,2,0,1,1,1,0,1,0,1,0,3.0,32,8,4.0
1,84,19,0,0,0,3,0,0,0,2,2,1,0,1,0,0,0,4.0,345,64,5.390625
1,4,14,3,1,0,2,0,1,0,2,2,0,0,1,5,0,0,2.0,16,3,5.333333333333333
1,1,2,0,0,0,2,0,1,0,0,0,0,0,3,0,9,0,2.0,134,23,5.826086956521739
1,1,2,0,1,1,2,0,1,1,0,0,0,0,2,0,0,0,5.0,143,28,5.107142857142857
1,26,2,3,0,1,2,0,2,0,2,2,2,0,1,0,0,1,6.0,44,4,11.0
1,3,2,3,0,0,0,0,1,1,2,2,0,0,1,0,0,0,1.0,14,3,4.666666666666667
1,8,14,0,0,6,2,0,2,0,2,2,0,0,1,0,1,0,3.0,115,20,5.75
1,2,2,0,2,0,1,1,0,0,0,0,0,0,8,0,0,0,8.0,250,49,5.1020408163265305
0,2,1,1,2,1,2,0,1,1,0,2,0,0,2,0,1,0,5.0,126,23,5.478260869565218
1,1,2,0,1,0,2,0,2,0,2,2,0,0,2,0,1,0,1.0,149,23,6.478260869565218
0,17,1,0,0,0,0,0,1,1,2,2,2,0,1,0,0,0,4.0,728,136,5.352941176470588
1,6,20,0,1,4,2,0,2,2,2,2,0,0,1,0,0,0,1.0,169,27,6.2592592592592595
0,12,3,0,0,1,0,0,1,0,1,1,1,0,1,0,0,0,2.0,167,32,5.21875
1,5,2,3,1,6,0,0,0,0,2,2,2,0,1,0,0,0,8.0,286,58,4.931034482758621
0,9,7,20,1,0,1,4,1,1,0,0,0,0,1,0,0,0,2.0,60,6,10.0
0,3,3,0,0,1,4,0,0,0,0,2,0,0,1,0,1,0,3.0,96,21,4.571428571428571
0,29,3,0,0,0,1,0,1,0,2,2,2,0,1,90,1,0,11.0,2050,343,5.97667638483965
0,3,3,6,0,6,0,0,0,1,2,2,0,0,1,50,0,0,3.0,190,29,6.551724137931035
0,12,1,0,1,0,5,1,1,1,2,2,2,0,1,0,0,0,2.0,183,34,5.382352941176471
1,1,2,0,1,0,2,0,0,0,0,0,0,0,1,0,0,0,1.0,109,21,5.190476190476191
0,7,3,0,2,0,1,1,1,0,0,0,0,0,6,0,0,0,10.0,465,80,5.8125
0,5,10,0,1,3,0,0,2,1,2,2,0,0,1,0,0,0,3.0,787,163,4.828220858895706
1,2,2,0,1,1,5,0,1,0,0,0,0,0,1,0,0,0,2.0,226,43,5.255813953488372
1,2,2,3,2,1,2,0,1,0,0,0,0,0,2,0,9,0,2.0,201,37,5.4324324324324325
0,4,12,0,1,5,2,0,1,0,0,0,2,0,1,0,0,0,6.0,80,15,5.333333333333333
1,1,5,3,1,1,4,0,1,0,0,2,0,0,1,0,0,0,2.0,270,45,6.0
1,1,2,3,2,0,1,3,1,0,0,0,0,0,3,0,0,0,7.0,281,57,4.9298245614035086
1,24,2,0,1,0,1,1,1,1,2,2,2,0,1,0,0,0,3.0,426,58,7.344827586206897
1,60,19,0,1,0,2,0,0,0,1,1,1,0,1,25,0,0,2.0,520,99,5.252525252525253
0,3,3,0,1,0,0,0,0,0,0,0,0,0,1,0,1,0,1.0,241,45,5.355555555555555
1,2,83,0,0,5,2,0,0,2,2,2,0,0,1,200,0,0,0.0,230,41,5.609756097560975
1,6,5,3,1,5,2,0,1,2,0,0,0,0,1,20,3,0,1.0,173,32,5.40625
1,3,2,0,0,1,0,0,1,1,2,2,0,1,1,350,5,0,4.0,1204,201,5.990049751243781
1,1,2,0,0,0,2,0,1,0,0,2,0,0,1,0,1,0,5.0,383,66,5.803030303030303
0,3,3,10,0,0,2,0,2,0,0,2,0,0,1,0,0,0,1.0,293,49,5.979591836734694
0,1,0,0,2,2,3,0,0,0,0,2,0,0,3,0,1,0,0.0,146,28,5.214285714285714
1,24,2,0,0,0,0,0,1,0,2,2,2,0,1,120,0,0,1.0,499,95,5.252631578947368
0,15,30,0,1,6,0,0,1,1,0,2,2,0,1,0,1,0,3.0,56,9,6.222222222222222
0,1,3,0,1,6,3,1,1,1,0,0,0,0,1,0,0,0,5.0,894,153,5.8431372549019605
0,3,3,0,0,0,0,0,1,0,2,2,0,0,1,50,1,0,6.0,1049,199,5.271356783919598
1,1,2,3,0,0,1,3,1,1,2,2,0,0,1,0,0,0,1.0,297,52,5.711538461538462
1,8,69,0,0,1,0,0,1,0,2,2,2,0,1,120,0,0,10.0,2812,486,5.7860082304526745
0,1,0,0,2,0,1,2,0,0,1,1,1,0,11,0,1,0,0.0,226,43,5.255813953488372
0,12,3,0,1,0,2,0,1,1,0,0,0,0,1,0,1,0,1.0,249,40,6.225
1,1,2,0,0,0,1,0,1,2,0,0,0,0,1,0,3,0,3.0,162,29,5.586206896551724
0,1,3,6,1,0,5,1,1,1,0,0,0,0,2,0,0,0,8.0,393,73,5.383561643835616
0,12,3,0,0,0,0,0,2,0,2,2,2,0,1,0,1,0,2.0,339,59,5.745762711864407
1,36,83,0,1,5,2,0,0,0,2,2,2,0,1,200,0,0,4.0,787,145,5.427586206896552
1,2,2,0,1,0,3,1,1,2,2,2,0,0,1,0,0,0,5.0,395,55,7.181818181818182
1,24,18,33,0,5,2,0,2,1,2,2,2,0,1,0,0,0,1.0,142,25,5.68
0,12,12,60,2,0,6,1,1,1,0,0,0,0,4,25,0,0,1.0,394,68,5.794117647058823
1,4,2,3,1,1,0,0,1,0,2,2,0,0,1,50,0,0,4.0,158,26,6.076923076923077
0,6,10,0,1,1,3,1,0,0,0,1,1,0,1,0,0,0,2.0,129,20,6.45
0,9,4,0,1,5,2,0,1,1,2,2,2,0,1,0,0,0,3.0,128,19,6.7368421052631575
0,5,3,0,1,0,6,1,1,0,2,2,2,0,1,0,1,0,6.0,928,174,5.333333333333333
1,12,2,0,1,0,2,0,1,1,2,2,2,0,1,0,9,0,3.0,27,4,6.75
0,3,3,0,0,3,0,0,1,0,0,2,0,0,1,30,0,0,1.0,240,43,5.5813953488372094
1,2,2,3,0,0,1,1,1,1,2,2,0,0,1,0,0,0,5.0,12,2,6.0
0,2,3,0,1,3,2,0,1,0,2,2,0,0,1,0,0,0,9.0,203,37,5.486486486486487
0,1,4,0,1,0,1,1,1,2,0,0,0,0,1,0,0,0,4.0,162,30,5.4
1,2,39,3,1,0,1,2,1,1,2,2,0,0,1,150,1,0,6.0,928,178,5.213483146067416
0,9,1,0,0,4,2,0,0,1,0,0,0,0,1,0,1,0,4.0,100,15,6.666666666666667
0,2,10,9,2,2,2,0,1,0,0,2,0,0,2,0,0,0,1.0,529,95,5.568421052631579
0,84,7,6,1,0,5,1,1,1,1,1,2,0,1,50,0,0,3.0,486,87,5.586206896551724
1,12,2,0,0,1,2,0,1,1,2,2,2,0,1,0,0,0,2.0,94,20,4.7
1,10,2,0,0,0,1,0,1,1,2,2,0,0,1,0,1,0,1.0,238,51,4.666666666666667
1,2,2,0,1,0,1,2,1,0,0,2,0,0,1,0,0,0,1.0,512,95,5.389473684210526
1,2,2,3,1,1,2,0,2,0,0,0,0,0,1,0,1,0,5.0,317,58,5.4655172413793105
0,12,3,0,1,3,0,0,0,0,2,2,2,0,1,0,1,0,6.0,1048,212,4.943396226415095
0,2,1,0,2,0,3,1,0,1,0,0,0,0,7,0,3,0,3.0,581,113,5.1415929203539825
0,3,3,23,1,0,5,1,1,0,0,2,0,0,1,0,0,0,1.0,171,30,5.7
0,3,3,0,1,6,3,1,0,0,0,0,0,0,3,0,3,0,3.0,448,86,5.209302325581396
0,1,0,8,0,0,1,0,1,0,0,2,0,0,3,100,0,0,6.0,113,19,5.947368421052632
0,3,3,0,1,0,1,2,1,0,2,2,0,0,1,100,0,0,3.0,2348,446,5.26457399103139
0,7,3,0,0,0,0,0,2,0,2,2,0,0,1,0,1,0,7.0,51,7,7.285714285714286
0,3,3,8,2,0,2,0,0,0,0,1,1,0,3,0,1,0,13.0,1096,166,6.602409638554217
1,1,14,3,0,2,0,0,2,0,0,0,0,0,1,0,0,0,4.0,301,63,4.777777777777778
0,3,1,0,1,0,5,1,1,1,0,0,0,0,1,0,0,0,5.0,1327,270,4.9148148148148145
1,4,2,0,1,0,0,0,1,0,0,2,0,1,1,0,0,0,6.0,514,110,4.672727272727273
1,36,20,0,0,1,6,0,1,1,2,2,2,0,2,0,5,0,4.0,100,18,5.555555555555555
0,8,1,0,0,3,0,0,1,1,2,2,0,0,1,0,0,0,2.0,135,30,4.5
0,4,1,0,0,4,2,0,0,1,0,2,0,0,1,0,0,0,6.0,280,53,5.283018867924528
0,3,3,0,1,5,2,0,0,0,0,0,0,0,1,0,5,0,1.0,335,52,6.4423076923076925
0,1,3,0,0,6,0,0,1,0,0,0,0,0,1,0,1,0,3.0,267,48,5.5625
1,8,23,3,0,0,1,0,1,0,2,1,1,0,1,0,0,0,3.0,74,13,5.6923076923076925
1,2,2,0,1,1,0,0,1,1,0,0,0,0,1,0,3,0,3.0,155,25,6.2
0,2,1,0,1,0,3,0,1,1,0,0,0,0,1,50,0,0,6.0,598,105,5.695238095238095
1,4,2,0,1,0,5,2,1,1,2,2,0,0,1,0,0,0,5.0,692,134,5.164179104477612
0,8,12,0,0,5,2,0,1,0,1,1,1,0,1,0,1,0,1.0,439,90,4.877777777777778
1,18,33,0,1,1,6,0,1,2,1,1,0,0,1,0,0,0,1.0,623,112,5.5625
1,1,2,0,0,0,0,0,1,1,1,1,0,0,1,0,0,0,1.0,88,16,5.5
0,12,10,0,0,1,4,0,1,0,2,2,2,0,1,0,3,0,1.0,696,139,5.0071942446043165
1,3,2,31,0,0,1,0,1,1,2,2,0,0,1,0,0,0,5.0,14,3,4.666666666666667
0,2,3,0,1,0,5,1,1,0,0,2,0,0,1,0,0,0,2.0,83,15,5.533333333333333
1,1,2,0,1,0,0,0,1,1,0,0,0,0,1,0,0,0,11.0,410,75,5.466666666666667
1,16,2,0,1,1,4,0,1,0,2,2,2,0,1,0,0,0,6.0,632,123,5.138211382113822
1,10,2,3,1,5,2,0,1,1,0,1,1,0,1,0,0,0,1.0,29,5,5.8
0,2,3,0,1,0,0,0,1,0,0,2,0,0,1,0,2,0,3.0,180,32,5.625
0,2,3,0,2,4,3,1,1,0,0,2,0,0,3,0,1,0,2.0,175,25,7.0
1,3,2,0,0,1,2,0,1,0,0,2,0,0,1,0,0,0,3.0,420,82,5.121951219512195
0,24,10,0,0,0,0,0,3,1,2,2,0,0,1,0,0,0,4.0,300,58,5.172413793103448
0,4,3,0,2,0,5,1,0,0,2,2,1,0,2,0,0,0,2.0,63,9,7.0
0,4,3,9,2,0,0,0,0,0,0,0,0,0,3,0,0,0,2.0,88,15,5.866666666666666
1,2,2,0,0,0,2,0,1,0,0,2,0,0,1,0,1,0,1.0,109,22,4.954545454545454
1,2,14,0,1,0,2,0,2,0,1,1,1,0,1,0,0,0,5.0,118,22,5.363636363636363
1,2,2,0,0,1,4,1,1,1,0,0,0,0,1,0,3,0,5.0,134,26,5.153846153846154
0,1,3,0,1,5,2,0,0,0,0,2,0,0,1,0,1,0,1.0,244,48,5.083333333333333
1,1,2,0,1,0,1,0,1,1,0,0,0,0,1,0,0,0,2.0,64,14,4.571428571428571
0,2,1,9,2,0,1,1,0,1,0,0,0,0,2,0,9,0,5.0,369,63,5.857142857142857
1,1,2,0,1,1,4,1,1,1,0,0,0,0,1,0,3,0,0.0,265,47,5.638297872340425
0,2,3,0,1,0,5,1,0,0,0,0,0,0,1,0,0,0,8.0,394,74,5.324324324324325
1,1,2,0,2,0,1,1,2,0,0,0,0,0,4,0,1,0,3.0,420,78,5.384615384615385
1,6,21,0,1,1,4,1,2,1,2,2,0,0,1,499,1,0,3.0,187,33,5.666666666666667
1,1,2,3,1,0,0,0,1,0,0,0,0,0,1,0,0,0,5.0,290,62,4.67741935483871
1,1,2,0,0,0,1,0,1,2,0,0,0,0,1,0,3,0,2.0,112,22,5.090909090909091
1,4,2,0,0,1,2,0,2,1,2,2,0,0,1,0,0,0,1.0,468,83,5.63855421686747
0,2,0,9,2,0,6,1,1,0,0,0,0,0,2,0,0,0,4.0,806,153,5.26797385620915
0,2,10,22,0,1,4,0,0,0,0,0,0,0,1,0,1,0,4.0,235,45,5.222222222222222
1,2,2,0,1,1,4,0,1,0,2,2,0,0,2,0,1,0,15.0,20,3,6.666666666666667
0,4,1,0,1,0,0,0,1,1,0,0,0,0,1,0,1,0,3.0,52,11,4.7272727272727275
1,3,2,0,1,1,3,0,1,0,0,2,0,0,1,0,0,0,1.0,51,8,6.375
1,2,2,0,0,0,1,0,1,0,2,2,0,0,1,0,0,0,5.0,285,49,5.816326530612245
1,5,2,0,0,1,4,0,0,0,2,2,2,0,1,10,1,0,3.0,77,12,6.416666666666667
1,3,2,0,0,1,4,1,1,0,2,2,0,0,1,0,0,0,3.0,110,20,5.5
1,120,9,0,0,3,0,0,0,1,1,1,1,0,1,0,0,0,2.0,664,126,5.26984126984127
0,84,108,0,1,1,6,0,1,2,2,2,2,0,1,0,0,0,2.0,96,19,5.052631578947368
0,3,1,0,0,5,2,0,0,1,0,2,0,0,1,0,0,6,28.0,1021,207,4.932367149758454
0,3,4,6,0,3,2,0,1,2,0,0,0,0,2,0,1,0,5.0,519,102,5.088235294117647
0,5,1,16,1,0,0,0,0,1,2,2,2,0,1,0,1,0,2.0,425,77,5.51948051948052
1,12,2,33,0,0,1,1,1,0,2,2,2,0,1,0,0,0,3.0,306,61,5.016393442622951
0,5,0,0,1,1,3,0,0,0,0,0,0,0,1,0,0,0,2.0,44,10,4.4
0,48,7,0,1,3,2,0,1,2,2,2,1,0,1,300,1,0,2.0,293,60,4.883333333333334
1,3,2,0,0,2,2,0,1,0,2,2,0,0,1,0,0,0,1.0,280,51,5.490196078431373
1,1,2,0,2,0,1,0,1,0,0,0,0,0,4,0,5,0,1.0,196,39,5.0256410256410255
1,3,2,3,1,0,1,0,1,1,2,2,0,0,1,0,0,2,2.0,199,37,5.378378378378378
1,2,2,0,1,1,0,0,1,0,0,0,0,0,1,0,0,0,3.0,208,44,4.7272727272727275
1,2,2,0,1,0,1,0,0,0,0,2,0,0,1,0,1,0,6.0,405,72,5.625
1,2,2,0,1,0,1,1,1,1,2,2,0,0,1,0,0,0,1.0,100,18,5.555555555555555
1,2,2,0,0,1,2,0,1,1,2,2,0,0,1,0,0,0,3.0,310,61,5.081967213114754
0,3,1,0,2,1,4,3,1,1,0,0,0,0,4,0,1,0,2.0,296,49,6.040816326530612
1,108,14,0,0,4,2,0,2,0,0,2,2,0,2,0,0,0,2.0,150,29,5.172413793103448
1,32,20,0,1,4,2,0,2,2,2,2,0,0,1,0,1,0,1.0,182,34,5.352941176470588
1,1,11,0,1,1,2,0,1,0,0,0,0,0,1,0,0,0,5.0,677,133,5.090225563909774
1,2,2,0,1,1,0,0,1,0,1,1,0,0,1,0,0,0,1.0,127,22,5.7727272727272725
1,8,2,0,1,1,0,0,1,0,2,2,2,0,1,0,0,0,4.0,895,177,5.056497175141243
1,36,2,0,1,1,2,0,1,0,2,2,2,0,1,0,0,0,1.0,479,92,5.206521739130435
0,3,1,0,2,4,0,0,1,1,0,0,0,0,2,0,0,0,5.0,262,48,5.458333333333333
0,12,3,0,1,0,0,0,1,1,2,0,2,0,1,0,6,0,5.0,58,9,6.444444444444445
1,12,2,3,1,1,0,0,1,0,2,2,2,0,1,0,0,0,1.0,790,151,5.231788079470198
1,3,2,0,1,0,0,0,1,1,2,2,0,0,2,0,0,0,10.0,24,3,8.0
0,2,1,0,0,0,0,0,0,1,0,0,0,0,1,0,0,0,5.0,31,10,3.1
0,3,3,9,0,6,3,1,1,0,0,2,0,0,1,30,0,0,1.0,157,27,5.814814814814815
1,24,28,3,0,1,0,0,1,0,1,1,0,0,1,0,0,0,4.0,433,81,5.345679012345679
1,15,2,0,0,1,2,0,1,0,2,2,2,0,1,0,0,0,1.0,59,14,4.214285714285714
0,2,3,0,0,0,0,0,1,0,2,2,0,0,1,0,0,0,3.0,56,8,7.0
1,2,2,0,1,1,2,0,1,0,2,2,0,0,1,0,0,0,2.0,116,19,6.105263157894737
1,1,2,3,2,0,1,5,2,0,2,2,0,0,7,0,0,5,30.0,347,53,6.547169811320755
0,2,3,20,0,1,3,0,0,0,0,0,0,0,1,0,5,0,2.0,269,50,5.38
0,1,3,0,1,0,1,0,0,0,0,0,0,0,1,0,8,0,1.0,228,38,6.0
1,3,2,0,1,0,2,0,1,0,0,2,0,0,1,0,0,0,2.0,333,58,5.741379310344827
1,2,2,0,2,1,3,0,1,1,0,0,0,0,3,0,6,0,3.0,317,63,5.031746031746032
1,3,2,3,0,4,0,0,1,0,2,2,0,0,1,0,1,0,2.0,23,5,4.6
1,4,2,0,0,0,2,0,1,0,2,2,0,0,1,0,0,0,1.0,142,24,5.916666666666667
0,32,36,44,0,0,1,1,1,1,1,1,1,0,1,0,1,0,1.0,434,83,5.228915662650603
1,3,2,3,1,0,2,0,1,0,2,2,0,0,1,0,0,0,2.0,149,29,5.137931034482759
1,5,2,0,0,1,4,1,1,0,2,2,2,0,2,0,0,1,20.0,356,60,5.933333333333334
0,1,3,0,1,1,6,4,1,0,0,0,0,0,1,0,8,0,3.0,329,59,5.576271186440678
1,24,2,7,2,1,5,2,1,0,0,0,2,0,4,8,0,0,4.0,784,141,5.560283687943262
0,9,12,0,0,6,0,0,0,1,0,0,0,0,1,0,0,0,3.0,272,46,5.913043478260869
1,1,2,0,1,6,2,0,1,0,2,2,0,0,1,40,0,0,1.0,19,4,4.75
1,3,2,36,0,0,4,1,1,0,2,2,2,0,1,0,0,0,4.0,1046,180,5.811111111111111
0,4,3,0,1,1,4,0,1,0,0,0,2,0,1,0,0,0,2.0,116,19,6.105263157894737
1,12,2,0,1,0,2,0,1,1,0,2,2,0,1,0,0,0,10.0,315,62,5.080645161290323
1,1,21,38,1,0,1,1,0,1,0,0,0,0,1,0,0,0,1.0,136,26,5.230769230769231
0,4,3,0,1,0,1,4,0,0,2,2,0,0,2,0,0,0,8.0,499,94,5.308510638297872
0,3,3,0,0,0,2,0,1,0,0,2,0,0,1,0,0,0,2.0,220,36,6.111111111111111
1,1,2,0,0,2,0,0,1,0,0,0,0,0,1,0,0,0,9.0,845,133,6.353383458646617
1,2,2,0,0,5,2,0,1,0,0,0,0,0,1,0,1,0,4.0,206,39,5.282051282051282
0,3,10,9,1,1,4,1,1,0,0,2,0,0,1,0,0,0,6.0,604,116,5.206896551724138
1,4,2,0,1,0,2,0,1,0,2,0,0,0,1,0,1,0,1.0,39,8,4.875
1,12,2,0,0,0,0,0,1,0,2,2,2,0,1,0,1,0,2.0,821,154,5.3311688311688314
1,2,8,3,2,0,5,0,1,1,0,2,0,0,3,0,1,0,3.0,384,65,5.907692307692308
1,24,5,0,1,5,2,0,1,1,1,1,1,1,1,0,0,0,0.0,235,43,5.465116279069767
1,4,2,0,1,0,1,0,1,0,0,0,0,0,1,0,0,0,1.0,31,7,4.428571428571429
1,8,2,0,1,1,2,0,1,0,2,2,2,0,1,0,1,0,1.0,531,106,5.009433962264151
0,2,1,9,1,3,0,0,1,1,2,2,0,0,1,0,0,0,2.0,93,18,5.166666666666667
0,5,12,0,1,4,5,2,1,0,1,1,0,0,1,0,0,0,2.0,137,27,5.074074074074074
1,3,11,11,1,1,0,0,1,0,2,2,0,0,1,500,5,0,1.0,92,14,6.571428571428571
1,2,2,0,0,0,2,0,1,0,0,0,0,2,2,0,1,0,2.0,225,42,5.357142857142857
0,12,3,0,1,3,0,0,1,0,0,2,2,0,1,50,0,0,4.0,117,22,5.318181818181818
1,2,2,0,1,0,2,0,1,0,2,2,0,0,1,50,0,0,30.0,1134,207,5.478260869565218
0,2,56,16,2,0,0,0,1,1,0,0,0,0,3,0,0,0,20.0,641,112,5.723214285714286
1,17,2,3,2,0,5,1,1,0,1,1,2,0,2,0,3,0,2.0,299,54,5.537037037037037
1,26,18,3,1,1,4,3,1,2,2,2,1,0,1,0,0,0,4.0,31,6,5.166666666666667
0,18,94,9,2,0,3,0,0,0,0,0,0,0,2,0,0,0,3.0,69,10,6.9
0,2,3,0,0,6,0,0,1,0,2,2,0,0,1,0,1,0,1.0,160,28,5.714285714285714
0,2,32,0,1,3,0,0,1,0,0,0,0,0,3,0,0,0,1.0,135,23,5.869565217391305
1,1,2,0,0,0,0,0,1,1,0,0,0,0,1,0,3,0,2.0,140,21,6.666666666666667
1,6,62,3,1,0,2,0,1,0,1,1,0,0,1,0,1,0,3.0,725,145,5.0
0,2,3,0,1,2,3,1,1,0,2,2,0,0,2,0,0,0,12.0,1114,199,5.597989949748744
0,2,3,26,1,1,5,0,1,0,0,2,0,0,1,0,0,0,3.0,178,33,5.393939393939394
1,4,104,3,1,1,0,0,2,2,2,2,0,0,1,0,0,0,3.0,135,22,6.136363636363637
1,2,2,0,0,0,1,0,1,0,1,1,0,0,1,0,0,0,1.0,88,16,5.5
1,5,2,0,0,2,0,0,1,1,2,2,0,0,1,0,2,0,1.0,153,29,5.275862068965517
1,3,2,0,0,1,2,0,2,1,2,2,0,0,1,0,0,0,1.0,129,28,4.607142857142857
1,9,28,3,1,0,1,0,1,0,2,2,2,0,1,0,1,0,5.0,171,29,5.896551724137931
1,21,2,113,1,6,4,0,1,1,2,0,0,0,1,0,0,0,2.0,359,76,4.723684210526316
1,2,2,0,1,2,0,0,1,0,0,0,1,0,1,0,3,0,2.0,437,85,5.141176470588236
1,60,2,3,0,1,4,1,1,1,2,2,2,0,1,0,0,0,4.0,106,15,7.066666666666666
0,1,1,0,0,2,3,1,1,1,2,2,0,0,1,0,1,0,2.0,112,18,6.222222222222222
1,2,2,0,0,0,1,4,1,0,1,1,0,0,5,0,9,0,14.0,172,30,5.733333333333333
0,1,1,0,2,0,3,1,0,0,0,0,0,0,2,0,0,0,2.0,230,44,5.2272727272727275
0,3,3,6,0,6,4,0,1,1,2,2,0,0,1,0,0,0,3.0,204,37,5.513513513513513
1,96,14,0,1,6,2,0,2,0,2,2,2,0,1,0,0,0,6.0,874,152,5.75
1,2,2,0,1,0,0,0,1,0,0,0,0,0,1,0,0,0,2.0,175,34,5.147058823529412
1,6,2,0,1,0,1,1,1,0,2,2,2,0,1,0,1,0,1.0,319,55,5.8
0,2,3,77,0,0,3,0,0,1,0,2,0,0,1,0,0,0,5.0,190,32,5.9375
1,48,23,0,0,0,1,5,2,1,2,2,0,0,1,500,0,0,5.0,169,33,5.121212121212121
0,1,3,0,0,0,3,0,0,1,0,0,0,0,1,0,0,2,9.0,645,128,5.0390625
1,3,2,0,1,1,2,0,1,0,0,0,0,0,1,0,1,0,5.0,619,118,5.245762711864407
0,2,3,0,0,1,2,0,0,0,2,2,0,0,1,50,0,0,1.0,66,12,5.5
1,2,2,0,1,4,0,0,1,0,0,0,0,0,1,20,3,0,1.0,201,32,6.28125
0,3,4,0,0,1,0,0,1,2,0,2,0,0,1,38,0,0,4.0,358,70,5.114285714285714
1,36,2,3,0,0,1,1,1,2,2,2,2,0,2,250,1,0,2.0,257,42,6.119047619047619
0,6,1,0,0,0,0,0,2,1,0,0,0,0,1,0,0,0,4.0,353,63,5.603174603174603
0,2,3,0,1,0,0,0,1,0,0,2,0,0,1,0,0,0,5.0,295,41,7.195121951219512
0,16,3,0,1,0,5,1,0,0,0,0,0,0,15,0,0,0,4.0,387,71,5.450704225352113
1,2,2,0,1,1,0,0,1,1,2,2,0,0,1,0,0,0,4.0,188,36,5.222222222222222
0,6,0,0,0,3,2,0,1,0,0,0,0,0,1,50,0,0,4.0,212,42,5.0476190476190474
1,3,23,3,0,1,2,0,1,0,2,2,0,0,1,0,1,0,4.0,139,26,5.346153846153846
0,60,0,0,0,0,1,2,3,1,2,2,2,0,3,0,1,0,4.0,212,40,5.3
1,1,2,0,1,0,1,0,1,0,0,0,0,0,3,0,0,0,7.0,248,37,6.702702702702703
1,12,2,0,1,5,2,0,0,0,2,2,2,0,1,0,0,0,3.0,510,98,5.204081632653061
1,2,14,3,1,0,1,0,1,0,1,1,0,0,1,0,0,0,3.0,74,12,6.166666666666667
0,3,1,0,0,0,3,0,1,1,0,0,0,0,1,0,1,0,2.0,170,32,5.3125
1,14,5,0,1,5,2,0,1,1,0,2,0,0,1,0,0,0,16.0,210,44,4.7727272727272725
0,5,3,6,1,1,0,0,0,0,0,0,0,0,1,0,1,0,3.0,541,112,4.830357142857143
1,2,2,0,1,1,2,0,1,0,0,0,0,0,4,0,9,0,5.0,140,20,7.0
1,24,2,0,0,2,2,0,1,0,2,2,1,0,1,0,0,0,3.0,246,44,5.590909090909091
1,4,2,0,1,0,1,0,1,0,2,2,0,0,1,0,0,0,1.0,251,50,5.02
1,9,2,0,1,0,1,0,1,0,2,2,2,0,1,0,3,0,6.0,824,149,5.530201342281879
1,36,34,0,0,0,3,1,0,0,2,2,2,0,1,300,0,1,8.0,1131,209,5.411483253588517
1,48,2,0,1,1,2,0,1,0,2,2,2,0,1,100,0,0,1.0,65,11,5.909090909090909
1,1,2,0,1,1,2,0,1,0,0,2,0,0,1,0,0,0,19.0,707,134,5.276119402985074
1,1,2,0,1,0,0,0,1,1,0,0,0,0,1,0,3,0,4.0,319,60,5.316666666666666
1,2,2,0,1,0,2,0,1,0,0,0,0,0,1,0,0,0,3.0,282,53,5.320754716981132
1,2,2,0,1,1,4,0,1,0,2,2,0,0,1,0,0,0,4.0,158,26,6.076923076923077
0,2,1,0,2,0,5,0,1,1,0,1,1,0,2,0,0,0,3.0,311,60,5.183333333333334
0,2,3,0,1,1,2,0,0,0,2,2,0,0,1,50,0,0,1.0,62,12,5.166666666666667
0,2,1,0,0,6,0,0,1,1,0,2,1,0,1,0,0,0,6.0,930,157,5.923566878980892
0,4,3,0,1,5,2,0,1,1,1,1,2,0,1,0,5,0,7.0,698,144,4.847222222222222
1,3,2,58,1,0,1,0,1,1,2,2,0,0,1,0,0,0,4.0,142,23,6.173913043478261
0,1,3,9,2,0,4,1,1,0,2,2,0,0,2,0,1,0,1.0,399,67,5.955223880597015
0,10,1,0,0,6,0,0,2,1,2,2,0,1,1,0,0,0,3.0,137,22,6.2272727272727275
1,3,2,86,1,1,0,0,1,0,0,2,0,0,1,0,1,0,10.0,497,91,5.461538461538462
1,38,11,0,0,1,0,0,0,0,2,2,2,0,1,0,0,0,2.0,151,27,5.592592592592593
0,1,92,61,1,6,4,1,1,2,1,1,1,0,1,0,0,0,3.0,54,11,4.909090909090909
1,4,2,35,1,0,1,0,1,1,0,2,0,2,1,100,6,0,0.0,302,56,5.392857142857143
1,1,2,0,1,0,1,1,1,1,0,2,0,0,1,0,0,0,2.0,12,2,6.0
1,12,9,0,0,0,1,0,0,2,1,1,1,1,1,0,5,0,5.0,478,103,4.640776699029126
0,2,4,6,0,0,1,3,1,1,0,2,0,0,1,50,0,0,6.0,938,167,5.616766467065868
1,48,2,0,1,0,1,2,1,0,2,2,2,0,2,0,1,0,2.0,1253,209,5.9952153110047846
0,14,3,8,0,1,4,0,1,0,2,0,0,0,1,0,0,0,1.0,51,7,7.285714285714286
1,3,2,0,1,0,4,1,1,1,0,0,0,0,2,0,0,0,4.0,83,18,4.611111111111111
1,24,48,0,1,1,2,0,0,0,1,1,0,0,1,0,0,0,0.0,36,5,7.2
1,10,48,0,0,0,1,0,0,0,2,2,2,0,2,50,0,0,5.0,317,62,5.112903225806452
1,5,152,3,0,1,4,0,2,0,1,1,1,0,1,0,0,0,3.0,216,39,5.538461538461538
0,48,0,0,1,5,2,0,1,0,1,1,2,0,1,0,5,0,2.0,187,36,5.194444444444445
0,6,3,0,1,4,5,1,0,0,2,2,0,0,1,0,0,0,4.0,162,30,5.4
1,1,2,3,1,0,1,0,1,0,2,2,0,0,1,0,0,0,4.0,58,13,4.461538461538462
1,2,33,3,1,0,2,0,1,0,1,2,0,0,1,0,1,0,5.0,221,38,5.815789473684211
1,2,2,0,1,1,0,0,1,0,0,0,0,0,1,0,0,0,3.0,305,54,5.648148148148148
1,4,2,11,0,0,1,0,1,0,0,0,0,0,1,0,8,0,2.0,138,29,4.758620689655173
0,4,10,9,1,0,4,3,0,0,0,2,0,0,1,0,1,0,1.0,69,13,5.3076923076923075
1,48,34,28,1,2,2,0,0,0,1,1,1,0,1,200,0,0,1.0,490,89,5.50561797752809
1,3,152,3,1,1,2,0,1,0,2,2,0,0,1,0,0,0,3.0,148,28,5.285714285714286
0,6,3,0,1,1,2,0,1,0,2,2,0,0,1,0,6,0,2.0,470,91,5.164835164835165
0,1,1,0,2,0,6,1,0,0,0,0,0,0,4,0,0,0,1.0,74,11,6.7272727272727275
1,9,19,3,0,1,2,0,0,0,2,2,0,0,1,50,1,0,4.0,509,106,4.80188679245283
0,9,31,9,0,0,0,0,1,0,2,2,2,0,1,0,1,0,4.0,168,32,5.25
1,2,2,0,1,1,4,1,1,1,0,0,0,0,4,0,0,0,5.0,79,14,5.642857142857143
1,2,2,3,0,0,1,0,1,1,0,2,0,0,1,0,0,0,3.0,12,2,6.0
1,11,2,0,1,4,2,0,1,1,2,2,2,0,1,0,0,0,2.0,73,10,7.3
1,12,2,0,0,0,0,0,1,0,2,2,0,0,1,250,0,0,3.0,127,27,4.703703703703703
0,3,3,0,0,6,0,0,1,0,0,0,0,0,1,0,1,0,1.0,236,49,4.816326530612245
1,2,140,3,2,0,1,2,1,0,2,2,0,0,6,0,1,0,5.0,371,66,5.621212121212121
1,6,13,3,1,1,0,0,0,1,2,2,2,0,1,0,0,0,4.0,146,29,5.0344827586206895
0,1,1,0,1,0,0,0,0,0,0,0,0,0,1,0,1,0,3.0,112,21,5.333333333333333
1,3,2,0,2,0,1,5,1,0,2,2,0,0,3,15,0,0,8.0,311,60,5.183333333333334
1,1,2,0,2,1,0,0,1,0,2,2,0,0,2,0,0,8,26.0,625,121,5.1652892561983474
0,2,1,0,0,0,0,0,0,1,0,2,0,0,1,0,0,0,3.0,19,3,6.333333333333333
1,4,2,3,1,0,5,1,1,0,0,0,0,0,3,0,1,0,0.0,153,26,5.884615384615385
0,3,3,0,1,1,4,1,1,0,0,2,1,0,1,0,0,0,2.0,284,44,6.454545454545454
1,4,2,0,0,1,0,0,1,0,2,2,0,0,1,0,0,0,1.0,96,18,5.333333333333333
1,4,2,0,0,0,2,0,2,1,2,2,2,0,1,0,0,0,2.0,105,22,4.7727272727272725
1,6,62,0,1,0,1,0,0,0,0,0,0,0,1,0,1,0,5.0,762,144,5.291666666666667
0,12,3,0,0,1,0,0,1,1,2,2,2,0,1,0,3,0,5.0,778,156,4.987179487179487
0,4,3,0,0,3,0,0,1,0,0,2,0,0,1,0,1,0,1.0,1624,312,5.205128205128205
1,2,2,33,0,4,4,0,1,0,0,0,0,0,1,0,0,0,2.0,462,90,5.133333333333334
1,2,2,58,2,0,1,1,1,0,2,2,0,0,2,200,0,0,2.0,256,45,5.688888888888889
0,5,7,6,1,0,1,1,2,1,0,0,0,0,1,0,1,0,4.0,618,118,5.237288135593221
1,60,34,0,1,2,2,0,1,1,2,2,2,0,1,0,3,0,2.0,89,17,5.235294117647059
1,2,2,0,1,1,2,0,1,1,0,2,0,0,1,0,3,0,2.0,483,90,5.366666666666666
1,6,2,0,1,1,2,0,1,0,0,0,0,0,1,0,1,0,0.0,62,13,4.769230769230769
1,1,2,0,1,0,1,0,1,0,2,2,0,0,1,0,0,0,5.0,244,39,6.256410256410256
1,2,2,0,2,0,1,0,1,0,0,2,0,0,5,0,0,0,1.0,194,37,5.243243243243243
1,1,2,3,2,0,1,0,1,0,0,2,0,1,3,0,0,0,5.0,519,97,5.350515463917525
1,24,48,115,1,1,2,0,0,0,1,1,1,0,1,0,0,0,4.0,271,52,5.211538461538462
1,7,114,3,1,0,1,0,1,0,2,2,2,0,1,0,0,0,4.0,448,86,5.209302325581396
0,3,1,0,0,0,2,0,0,1,2,2,0,0,1,0,0,0,2.0,1072,222,4.828828828828829
1,2,2,3,1,1,2,0,1,0,0,2,0,0,1,0,1,0,7.0,777,129,6.023255813953488
1,15,2,0,1,6,0,0,1,0,0,0,2,0,1,0,3,0,1.0,726,147,4.938775510204081
1,2,2,0,0,4,4,0,1,0,0,2,0,0,1,0,0,0,4.0,261,48,5.4375
0,2,46,0,0,4,4,0,1,1,2,2,0,0,1,0,0,0,17.0,417,75,5.56
1,132,11,0,1,1,0,0,0,1,2,2,2,0,1,0,0,0,2.0,298,55,5.418181818181818
1,1,2,0,0,0,2,0,1,1,2,2,2,0,1,0,0,0,3.0,205,41,5.0
0,1,1,0,2,0,2,0,0,1,0,0,0,0,5,0,6,0,5.0,308,45,6.844444444444444
1,2,2,0,1,2,2,0,1,0,1,1,0,0,1,0,0,0,2.0,125,22,5.681818181818182
0,2,0,9,2,4,4,0,1,0,0,0,0,0,2,0,0,0,7.0,845,149,5.671140939597316
0,1,10,9,2,3,0,0,0,1,0,2,0,0,3,0,3,0,3.0,233,36,6.472222222222222
1,6,2,0,0,0,2,0,1,0,2,2,0,0,1,0,0,0,2.0,153,30,5.1
1,3,2,0,1,1,2,0,1,0,0,2,1,0,1,0,0,0,2.0,42,7,6.0
1,1,2,3,0,1,2,0,1,1,2,2,0,0,1,0,0,0,1.0,12,2,6.0
1,48,2,7,0,0,2,0,0,1,2,1,2,1,1,0,0,0,1.0,61,12,5.083333333333333
0,12,1,0,0,0,0,0,1,1,2,2,0,0,1,0,1,0,1.0,287,58,4.948275862068965
1,1,2,0,2,1,2,0,1,0,0,0,0,0,7,0,0,0,18.0,164,29,5.655172413793103
1,2,2,0,1,0,1,1,1,0,0,0,0,0,1,20,3,0,1.0,144,25,5.76
0,12,30,0,1,1,4,1,0,0,2,2,2,0,1,0,1,0,1.0,12,2,6.0
0,3,1,0,0,0,3,0,1,1,0,2,0,0,1,0,0,0,1.0,328,59,5.559322033898305
0,2,7,0,1,4,2,0,2,2,0,2,0,0,1,750,0,0,5.0,76,14,5.428571428571429
0,6,1,0,0,4,2,0,1,1,0,0,0,0,1,50,0,0,5.0,118,22,5.363636363636363
1,4,2,0,1,0,0,0,1,0,2,2,2,0,1,0,2,0,11.0,317,45,7.044444444444444
0,2,92,1,1,2,3,1,1,2,0,2,0,0,1,0,0,0,6.0,904,161,5.614906832298137
1,15,2,0,1,1,2,0,1,1,2,2,2,0,1,0,0,0,2.0,36,6,6.0
1,1,2,0,1,0,1,0,1,0,0,0,0,0,2,0,0,0,5.0,205,36,5.694444444444445
0,1,3,0,2,0,4,0,0,0,0,0,0,0,2,50,0,0,1.0,75,11,6.818181818181818
0,8,30,0,0,4,0,0,1,0,2,2,0,0,1,50,0,0,5.0,374,67,5.582089552238806
1,2,2,0,0,0,1,0,2,0,1,1,0,0,1,0,0,0,2.0,88,17,5.176470588235294
1,3,2,0,1,0,1,0,1,0,2,2,0,0,1,0,1,0,3.0,190,35,5.428571428571429
1,5,2,0,0,0,1,0,1,0,2,2,2,0,1,0,0,0,1.0,173,31,5.580645161290323
1,42,2,0,0,1,2,0,2,0,0,0,0,1,1,0,3,0,3.0,320,63,5.079365079365079
0,2,3,0,0,0,0,0,1,0,0,2,0,0,1,0,1,0,2.0,36,5,7.2
1,2,2,3,1,0,2,0,1,1,0,2,0,0,1,0,0,0,5.0,12,2,6.0
1,12,2,0,1,1,2,0,1,0,1,1,1,0,1,0,1,0,3.0,347,66,5.257575757575758
0,7,3,0,0,5,2,0,0,0,2,2,2,0,1,30,0,0,4.0,44,7,6.285714285714286
1,2,2,3,0,0,1,0,1,1,0,2,0,0,1,0,0,0,3.0,12,2,6.0
0,36,26,0,1,0,5,1,0,0,2,2,2,0,1,0,1,0,7.0,887,173,5.127167630057803
1,18,100,11,1,6,4,1,1,1,0,2,2,0,1,100,1,0,2.0,1595,293,5.4436860068259385
1,1,2,0,2,0,1,0,1,0,0,2,0,0,2,0,0,0,4.0,128,25,5.12
1,8,2,12,0,1,0,0,2,1,2,2,2,0,1,0,0,0,3.0,127,25,5.08
0,16,4,6,0,5,2,0,2,1,0,2,2,0,2,150,12,0,3.0,189,36,5.25
0,5,36,0,1,0,4,0,0,0,0,0,0,0,1,0,0,0,1.0,87,17,5.117647058823529
1,12,2,0,0,4,2,0,1,0,0,2,0,0,1,0,2,1,6.0,1769,285,6.207017543859649
1,1,2,3,2,0,1,1,0,1,0,0,0,0,5,0,0,0,5.0,218,41,5.317073170731708
0,3,3,0,0,0,2,0,1,1,2,2,0,0,1,0,0,0,5.0,547,109,5.018348623853211
0,2,92,0,1,0,1,1,1,1,0,0,1,1,1,0,5,0,1.0,169,30,5.633333333333334
1,4,2,0,0,0,1,0,1,0,0,0,0,0,1,0,0,0,2.0,275,54,5.092592592592593
1,1,2,3,2,1,5,2,1,1,2,2,0,0,5,0,0,0,3.0,318,59,5.389830508474576
0,1,3,0,1,0,6,1,1,0,0,0,0,0,1,0,0,0,4.0,643,119,5.4033613445378155
1,3,2,0,0,0,0,0,0,0,1,1,1,0,1,0,0,0,5.0,121,25,4.84
1,2,14,3,0,4,0,0,1,0,0,2,0,0,1,0,0,0,0.0,25,4,6.25
0,2,3,0,1,0,1,1,0,0,0,2,0,0,1,0,0,1,7.0,181,36,5.027777777777778
1,36,2,33,0,5,2,0,1,0,1,2,2,0,1,0,0,0,9.0,548,115,4.765217391304348
1,3,2,0,1,5,2,0,1,1,2,2,0,0,1,0,0,0,1.0,70,14,5.0
1,17,2,0,0,0,0,0,1,0,2,2,2,0,1,0,1,0,3.0,1871,370,5.056756756756757
0,15,94,9,1,2,2,0,1,1,2,2,2,0,1,200,1,0,2.0,37,5,7.4
1,2,2,0,0,1,2,0,1,0,0,0,0,0,1,0,1,0,1.0,39,8,4.875
1,12,2,0,1,0,1,0,1,0,2,2,2,0,1,0,0,0,1.0,448,85,5.270588235294118
0,2,3,9,0,0,0,0,1,0,1,1,1,0,1,0,1,0,1.0,36,7,5.142857142857143
0,4,3,0,0,2,0,0,1,1,1,2,1,0,1,0,1,0,1.0,54,9,6.0
0,1,30,0,0,0,3,1,1,0,0,0,0,0,4,0,0,0,8.0,259,43,6.023255813953488
0,2,3,0,0,3,2,0,1,0,0,0,0,0,1,0,1,0,5.0,329,69,4.768115942028985
1,1,2,3,1,1,2,0,1,0,0,0,0,0,1,0,0,2,14.0,55,11,5.0
0,3,10,9,1,1,4,0,0,0,0,0,0,0,1,0,0,0,1.0,106,21,5.0476190476190474
1,36,9,28,1,0,1,1,1,2,1,1,1,0,1,0,0,0,3.0,73,10,7.3
1,48,83,0,1,2,0,0,0,2,2,2,1,0,1,299,0,0,2.0,268,54,4.962962962962963
1,2,2,0,0,4,2,0,1,0,2,2,0,0,1,0,0,0,1.0,105,21,5.0
0,2,10,9,0,1,2,0,0,0,2,0,0,0,1,0,10,0,2.0,15,3,5.0
0,1,24,0,1,0,1,1,0,1,0,0,0,0,1,0,0,1,2.0,171,31,5.516129032258065
1,1,5,3,1,0,1,0,1,0,0,2,0,0,1,0,0,0,2.0,281,47,5.9787234042553195
0,2,3,0,0,3,2,0,1,0,0,2,0,0,1,0,1,0,3.0,213,38,5.605263157894737
1,6,19,0,1,0,0,0,0,2,2,2,0,0,1,0,1,0,1.0,5,1,5.0
